election_cycle,race_type,name_incumbent,name_challenger,name_third,us_state_fips,tipping,vpi,win_state_incumbent,win_state_challenger,win_state_third,win_ec_if_win_state_incumbent,win_ec_if_win_state_challenger,win_state_if_win_ec_incumbent,win_state_if_win_ec_challenger,voteshare_incumbent,voteshare_challenger,voteshare_third,voteshare_other,voteshare_lo_incumbent,voteshare_lo_challenger,voteshare_lo_third,voteshare_lo_other,voteshare_hi_incumbent,voteshare_hi_challenger,voteshare_hi_third,voteshare_hi_other,margin,margin_lo,margin_hi,model,date_modeled,simulation_timestamp,simulation_count
2020,President,Trump,Biden,,56,1.25e-05,0.0065064,0.9984,0.0016,,0.2198518,0.9375,0.9995446,0.0019337,68.37659,28.30452,,3.318886,61.87661,22.01945,,1.737946,74.82494,34.64845,,5.149671,40.07207,27.41333,52.65823,1,2020-09-28,22:13:03 28 Sep 2020,40000
2020,President,Trump,Biden,,28,0.0026125,0.3066698,0.867375,0.132625,,0.2434068,0.9351555,0.9614071,0.1598827,55.44445,43.76191,,0.7936359,48.56087,36.98082,,0.4332751,62.23018,50.65363,,1.200413,11.68254,-2.103315,25.24684,1,2020-09-28,22:13:03 28 Sep 2020,40000
2020,President,Trump,Biden,,26,0.097625,2.749628,0.145825,0.854175,,0.92491,0.8955425,0.6141849,0.9861098,46.0004,52.90542,,1.094179,41.80602,48.69097,,0.5924348,50.21435,57.10231,,1.664067,-6.905012,-15.27934,1.505642,1,2020-09-28,22:13:03 28 Sep 2020,40000
2020,President,Trump,Biden,,25,0.000325,0.0136235,0.001525,0.998475,,0.6229508,0.7763339,0.004326,0.9992588,33.13154,65.30103,,1.567436,27.45307,59.48658,,0.8402524,38.91765,71.00125,,2.398669,-32.16948,-43.51275,-20.58212,1,2020-09-28,22:13:03 28 Sep 2020,40000
2020,President,Trump,Biden,,24,0.0002125,0.0105741,0.001175,0.998825,,0.5957447,0.776162,0.0031876,0.9993877,35.08734,63.53606,,1.376593,30.44753,58.80039,,0.7406565,39.80991,68.17676,,2.101932,-28.44872,-37.71402,-19.02894,1,2020-09-28,22:13:03 28 Sep 2020,40000
2020,President,Trump,Biden,,23,0.0019625,0.3709233,0.117475,0.882525,,0.667376,0.8349339,0.3570127,0.9498856,43.29688,55.20606,,1.49706,36.8259,48.7303,,0.8037502,49.78629,61.70247,,2.289033,-11.90918,-24.88519,1.04122,1,2020-09-28,22:13:03 28 Sep 2020,40000
2020,President,Trump,Biden,,22,0.001875,0.1311701,0.90765,0.09235,,0.2379497,0.959935,0.9834927,0.1142802,56.20805,42.916,,0.8759465,49.81794,36.56118,,0.4770314,62.55865,49.29477,,1.327164,13.29206,0.5101719,26.01487,1,2020-09-28,22:13:03 28 Sep 2020,40000
2020,President,Trump,Biden,,21,0.000125,0.0097651,0.985475,0.014525,,0.222583,0.9827883,0.9988616,0.0184021,59.74184,39.07322,,1.184949,54.26468,33.62094,,0.6401826,65.20334,44.56307,,1.804752,20.66862,9.709482,31.53,1,2020-09-28,22:13:03 28 Sep 2020,40000
2020,President,Trump,Biden,,20,5e-05,0.0064627,0.936875,0.063125,,0.2341294,0.9960396,0.9988616,0.0810532,54.66929,43.47872,,1.851988,50.0084,38.84991,,0.9880065,59.3342,48.14088,,2.842952,11.19057,1.930174,20.4456,1,2020-09-28,22:13:03 28 Sep 2020,40000
2020,President,Trump,Biden,,19,0.005275,0.4795085,0.6282,0.3718,,0.3483365,0.9978483,0.9964709,0.4782623,50.52365,48.12889,,1.347451,45.70483,43.29071,,0.7254065,55.35037,52.943,,2.056696,2.394761,-7.210749,12.07631,1,2020-09-28,22:13:03 28 Sep 2020,40000
2020,President,Trump,Biden,,18,0.0001125,0.0054287,0.965025,0.034975,,0.2274812,0.9978556,0.9996585,0.0449902,55.9793,42.64449,,1.376217,51.38943,38.07199,,0.7404596,60.55543,47.22831,,2.101346,13.33481,4.188417,22.46078,1,2020-09-28,22:13:03 28 Sep 2020,40000
2020,President,Trump,Biden,,17,0.000825,0.0213363,0.0074,0.9926,,0.9695946,0.7812815,0.032673,0.99971,41.27475,57.21248,,1.512776,37.3295,53.19774,,0.8117769,45.25531,61.17025,,2.313504,-15.93773,-23.78738,-7.978889,1,2020-09-28,22:13:03 28 Sep 2020,40000
2020,President,Trump,Biden,,15,0.0004875,0.1599715,0.0102,0.9898,,0.4656863,0.7782633,0.0216302,0.9930388,32.49462,65.70423,,1.801144,24.72995,57.77253,,0.9616704,40.42916,73.4825,,2.763484,-33.20961,-48.75637,-17.38339,1,2020-09-28,22:13:03 28 Sep 2020,40000
2020,President,Trump,Biden,,13,0.0173875,0.5729703,0.639425,0.360575,,0.3358095,0.9860639,0.9778005,0.4583454,50.68079,48.49656,,0.8226554,46.6614,44.46423,,0.4487078,54.71342,52.49968,,1.24507,2.184225,-5.850554,10.23526,1,2020-09-28,22:13:03 28 Sep 2020,40000
2020,President,Trump,Biden,,12,0.109975,1.536013,0.421625,0.578375,,0.5024607,0.9863411,0.9647086,0.7354088,48.95816,50.25632,,0.7855172,44.53996,45.85265,,0.4289578,53.36628,54.67309,,1.187914,-1.298167,-10.10469,7.51194,1,2020-09-28,22:13:03 28 Sep 2020,40000
2020,President,Trump,Biden,,11,0.0,0.0,0.0,1.0,,,0.775725,0.0,1.0,5.808582,90.73055,,3.460875,3.267596,87.39989,,1.809635,8.52949,93.82818,,5.37418,-84.92196,-90.33917,-79.20225,1,2020-09-28,22:13:03 28 Sep 2020,40000
2020,President,Trump,Biden,,10,5e-05,0.0146618,0.00095,0.99905,,0.9473684,0.7764126,0.0040984,0.9999356,38.54663,60.32817,,1.125202,34.52158,56.22142,,0.6087656,42.63764,64.36708,,1.712126,-21.78155,-29.80546,-13.60056,1,2020-09-28,22:13:03 28 Sep 2020,40000
2020,President,Trump,Biden,,09,0.0009375,0.0833126,0.00915,0.99085,,0.8852459,0.781854,0.0368852,0.9986787,39.99731,59.0836,,0.9190802,35.16243,54.17131,,0.4999182,44.91008,63.93172,,1.393726,-19.08629,-28.75847,-9.270077,1,2020-09-28,22:13:03 28 Sep 2020,40000
2020,President,Trump,Biden,,08,0.0299125,1.452431,0.12475,0.87525,,0.764529,0.8533562,0.4343124,0.9628412,44.61261,53.4795,,1.9079,39.67773,48.50352,,1.016936,49.58311,58.39532,,2.930292,-8.866892,-18.67926,1.01927,1,2020-09-28,22:13:03 28 Sep 2020,40000
2020,President,Trump,Biden,,06,0.001725,0.0171273,0.001725,0.998275,,0.6376812,0.7764644,0.0050091,0.9992265,33.89621,64.19423,,1.909554,28.65868,58.8632,,1.017792,39.18372,69.47816,,2.932874,-30.29802,-40.78302,-19.72093,1,2020-09-28,22:13:03 28 Sep 2020,40000
2020,President,Trump,Biden,,05,0.0005625,0.0707738,0.943375,0.056625,,0.2316947,0.9810154,0.9953324,0.0716104,56.55308,41.84669,,1.600225,50.71441,36.08237,,0.8573166,62.30173,47.64958,,2.449863,14.70639,3.052988,26.20397,1,2020-09-28,22:13:03 28 Sep 2020,40000
2020,President,Trump,Biden,,04,0.0551625,2.784649,0.364475,0.635525,,0.5140956,0.9463829,0.8532559,0.7753392,48.05169,50.62957,,1.318748,43.20462,45.71745,,0.7103756,52.96783,55.48744,,2.012192,-2.57788,-12.23904,7.229113,1,2020-09-28,22:13:03 28 Sep 2020,40000
2020,President,Trump,Biden,,02,0.0020625,0.931384,0.787575,0.212425,,0.2694664,0.9645757,0.9664162,0.26414,52.74314,45.00069,,2.256164,46.29204,38.70777,,1.196466,59.07074,51.4402,,3.475477,7.742449,-5.069212,20.29844,1,2020-09-28,22:13:03 28 Sep 2020,40000
2020,President,Trump,Biden,,01,0.0005375,0.0356087,0.973025,0.026975,,0.224763,0.9666358,0.9959016,0.0336137,58.67462,40.52463,,0.8007501,53.00213,34.90754,,0.4370571,64.28598,46.1772,,1.211367,18.15,6.839792,29.36053,1,2020-09-28,22:13:03 28 Sep 2020,40000
2020,President,Trump,Biden,,55,0.096575,4.497627,0.187275,0.812725,,0.865572,0.9250669,0.7381603,0.9691901,46.49275,52.55109,,0.9561612,42.16998,48.15498,,0.5195512,50.88215,56.88431,,1.450979,-6.058331,-14.69305,2.700523,1,2020-09-28,22:13:03 28 Sep 2020,40000
2020,President,Trump,Biden,,27,0.03615,1.680941,0.12315,0.87685,,0.8654081,0.8661402,0.4853142,0.9790518,45.32225,53.15015,,1.527608,40.99442,48.78368,,0.8195074,49.67239,57.49278,,2.336586,-7.827902,-16.47755,0.8760777,1,2020-09-28,22:13:03 28 Sep 2020,40000
2020,President,Trump,Biden,,16,1.25e-05,0.0023518,0.996325,0.003675,,0.2203347,0.9795918,0.9996585,0.0046408,62.00213,35.10043,,2.897442,56.39852,29.63997,,1.524162,67.53607,40.64397,,4.48461,26.90171,15.84286,37.76349,1,2020-09-28,22:13:03 28 Sep 2020,40000
2020,President,Trump,Biden,,29,0.0006,0.0295418,0.909025,0.090975,,0.241055,0.9947788,0.9978369,0.1166651,54.28896,44.31402,,1.397013,49.49854,39.52979,,0.7513354,59.09178,49.09153,,2.133673,9.974941,0.4158916,19.54806,1,2020-09-28,22:13:03 28 Sep 2020,40000
2020,President,Trump,Biden,,41,0.007425,0.4996932,0.0743,0.9257,,0.6493943,0.8100086,0.2197177,0.9666119,42.09683,55.50087,,2.402303,36.19841,49.60037,,1.271459,48.00056,61.40924,,3.70523,-13.40404,-25.1016,-1.67832,1,2020-09-28,22:13:03 28 Sep 2020,40000
2020,President,Trump,Biden,,30,0.0010375,0.2845003,0.871325,0.128675,,0.2493616,0.9805712,0.9894125,0.1626543,54.19191,43.66137,,2.146731,48.14582,37.6573,,1.140219,60.21421,49.67934,,3.303855,10.53054,-1.464441,22.49402,1,2020-09-28,22:13:03 28 Sep 2020,40000
2020,President,Trump,Biden,,53,0.0017125,0.0694015,0.010975,0.989025,,0.6218679,0.7801875,0.0310792,0.9947146,37.17587,60.66284,,2.161292,31.40283,54.86986,,1.147721,42.96024,66.4603,,3.326665,-23.48698,-34.99564,-11.9606,1,2020-09-28,22:13:03 28 Sep 2020,40000
2020,President,Trump,Biden,,51,0.014925,0.5032979,0.042825,0.957175,,0.9404553,0.8078982,0.1834016,0.9968739,44.08809,54.88919,,1.022719,40.16261,50.93096,,0.5547405,48.04251,58.81684,,1.553591,-10.8011,-18.63852,-2.928402,1,2020-09-28,22:13:03 28 Sep 2020,40000
2020,President,Trump,Biden,,50,0.000325,0.1477156,0.01455,0.98545,,0.5292096,0.7802273,0.0350638,0.9911696,33.74928,63.3691,,2.881618,26.23151,55.63833,,1.516113,41.44403,70.90784,,4.459648,-29.61982,-44.48744,-14.33163,1,2020-09-28,22:13:03 28 Sep 2020,40000
2020,President,Trump,Biden,,49,0.0005625,0.0655304,0.965125,0.034875,,0.2266805,0.9763441,0.9962432,0.0438944,56.99981,39.79211,,3.208088,51.11855,34.01265,,1.681869,62.85677,45.61367,,4.974747,17.2077,5.686605,28.6767,1,2020-09-28,22:13:03 28 Sep 2020,40000
2020,President,Trump,Biden,,48,0.014825,0.2212273,0.715575,0.284425,,0.3061873,0.9982421,0.9977232,0.3660125,51.43856,47.56022,,1.001218,47.01922,43.16347,,0.5433792,55.83883,51.97041,,1.520495,3.878343,-4.951719,12.6476,1,2020-09-28,22:13:03 28 Sep 2020,40000
2020,President,Trump,Biden,,47,0.0008,0.0426323,0.962425,0.037575,,0.2273943,0.9793746,0.9965847,0.0474395,57.60021,41.31326,,1.086528,51.99261,35.74148,,0.588405,63.18842,46.91771,,1.652219,16.28695,5.101913,27.43711,1,2020-09-28,22:13:03 28 Sep 2020,40000
2020,President,Trump,Biden,,46,0.00015,0.0535212,0.97375,0.02625,,0.2250064,0.9790476,0.9977232,0.0331303,59.49518,39.04942,,1.455404,53.15548,32.74878,,0.7818439,65.82193,45.39289,,2.224327,20.44576,7.754898,33.04982,1,2020-09-28,22:13:03 28 Sep 2020,40000
2020,President,Trump,Biden,,45,0.0014125,0.0918339,0.8907,0.1093,,0.2459582,0.9951967,0.9976093,0.1402237,53.87912,45.26122,,0.8596606,49.37129,40.75736,,0.4683813,58.37074,49.75417,,1.30204,8.617893,-0.3666267,17.60167,1,2020-09-28,22:13:03 28 Sep 2020,40000
2020,President,Trump,Biden,,44,0.000125,0.0376015,0.008275,0.991725,,0.8640484,0.7810633,0.0325592,0.9985498,37.48875,61.10475,,1.406509,31.73463,55.28016,,0.7562997,43.30893,66.87231,,2.148438,-23.616,-35.11714,-11.97468,1,2020-09-28,22:13:03 28 Sep 2020,40000
2020,President,Trump,Biden,,42,0.3140375,7.110785,0.222325,0.777675,,0.8488699,0.9567621,0.8594034,0.9591672,47.29244,51.98175,,0.7258044,43.30681,47.94939,,0.3971577,51.31496,55.96528,,1.096125,-4.689314,-12.6469,3.363077,1,2020-09-28,22:13:03 28 Sep 2020,40000
2020,President,Trump,Biden,,54,0.000125,0.0256689,0.99365,0.00635,,0.2207769,0.9645669,0.9989754,0.0078958,66.07579,32.12656,,1.797646,59.03384,25.17657,,0.9598571,73.04975,39.10247,,2.758016,33.94923,19.96044,47.81602,1,2020-09-28,22:13:03 28 Sep 2020,40000
2020,President,Trump,Biden,,40,5e-05,0.0045862,0.994,0.006,,0.2206992,0.9625,0.9989754,0.0074446,62.69963,36.10006,,1.200316,57.17637,30.58973,,0.6482502,68.21674,41.62373,,1.828576,26.59957,15.60753,37.57962,1,2020-09-28,22:13:03 28 Sep 2020,40000
2020,President,Trump,Biden,,39,0.04585,1.147454,0.48575,0.51425,,0.4476583,0.9956733,0.9902095,0.6600599,49.37964,49.62893,,0.9914257,44.99749,45.24921,,0.5382035,53.76257,54.00016,,1.505403,-0.2492886,-8.979761,8.501596,1,2020-09-28,22:13:03 28 Sep 2020,40000
2020,President,Trump,Biden,,38,0.0,0.0,0.9917,0.0083,,0.2213119,0.9849398,0.9994308,0.0105385,60.70217,36.66855,,2.629275,55.04698,31.11056,,1.387582,66.30554,42.28331,,4.061964,24.03362,12.80743,35.0895,1,2020-09-28,22:13:03 28 Sep 2020,40000
2020,President,Trump,Biden,,37,0.0466125,1.325291,0.46235,0.53765,,0.4566886,0.9835395,0.961521,0.6816849,49.33449,49.89059,,0.7749186,45.14124,45.64727,,0.4233196,53.56824,54.08197,,1.171601,-0.5561035,-8.928848,7.899166,1,2020-09-28,22:13:03 28 Sep 2020,40000
2020,President,Trump,Biden,,36,0.0004875,0.0087448,0.000625,0.999375,,0.88,0.7761351,0.0025046,0.9999033,36.48165,62.47525,,1.0431,32.09562,58.02528,,0.5655072,40.9373,66.87369,,1.585037,-25.99361,-34.75573,-17.09577,1,2020-09-28,22:13:03 28 Sep 2020,40000
2020,President,Trump,Biden,,35,0.0081875,1.43239,0.05145,0.94855,,0.8202138,0.8084444,0.1921676,0.9885591,42.55796,55.59203,,1.850012,37.48844,50.50364,,0.9869832,47.6088,60.67222,,2.839862,-13.03406,-23.11848,-2.92819,1,2020-09-28,22:13:03 28 Sep 2020,40000
2020,President,Trump,Biden,,34,0.006775,0.2468344,0.023975,0.976025,,0.6506778,0.7863016,0.0710383,0.9893326,40.47594,58.69213,,0.8319298,34.99199,53.22136,,0.4536409,45.96549,64.18176,,1.259315,-18.2162,-29.18244,-7.274319,1,2020-09-28,22:13:03 28 Sep 2020,40000
2020,President,Trump,Biden,,33,0.0231625,4.283207,0.261625,0.738375,,0.6122313,0.9149145,0.7293944,0.8708627,46.31404,52.61884,,1.067122,39.84589,46.15526,,0.5781796,52.7743,59.06574,,1.622175,-6.304801,-19.2246,6.585281,1,2020-09-28,22:13:03 28 Sep 2020,40000
2020,President,Trump,Biden,,32,0.033325,3.859591,0.179675,0.820325,,0.7712536,0.8968092,0.6310337,0.9483709,46.0363,52.3521,,1.611601,41.51036,47.81773,,0.8632345,50.57723,56.87041,,2.467632,-6.315802,-15.31576,2.711159,1,2020-09-28,22:13:03 28 Sep 2020,40000
2020,President,Trump,Biden,,31,2.5e-05,0.0046346,0.98935,0.01065,,0.2218881,0.9929578,0.9996585,0.0136324,58.34,39.86388,,1.796111,53.59584,35.19295,,0.9575921,63.00603,44.62018,,2.749655,18.47612,9.023529,27.75512,1,2020-09-28,22:13:03 28 Sep 2020,40000
2020,President,Trump,Biden,,22,0.001925,0.1392,0.90515,0.09485,,0.2390212,0.9633632,0.9847519,0.117812,56.14355,42.97931,,0.8771431,49.72432,36.62036,,0.477127,62.50998,49.38901,,1.328294,13.16423,0.3268166,25.87523,1,2020-09-27,20:00:04 27 Sep 2020,40000
2020,President,Trump,Biden,,18,0.00025,0.0122688,0.96235,0.03765,,0.2281914,0.997344,0.9995449,0.0484141,55.90822,42.71442,,1.377361,51.28263,38.11491,,0.7403718,60.52066,47.31718,,2.102057,13.19379,3.992805,22.3788,1,2020-09-27,20:00:04 27 Sep 2020,40000
2020,President,Trump,Biden,,19,0.0050375,0.454211,0.623825,0.376175,,0.3506593,0.9973417,0.9956759,0.4837223,50.48635,48.16592,,1.347731,45.6215,43.32417,,0.7248808,55.32875,53.02378,,2.056083,2.320438,-7.38633,11.97757,1,2020-09-27,20:00:04 27 Sep 2020,40000
2020,President,Trump,Biden,,20,0.00015,0.0176648,0.93375,0.06625,,0.2351807,0.9984906,0.9995449,0.0852888,54.60102,43.54528,,1.853698,49.89278,38.89606,,0.9879789,59.27247,48.23409,,2.843523,11.05575,1.681955,20.32033,1,2020-09-27,20:00:04 27 Sep 2020,40000
2020,President,Trump,Biden,,21,0.0001,0.007647,0.98515,0.01485,,0.2228341,0.986532,0.9992034,0.0188886,59.70475,39.1099,,1.18535,54.20007,33.61936,,0.6397783,65.19174,44.61855,,1.804698,20.59485,9.597555,31.52302,1,2020-09-27,20:00:04 27 Sep 2020,40000
2020,President,Trump,Biden,,27,0.0345125,1.599986,0.11965,0.88035,,0.8616799,0.8627251,0.4692763,0.9792418,45.26295,53.20911,,1.527932,40.91283,48.84356,,0.8189447,49.61723,57.56227,,2.33598,-7.946163,-16.60347,0.7234478,1,2020-09-27,20:00:04 27 Sep 2020,40000
2020,President,Trump,Biden,,23,0.0021625,0.4104553,0.1156,0.8844,,0.6654412,0.8335029,0.3501365,0.9504255,43.2426,55.26064,,1.496763,36.7425,48.73868,,0.8025377,49.76847,61.74027,,2.286191,-12.01804,-24.96656,0.9980793,1,2020-09-27,20:00:04 27 Sep 2020,40000
2020,President,Trump,Biden,,24,0.0002875,0.0145032,0.001175,0.998825,,0.6382979,0.7760869,0.0034137,0.9994521,34.98221,63.63875,,1.379038,30.30485,58.85153,,0.7412484,39.74832,68.32835,,2.10466,-28.65654,-37.99904,-19.14113,1,2020-09-27,20:00:04 27 Sep 2020,40000
2020,President,Trump,Biden,,25,0.00015,0.0065239,0.00155,0.99845,,0.6774194,0.7763033,0.0047792,0.9993553,33.04341,65.38814,,1.568458,27.36838,59.55304,,0.8400446,38.86152,71.05441,,2.398978,-32.34473,-43.66327,-20.75605,1,2020-09-27,20:00:04 27 Sep 2020,40000
2020,President,Trump,Biden,,26,0.091975,2.59359,0.143725,0.856275,,0.9182466,0.8923535,0.6007055,0.9851727,45.96159,52.94394,,1.094468,41.77563,48.70932,,0.5919834,50.20313,57.12694,,1.664006,-6.982352,-15.32523,1.460958,1,2020-09-27,20:00:04 27 Sep 2020,40000
2020,President,Trump,Biden,,15,0.0004375,0.1425167,0.009875,0.990125,,0.478481,0.7781846,0.0215066,0.9934245,32.37104,65.82349,,1.805471,24.58695,57.88702,,0.9630235,40.28255,73.65305,,2.768307,-33.45245,-49.06089,-17.63988,1,2020-09-27,20:00:04 27 Sep 2020,40000
2020,President,Trump,Biden,,17,0.00085,0.0212912,0.0023,0.9977,,0.8913044,0.7771374,0.0093309,0.9996777,38.56418,59.933,,1.502819,34.25523,55.53229,,0.8058578,42.95186,64.26189,,2.296967,-21.36881,-29.96975,-12.60699,1,2020-09-27,20:00:04 27 Sep 2020,40000
2020,President,Trump,Biden,,09,0.00075,0.0645165,0.008975,0.991025,,0.8885794,0.781615,0.0362995,0.9987107,39.88992,59.18921,,0.9208649,35.03066,54.27064,,0.5002812,44.79955,64.05466,,1.395722,-19.29929,-29.02722,-9.463318,1,2020-09-27,20:00:04 27 Sep 2020,40000
2020,President,Trump,Biden,,13,0.017275,0.5685619,0.63455,0.36545,,0.338744,0.9865234,0.9783796,0.4648337,50.64738,48.52912,,0.8234956,46.58591,44.49226,,0.4486695,54.69409,52.58822,,1.245643,2.118258,-5.982779,10.18994,1,2020-09-27,20:00:04 27 Sep 2020,40000
2020,President,Trump,Biden,,12,0.1164375,1.629281,0.421225,0.578775,,0.5054899,0.9881214,0.9691625,0.7373646,48.92904,50.28449,,0.7864759,44.50225,45.83188,,0.4289992,53.36915,54.72354,,1.188715,-1.355454,-10.22426,7.514866,1,2020-09-27,20:00:04 27 Sep 2020,40000
2020,President,Trump,Biden,,11,0.0,0.0,0.0,1.0,,,0.7756,0.0,1.0,5.651856,90.87971,,3.468437,3.105721,87.53031,,1.812016,8.359364,93.94958,,5.382646,-85.22785,-90.59698,-79.54385,1,2020-09-27,20:00:04 27 Sep 2020,40000
2020,President,Trump,Biden,,10,3.75e-05,0.0106951,0.001025,0.998975,,0.902439,0.7762957,0.0042103,0.9998711,38.44478,60.4292,,1.126024,34.40257,56.35095,,0.6085927,42.51993,64.49646,,1.712831,-21.98442,-30.07631,-13.84106,1,2020-09-27,20:00:04 27 Sep 2020,40000
2020,President,Trump,Biden,,29,0.0006375,0.031688,0.9073,0.0927,,0.2416235,0.994876,0.997838,0.1189079,54.23273,44.36865,,1.398618,49.46389,39.5639,,0.7514785,59.00824,49.14343,,2.13505,9.864078,0.3482189,19.40208,1,2020-09-27,20:00:04 27 Sep 2020,40000
2020,President,Trump,Biden,,08,0.027775,1.345888,0.119225,0.880775,,0.7737471,0.8505577,0.4198908,0.9658974,44.50098,53.58695,,1.91207,39.52703,48.61151,,1.018152,49.47951,58.57603,,2.934636,-9.085977,-19.01496,0.7840576,1,2020-09-27,20:00:04 27 Sep 2020,40000
2020,President,Trump,Biden,,06,0.0018375,0.0187793,0.002,0.998,,0.7125,0.7766032,0.0064861,0.9992909,33.80891,64.27772,,1.913367,28.56531,58.95272,,1.018822,39.11088,69.55437,,2.936662,-30.46881,-40.94994,-19.89586,1,2020-09-27,20:00:04 27 Sep 2020,40000
2020,President,Trump,Biden,,05,0.00055,0.0659635,0.94385,0.05615,,0.2321079,0.9879786,0.9971552,0.0715253,56.4873,41.9088,,1.603901,50.67646,36.15208,,0.8584738,62.25006,47.71829,,2.454144,14.5785,2.998909,26.03899,1,2020-09-27,20:00:04 27 Sep 2020,40000
2020,President,Trump,Biden,,04,0.0576625,2.920039,0.3599,0.6401,,0.5194498,0.9455554,0.8509331,0.7803636,48.00679,50.67268,,1.320522,43.09488,45.77482,,0.710646,52.94083,55.58154,,2.013889,-2.665888,-12.48345,7.120502,1,2020-09-27,20:00:04 27 Sep 2020,40000
2020,President,Trump,Biden,,02,0.0018875,0.8365456,0.804325,0.195675,,0.2649426,0.9653763,0.969959,0.2435534,53.07219,44.69965,,2.228171,46.56181,38.37436,,1.181,59.44238,51.20295,,3.429125,8.372541,-4.561647,21.03344,1,2020-09-27,20:00:04 27 Sep 2020,40000
2020,President,Trump,Biden,,01,0.0004625,0.031627,0.971225,0.028775,,0.2252053,0.9652476,0.9955621,0.035811,58.6291,40.56924,,0.801659,52.93261,34.9483,,0.4370701,64.26322,46.25542,,1.212033,18.05986,6.698969,29.30753,1,2020-09-27,20:00:04 27 Sep 2020,40000
2020,President,Trump,Biden,,28,0.0024625,0.2836713,0.865425,0.134575,,0.2449086,0.9411109,0.9647246,0.1632929,55.37143,43.83388,,0.7946927,48.48209,37.01629,,0.4333676,62.19447,50.71894,,1.201334,11.53754,-2.222271,25.19041,1,2020-09-27,20:00:04 27 Sep 2020,40000
2020,President,Trump,Biden,,16,2.5e-05,0.0050234,0.9957,0.0043,,0.2206237,0.994186,0.9998862,0.0055119,61.9569,35.14484,,2.898262,56.32196,29.67891,,1.523318,67.50603,40.73857,,4.481677,26.81206,15.7253,37.70129,1,2020-09-27,20:00:04 27 Sep 2020,40000
2020,President,Trump,Biden,,30,0.0012125,0.330582,0.869475,0.130525,,0.2499784,0.9808466,0.9893036,0.1650658,54.1621,43.69067,,2.147225,48.11405,37.69161,,1.139374,60.20116,49.75472,,3.302356,10.47143,-1.566963,22.43239,1,2020-09-27,20:00:04 27 Sep 2020,40000
2020,President,Trump,Biden,,42,0.322625,7.295805,0.2315,0.7685,,0.8333693,0.9617762,0.8781292,0.9529719,47.36974,51.91333,,0.7169232,43.33486,47.87173,,0.3919421,51.40874,55.9456,,1.081823,-4.543587,-12.60627,3.536909,1,2020-09-27,20:00:04 27 Sep 2020,40000
2020,President,Trump,Biden,,31,2.5e-05,0.0045868,0.990275,0.009725,,0.2218323,0.9974293,0.9998862,0.0125064,58.44362,39.79023,,1.766154,53.68879,35.0809,,0.9416219,63.16438,44.52406,,2.706588,18.65339,9.195353,28.05517,1,2020-09-27,20:00:04 27 Sep 2020,40000
2020,President,Trump,Biden,,55,0.092875,4.327955,0.1831,0.8169,,0.8627799,0.9203391,0.7190487,0.9693463,46.43269,52.61398,,0.9533313,42.05656,48.17527,,0.5174717,50.85673,56.98782,,1.445832,-6.181289,-14.94297,2.682404,1,2020-09-27,20:00:04 27 Sep 2020,40000
2020,President,Trump,Biden,,54,3.75e-05,0.0082584,0.993475,0.006525,,0.2209165,0.9655172,0.9989759,0.0081227,66.017,32.18086,,1.802136,58.94212,25.21284,,0.9612967,73.01224,39.23901,,2.763106,33.83614,19.75337,47.78815,1,2020-09-27,20:00:04 27 Sep 2020,40000
2020,President,Trump,Biden,,53,0.0015875,0.0655917,0.00975,0.99025,,0.6487179,0.7798536,0.0287893,0.9956807,37.06403,60.77014,,2.165833,31.30149,54.9452,,1.148948,42.87624,66.56862,,3.331501,-23.70611,-35.19273,-12.13337,1,2020-09-27,20:00:04 27 Sep 2020,40000
2020,President,Trump,Biden,,51,0.0128625,0.4346743,0.040325,0.959675,,0.9423435,0.8058197,0.1729631,0.9970668,43.99914,54.97651,,1.02435,40.04289,51.01749,,0.5550137,47.94862,58.94258,,1.555538,-10.97736,-18.8743,-3.065468,1,2020-09-27,20:00:04 27 Sep 2020,40000
2020,President,Trump,Biden,,50,0.0003375,0.1534185,0.01365,0.98635,,0.5128205,0.7796674,0.0318616,0.9915227,33.64373,63.47586,,2.880408,26.15488,55.74298,,1.514242,41.31779,70.99417,,4.453503,-29.83213,-44.73144,-14.58591,1,2020-09-27,20:00:04 27 Sep 2020,40000
2020,President,Trump,Biden,,49,0.0003625,0.0403957,0.96455,0.03545,,0.2268675,0.9732017,0.9960173,0.0444817,56.93453,39.85,,3.215474,51.0312,34.0625,,1.684221,62.76146,45.69704,,4.982361,17.08453,5.474876,28.54902,1,2020-09-27,20:00:04 27 Sep 2020,40000
2020,President,Trump,Biden,,47,0.00055,0.0303146,0.96095,0.03905,,0.2277954,0.9788733,0.9963587,0.0492844,57.53234,41.37943,,1.088236,51.90141,35.77465,,0.5887015,63.1453,47.01275,,1.654367,16.15292,4.908436,27.36064,1,2020-09-27,20:00:04 27 Sep 2020,40000
2020,President,Trump,Biden,,46,0.000175,0.0657284,0.971525,0.028475,,0.225496,0.977173,0.9971552,0.0358755,59.39903,39.14161,,1.459365,53.04031,32.86718,,0.7831955,65.6913,45.47556,,2.229488,20.25743,7.581089,32.78261,1,2020-09-27,20:00:04 27 Sep 2020,40000
2020,President,Trump,Biden,,45,0.0014125,0.0930686,0.8878,0.1122,,0.2468461,0.9948753,0.9974966,0.1439208,53.84683,45.29287,,0.8602982,49.30293,40.76553,,0.4681975,58.36144,49.81673,,1.302332,8.553958,-0.4959583,17.57265,1,2020-09-27,20:00:04 27 Sep 2020,40000
2020,President,Trump,Biden,,44,0.0003375,0.1037412,0.007525,0.992475,,0.8372093,0.7802715,0.0286755,0.9984528,37.27411,61.31558,,1.410309,31.51163,55.40786,,0.7575841,43.15744,67.09164,,2.153198,-24.04147,-35.53831,-12.26722,1,2020-09-27,20:00:04 27 Sep 2020,40000
2020,President,Trump,Biden,,48,0.0152875,0.2310155,0.7036,0.2964,,0.3117183,0.9986505,0.9982931,0.38164,51.32748,47.66548,,1.007046,46.8797,43.22783,,0.5458739,55.76355,52.0962,,1.528807,3.661998,-5.179644,12.53094,1,2020-09-27,20:00:04 27 Sep 2020,40000
2020,President,Trump,Biden,,56,1.25e-05,0.0068446,0.998425,0.001575,,0.2199464,0.9206349,0.9995449,0.0018695,68.38772,28.28411,,3.328172,61.94016,22.06118,,1.741192,74.77249,34.57548,,5.16056,40.10361,27.56611,52.57399,1,2020-09-27,20:00:04 27 Sep 2020,40000
2020,President,Trump,Biden,,36,0.000425,0.0080152,0.0005,0.9995,,0.75,0.7758629,0.0017069,0.9998388,36.38023,62.57483,,1.044938,31.9954,58.11683,,0.5658815,40.83516,66.94609,,1.587371,-26.1946,-34.93575,-17.28794,1,2020-09-27,20:00:04 27 Sep 2020,40000
2020,President,Trump,Biden,,41,0.007375,0.4936582,0.070575,0.929425,,0.6517889,0.8082685,0.2093764,0.9685727,41.96436,55.63135,,2.404297,36.09489,49.73339,,1.271322,47.83767,61.56239,,3.704987,-13.66699,-25.36845,-1.988813,1,2020-09-27,20:00:04 27 Sep 2020,40000
2020,President,Trump,Biden,,33,0.0222625,4.133444,0.2569,0.7431,,0.6151226,0.9122595,0.7192763,0.874033,46.22929,52.70383,,1.066878,39.76134,46.18724,,0.5774489,52.74324,59.18002,,1.621329,-6.474546,-19.40877,6.539717,1,2020-09-27,20:00:04 27 Sep 2020,40000
2020,President,Trump,Biden,,34,0.0069125,0.2509086,0.023625,0.976375,,0.6539683,0.7860709,0.0703232,0.9895565,40.36744,58.79902,,0.8335466,34.8923,53.24069,,0.4540054,45.92645,64.28228,,1.26112,-18.43158,-29.36714,-7.314268,1,2020-09-27,20:00:04 27 Sep 2020,40000
2020,President,Trump,Biden,,35,0.0072625,1.265417,0.0496,0.9504,,0.8175403,0.8069234,0.1845699,0.9887829,42.44574,55.69893,,1.855327,37.38202,50.59283,,0.9888216,47.51664,60.76614,,2.846064,-13.25319,-23.32437,-3.087757,1,2020-09-27,20:00:04 27 Sep 2020,40000
2020,President,Trump,Biden,,32,0.0304375,3.53132,0.178475,0.821525,,0.7746183,0.89626,0.6292672,0.9493296,45.96946,52.41241,,1.61814,41.42015,47.84448,,0.8658724,50.52098,56.96644,,2.476317,-6.442953,-15.4976,2.643778,1,2020-09-27,20:00:04 27 Sep 2020,40000
2020,President,Trump,Biden,,37,0.0490875,1.394945,0.4543,0.5457,,0.4637354,0.9827286,0.9589213,0.6914324,49.24766,49.97625,,0.7760848,45.02307,45.70641,,0.4234729,53.50114,54.20525,,1.172759,-0.7285949,-9.171074,7.776464,1,2020-09-27,20:00:04 27 Sep 2020,40000
2020,President,Trump,Biden,,38,5e-05,0.0208865,0.991775,0.008225,,0.2213708,0.9787234,0.9993172,0.0103791,60.65441,36.71128,,2.634306,55.0068,31.15622,,1.388892,66.26491,42.27897,,4.066204,23.94313,12.8086,34.96228,1,2020-09-27,20:00:04 27 Sep 2020,40000
2020,President,Trump,Biden,,39,0.046125,1.154896,0.478925,0.521075,,0.4546641,0.9961138,0.9911243,0.6692238,49.3121,49.68981,,0.9980923,44.9031,45.30056,,0.5411428,53.68782,54.10236,,1.51497,-0.3777098,-9.177532,8.381094,1,2020-09-27,20:00:04 27 Sep 2020,40000
2020,President,Trump,Biden,,40,3.75e-05,0.0032417,0.993825,0.006175,,0.220889,0.9676113,0.9992034,0.0077037,62.66283,36.13512,,1.202056,57.09829,30.60981,,0.6485506,68.18568,41.68309,,1.830525,26.52771,15.43005,37.53111,1,2020-09-27,20:00:04 27 Sep 2020,40000
2020,President,Trump,Biden,,16,0.0,0.0,0.995825,0.004175,,0.2262195,0.9880239,0.9997781,0.0053594,61.97516,35.11975,,2.905091,56.31949,29.62276,,1.525796,67.50682,40.72252,,4.496338,26.85541,15.72501,37.76811,1,2020-09-26,19:00:04 26 Sep 2020,40000
2020,President,Trump,Biden,,27,0.0344375,1.601114,0.12475,0.87525,,0.8685371,0.8611254,0.480861,0.9792445,45.30331,53.16764,,1.529048,40.9351,48.77467,,0.8190638,49.70271,57.55532,,2.339439,-7.864326,-16.57013,0.8866844,1,2020-09-26,19:00:04 26 Sep 2020,40000
2020,President,Trump,Biden,,26,0.09095,2.568298,0.147325,0.852675,,0.9234685,0.8898174,0.6037945,0.9857732,45.97501,52.91849,,1.106494,41.7346,48.6349,,0.5980859,50.2671,57.16686,,1.683385,-6.943479,-15.42819,1.613132,1,2020-09-26,19:00:04 26 Sep 2020,40000
2020,President,Trump,Biden,,25,0.0002125,0.0089074,0.0016,0.9984,,0.671875,0.7703826,0.0047709,0.9993179,33.09291,65.33954,,1.567557,27.43337,59.53233,,0.8391069,38.88544,71.01981,,2.399454,-32.24663,-43.56805,-20.67726,1,2020-09-26,19:00:04 26 Sep 2020,40000
2020,President,Trump,Biden,,24,0.000225,0.0110294,0.0013,0.9987,,0.6153846,0.7701762,0.0035504,0.9993504,35.01768,63.6053,,1.377017,30.31782,58.82487,,0.739826,39.80847,68.29649,,2.102764,-28.58761,-37.9608,-19.04176,1,2020-09-26,19:00:04 26 Sep 2020,40000
2020,President,Trump,Biden,,23,0.002175,0.4081092,0.11825,0.88175,,0.6701903,0.8290899,0.3517142,0.9498165,43.27623,55.22507,,1.498708,36.76873,48.70145,,0.8025222,49.79417,61.70763,,2.292353,-11.94884,-24.88198,1.085428,1,2020-09-26,19:00:04 26 Sep 2020,40000
2020,President,Trump,Biden,,22,0.0018,0.1283877,0.905725,0.094275,,0.2451903,0.9644657,0.9855764,0.1181343,56.13099,42.99134,,0.8776737,49.71424,36.63965,,0.4773085,62.5106,49.37067,,1.329969,13.13965,0.3729382,25.85993,1,2020-09-26,19:00:04 26 Sep 2020,40000
2020,President,Trump,Biden,,21,0.0001,0.0074371,0.985375,0.014625,,0.228441,0.9846154,0.9990014,0.0187092,59.72045,39.09272,,1.186827,54.20874,33.62135,,0.6402791,65.18465,44.60279,,1.807602,20.62773,9.6469,31.52894,1,2020-09-26,19:00:04 26 Sep 2020,40000
2020,President,Trump,Biden,,20,0.0001625,0.0190199,0.9326,0.0674,,0.2414218,0.9974036,0.9992234,0.0873421,54.61644,43.5291,,1.854457,49.88628,38.8264,,0.9877684,59.31618,48.26357,,2.846999,11.08734,1.700029,20.44156,1,2020-09-26,19:00:04 26 Sep 2020,40000
2020,President,Trump,Biden,,19,0.005225,0.4729053,0.6269,0.3731,,0.3581512,0.9977218,0.9964496,0.4836457,50.52205,48.12777,,1.350182,45.65989,43.24366,,0.7258136,55.40166,52.97181,,2.06108,2.394279,-7.299679,12.15549,1,2020-09-26,19:00:04 26 Sep 2020,40000
2020,President,Trump,Biden,,18,0.000125,0.0061139,0.962275,0.037725,,0.2341326,0.9993373,0.9998891,0.0489817,55.93383,42.68711,,1.379058,51.3213,38.05317,,0.7408915,60.55056,47.29873,,2.105935,13.24671,4.067432,22.45186,1,2020-09-26,19:00:04 26 Sep 2020,40000
2020,President,Trump,Biden,,17,0.0004625,0.0117334,0.002475,0.997525,,0.8989899,0.7713591,0.0098746,0.9997076,38.60848,59.89917,,1.492357,34.23879,55.48742,,0.7999681,43.03009,64.27383,,2.282286,-21.29069,-30.0057,-12.52222,1,2020-09-26,19:00:04 26 Sep 2020,40000
2020,President,Trump,Biden,,01,0.00055,0.0348355,0.9711,0.0289,,0.2310782,0.9679931,0.9958948,0.0363465,58.64188,40.55605,,0.8020755,52.96128,34.90772,,0.4371954,64.29033,46.22594,,1.213653,18.08582,6.750477,29.36343,1,2020-09-26,19:00:04 26 Sep 2020,40000
2020,President,Trump,Biden,,15,0.000525,0.1788126,0.01035,0.98965,,0.4541063,0.7720153,0.0208588,0.9926592,32.44655,65.75209,,1.801354,24.65347,57.77688,,0.9603255,40.39461,73.60464,,2.764064,-33.30554,-48.85772,-17.4136,1,2020-09-26,19:00:04 26 Sep 2020,40000
2020,President,Trump,Biden,,13,0.0191625,0.6314647,0.629675,0.370325,,0.3503792,0.9865658,0.9791412,0.4746809,50.62384,48.54967,,0.8264919,46.55194,44.43618,,0.450167,54.73101,52.61723,,1.251169,2.074168,-6.060255,10.26606,1,2020-09-26,19:00:04 26 Sep 2020,40000
2020,President,Trump,Biden,,12,0.1166,1.635142,0.4225,0.5775,,0.5175148,0.988052,0.9703761,0.7413518,48.94448,50.26906,,0.7864618,44.48663,45.80267,,0.4288988,53.42234,54.72639,,1.189671,-1.324581,-10.21634,7.591345,1,2020-09-26,19:00:04 26 Sep 2020,40000
2020,President,Trump,Biden,,11,0.0,0.0,0.0,1.0,,,0.769675,0.0,1.0,5.681753,90.86984,,3.448404,3.129375,87.55368,,1.800759,8.391101,93.96099,,5.35456,-85.18809,-90.57692,-79.47793,1,2020-09-26,19:00:04 26 Sep 2020,40000
2020,President,Trump,Biden,,10,3.75e-05,0.0110505,0.0012,0.9988,,0.9375,0.7705246,0.0049928,0.9999025,38.49881,60.37647,,1.124726,34.42353,56.24889,,0.6076723,42.61797,64.4623,,1.711567,-21.87766,-30.03095,-13.66381,1,2020-09-26,19:00:04 26 Sep 2020,40000
2020,President,Trump,Biden,,09,0.000775,0.0679693,0.010125,0.989875,,0.8839506,0.7763606,0.0397204,0.9984734,39.92877,59.15234,,0.9188906,35.03144,54.17574,,0.4991308,44.89674,64.05341,,1.39348,-19.22357,-29.00522,-9.294472,1,2020-09-26,19:00:04 26 Sep 2020,40000
2020,President,Trump,Biden,,08,0.026825,1.304929,0.1226,0.8774,,0.7746738,0.8463073,0.4215023,0.9647579,44.55702,53.5324,,1.91058,39.55955,48.55325,,1.01674,49.54634,58.54584,,2.934476,-8.975379,-18.89416,0.9521637,1,2020-09-26,19:00:04 26 Sep 2020,40000
2020,President,Trump,Biden,,06,0.0018625,0.0184904,0.00195,0.99805,,0.6538461,0.7705275,0.0056585,0.9991555,33.97017,64.11739,,1.912439,28.71374,58.76146,,1.017699,39.29377,69.39775,,2.937375,-30.14722,-40.65163,-19.54152,1,2020-09-26,19:00:04 26 Sep 2020,40000
2020,President,Trump,Biden,,05,0.000425,0.0527808,0.94195,0.05805,,0.2382292,0.9836348,0.9958948,0.0741872,56.49251,41.90236,,1.605133,50.67584,36.13567,,0.8586484,62.26511,47.73483,,2.457997,14.59016,2.949684,26.09423,1,2020-09-26,19:00:04 26 Sep 2020,40000
2020,President,Trump,Biden,,04,0.0610125,3.0832,0.3608,0.6392,,0.5295177,0.9425845,0.8478864,0.7827979,48.03365,50.64577,,1.320582,43.07526,45.68903,,0.7103456,52.99435,55.58104,,2.015139,-2.612113,-12.47774,7.288292,1,2020-09-26,19:00:04 26 Sep 2020,40000
2020,President,Trump,Biden,,02,0.0022625,1.022473,0.804025,0.195975,,0.2723485,0.9673428,0.9718185,0.2463053,53.09338,44.67696,,2.229659,46.56562,38.27246,,1.180927,59.51395,51.23676,,3.433867,8.41642,-4.577681,21.16738,1,2020-09-26,19:00:04 26 Sep 2020,40000
2020,President,Trump,Biden,,28,0.00215,0.2488838,0.86525,0.13475,,0.2506501,0.935807,0.9624986,0.1638354,55.3739,43.83096,,0.7951396,48.49374,36.9817,,0.4335105,62.21963,50.71814,,1.202998,11.54293,-2.210911,25.21537,1,2020-09-26,19:00:04 26 Sep 2020,40000
2020,President,Trump,Biden,,29,0.000525,0.0272209,0.906775,0.093225,,0.2480494,0.9957093,0.9982248,0.1206029,54.25224,44.34774,,1.400019,49.43063,39.53472,,0.7518296,59.04199,49.14502,,2.138506,9.904497,0.2957249,19.4943,1,2020-09-26,19:00:04 26 Sep 2020,40000
2020,President,Trump,Biden,,30,0.00125,0.3422584,0.87075,0.12925,,0.2566466,0.9852998,0.9917896,0.1654595,54.18719,43.66182,,2.150988,48.08541,37.59754,,1.140553,60.27668,49.7369,,3.310447,10.52537,-1.578623,22.63084,1,2020-09-26,19:00:04 26 Sep 2020,40000
2020,President,Trump,Biden,,44,0.000225,0.0679283,0.007675,0.992325,,0.8762215,0.7746958,0.0298458,0.9987982,37.33469,61.26514,,1.400164,31.57945,55.38808,,0.7519054,43.21043,67.061,,2.138732,-23.93045,-35.45213,-12.21156,1,2020-09-26,19:00:04 26 Sep 2020,40000
2020,President,Trump,Biden,,31,1.25e-05,0.0018446,0.989175,0.010825,,0.2277403,0.9953811,0.9997781,0.0139994,58.45467,39.7835,,1.761828,53.65791,35.07875,,0.9388999,63.16637,44.57538,,2.699028,18.67118,9.151438,28.0243,1,2020-09-26,19:00:04 26 Sep 2020,40000
2020,President,Trump,Biden,,56,0.0,0.0,0.998275,0.001725,,0.2256392,0.9565217,0.9996672,0.0021438,68.39766,28.29893,,3.303417,61.89489,22.04077,,1.727641,74.75968,34.64561,,5.125117,40.09873,27.44497,52.53069,1,2020-09-26,19:00:04 26 Sep 2020,40000
2020,President,Trump,Biden,,55,0.098,4.561071,0.1951,0.8049,,0.8567401,0.9233134,0.7418174,0.9655699,46.57669,52.45776,,0.9655488,42.15179,47.98807,,0.5237973,51.02988,56.89255,,1.465515,-5.881059,-14.71962,3.042713,1,2020-09-26,19:00:04 26 Sep 2020,40000
2020,President,Trump,Biden,,54,0.0001375,0.0282046,0.99365,0.00635,,0.2266392,0.980315,0.9994453,0.0080878,66.01856,32.17806,,1.803382,58.96513,25.19472,,0.9613737,73.01987,39.19678,,2.76723,33.8405,19.82804,47.81321,1,2020-09-26,19:00:04 26 Sep 2020,40000
2020,President,Trump,Biden,,53,0.0014375,0.0581,0.00975,0.99025,,0.6358975,0.7736683,0.0275158,0.9953877,37.10697,60.72964,,2.16339,31.32689,54.87274,,1.146922,42.93369,66.52814,,3.329877,-23.62267,-35.16006,-11.98288,1,2020-09-26,19:00:04 26 Sep 2020,40000
2020,President,Trump,Biden,,51,0.0143125,0.48134,0.043425,0.956575,,0.9504893,0.8023678,0.1831799,0.9972066,44.04224,54.93382,,1.023936,40.07019,50.96281,,0.5546112,48.00516,58.91953,,1.555767,-10.89158,-18.8243,-2.963068,1,2020-09-26,19:00:04 26 Sep 2020,40000
2020,President,Trump,Biden,,50,0.000275,0.1204643,0.01435,0.98565,,0.5209059,0.7739055,0.0331743,0.9910676,33.69085,63.42347,,2.885681,26.17638,55.72266,,1.515929,41.33879,70.97139,,4.465779,-29.73262,-44.7345,-14.48466,1,2020-09-26,19:00:04 26 Sep 2020,40000
2020,President,Trump,Biden,,48,0.015475,0.2303942,0.705875,0.294125,,0.3185054,0.9983,0.997781,0.3814922,51.35187,47.64147,,1.006659,46.89173,43.15025,,0.5454992,55.82572,52.09765,,1.529082,3.710397,-5.191236,12.678,1,2020-09-26,19:00:04 26 Sep 2020,40000
2020,President,Trump,Biden,,47,0.00035,0.0193251,0.961475,0.038525,,0.2336514,0.9824789,0.9970043,0.0491766,57.55338,41.35753,,1.089096,51.88884,35.72277,,0.5889329,63.17903,47.00109,,1.656476,16.19584,4.930676,27.43307,1,2020-09-26,19:00:04 26 Sep 2020,40000
2020,President,Trump,Biden,,46,8.75e-05,0.0333904,0.972075,0.027925,,0.2311036,0.9758281,0.9970043,0.0354046,59.42281,39.1284,,1.44879,53.05929,32.79787,,0.7772614,65.75482,45.45981,,2.214427,20.2944,7.60882,32.91084,1,2020-09-26,19:00:04 26 Sep 2020,40000
2020,President,Trump,Biden,,45,0.0016375,0.106016,0.872875,0.127125,,0.2573392,0.994297,0.9968934,0.1642252,53.60555,45.53425,,0.8602042,49.01571,41.00821,,0.4680497,58.12321,50.10847,,1.303052,8.071296,-1.084499,17.09054,1,2020-09-26,19:00:04 26 Sep 2020,40000
2020,President,Trump,Biden,,49,0.000625,0.0726462,0.963525,0.036475,,0.2326873,0.969157,0.9950072,0.0459285,56.96144,39.82565,,3.212911,50.98612,34.01041,,1.681922,62.82146,45.73788,,4.981994,17.1358,5.44282,28.70756,1,2020-09-26,19:00:04 26 Sep 2020,40000
2020,President,Trump,Biden,,42,0.3151,7.126959,0.237925,0.762075,,0.833561,0.9616179,0.8801731,0.9521226,47.41926,51.86285,,0.7178933,43.37355,47.83612,,0.3923973,51.43796,55.90855,,1.08414,-4.443587,-12.52138,3.588623,1,2020-09-26,19:00:04 26 Sep 2020,40000
2020,President,Trump,Biden,,36,0.000475,0.0091053,0.000425,0.999575,,0.8235294,0.7699272,0.0015533,0.9999025,36.41853,62.53851,,1.042957,32.00332,58.06396,,0.5646371,40.87949,66.98529,,1.585153,-26.11999,-34.96046,-17.20737,1,2020-09-26,19:00:04 26 Sep 2020,40000
2020,President,Trump,Biden,,41,0.007425,0.4987427,0.071825,0.928175,,0.6550644,0.8027312,0.2088095,0.9680384,42.01102,55.58352,,2.405462,36.12185,49.68212,,1.271048,47.90707,61.47099,,3.709925,-13.5725,-25.25158,-1.842136,1,2020-09-26,19:00:04 26 Sep 2020,40000
2020,President,Trump,Biden,,33,0.0205875,3.830491,0.258075,0.741925,,0.6261746,0.9090542,0.7171863,0.8762789,46.25935,52.67113,,1.069518,39.77315,46.14379,,0.5786278,52.76748,59.15892,,1.626206,-6.411777,-19.37461,6.607956,1,2020-09-26,19:00:04 26 Sep 2020,40000
2020,President,Trump,Biden,,34,0.00645,0.2330295,0.02385,0.97615,,0.6572327,0.7801055,0.0695662,0.9893786,40.42443,58.74342,,0.8321518,34.91601,53.15889,,0.4531723,46.00122,64.2681,,1.259868,-18.31899,-29.33677,-7.159271,1,2020-09-26,19:00:04 26 Sep 2020,40000
2020,President,Trump,Biden,,35,0.007125,1.248047,0.051475,0.948525,,0.8169014,0.8017712,0.1866193,0.9880794,42.49734,55.64747,,1.855194,37.42312,50.5156,,0.9881487,47.6217,60.73495,,2.848147,-13.15013,-23.24837,-2.951872,1,2020-09-26,19:00:04 26 Sep 2020,40000
2020,President,Trump,Biden,,32,0.0302625,3.526187,0.172075,0.827925,,0.7960192,0.8881541,0.6078997,0.9553708,45.83205,52.45782,,1.710129,41.30248,47.86104,,0.913111,50.40923,56.97807,,2.621645,-6.62578,-15.63732,2.48947,1,2020-09-26,19:00:04 26 Sep 2020,40000
2020,President,Trump,Biden,,37,0.0481,1.369983,0.460375,0.539625,,0.4711377,0.9833217,0.9626096,0.6894144,49.28469,49.93715,,0.7781501,45.02158,45.66151,,0.4244803,53.55039,54.18929,,1.176907,-0.6524591,-9.15106,7.8759,1,2020-09-26,19:00:04 26 Sep 2020,40000
2020,President,Trump,Biden,,38,5e-05,0.0214596,0.991625,0.008375,,0.2271524,0.9910448,0.9996672,0.0107838,60.6461,36.71472,,2.639172,54.90671,31.13848,,1.390383,66.27261,42.39697,,4.077598,23.93138,12.66591,34.98182,1,2020-09-26,19:00:04 26 Sep 2020,40000
2020,President,Trump,Biden,,39,0.0473125,1.182501,0.4837,0.5163,,0.462115,0.9963199,0.9920115,0.6683341,49.35396,49.64755,,0.9984908,44.91116,45.26268,,0.5411896,53.76449,54.09557,,1.516448,-0.293593,-9.171341,8.479282,1,2020-09-26,19:00:04 26 Sep 2020,40000
2020,President,Trump,Biden,,40,2.5e-05,0.0025858,0.99405,0.00595,,0.2264977,0.9705882,0.9992234,0.0075032,62.68169,36.11568,,1.20262,57.09392,30.55991,,0.6485609,68.24316,41.67264,,1.832082,26.56601,15.45874,37.66,1,2020-09-26,19:00:04 26 Sep 2020,40000
2020,President,Trump,Biden,,15,0.0005125,0.1716584,0.010525,0.989475,,0.4774347,0.769499,0.0220298,0.992893,32.4431,65.7477,,1.809195,24.63994,57.74334,,0.9642997,40.4003,73.59364,,2.776752,-33.3046,-48.90649,-17.35733,1,2020-09-25,22:17:03 25 Sep 2020,40000
2020,President,Trump,Biden,,27,0.02725,1.264766,0.1135,0.8865,,0.881718,0.8503102,0.438733,0.9829823,45.11169,53.37853,,1.509781,40.7187,48.97572,,0.8089266,49.53205,57.79237,,2.309753,-8.266848,-17.03737,0.5185852,1,2020-09-25,22:17:03 25 Sep 2020,40000
2020,President,Trump,Biden,,26,0.0915,2.582846,0.14715,0.85285,,0.9279647,0.8872311,0.5986409,0.9867314,45.96716,52.9244,,1.108441,41.69421,48.65693,,0.5989117,50.25478,57.18272,,1.686624,-6.957232,-15.44828,1.562025,1,2020-09-25,22:17:03 25 Sep 2020,40000
2020,President,Trump,Biden,,25,0.000275,0.0122119,0.0015,0.9985,,0.7,0.7675513,0.0046032,0.9994132,33.10094,65.32684,,1.572217,27.37098,59.50317,,0.8413821,38.90191,71.06064,,2.407069,-32.22589,-43.64885,-20.63453,1,2020-09-25,22:17:03 25 Sep 2020,40000
2020,President,Trump,Biden,,24,0.0002875,0.0143656,0.0012,0.9988,,0.5833333,0.7672707,0.0030688,0.999348,35.02954,63.5894,,1.381063,30.34504,58.80402,,0.7418188,39.79638,68.30001,,2.109429,-28.55986,-37.94805,-19.03342,1,2020-09-25,22:17:03 25 Sep 2020,40000
2020,President,Trump,Biden,,23,0.0021,0.395962,0.117525,0.882475,,0.6794299,0.8266523,0.3500658,0.9512942,43.27534,55.22434,,1.500323,36.77139,48.69865,,0.8037759,49.80573,61.72275,,2.294236,-11.949,-24.95067,1.061028,1,2020-09-25,22:17:03 25 Sep 2020,40000
2020,President,Trump,Biden,,22,0.0022375,0.1580099,0.905575,0.094425,,0.2480744,0.9618745,0.9848751,0.1184391,56.14574,42.97517,,0.8790809,49.7427,36.61024,,0.4777966,62.53107,49.36953,,1.332512,13.17057,0.3706322,25.94045,1,2020-09-25,22:17:03 25 Sep 2020,40000
2020,President,Trump,Biden,,21,0.0001375,0.0094181,0.984775,0.015225,,0.2314234,0.9868637,0.9991232,0.0195931,59.72236,39.08939,,1.188256,54.16901,33.59747,,0.6408682,65.22765,44.62264,,1.810268,20.63297,9.560652,31.58844,1,2020-09-25,22:17:03 25 Sep 2020,40000
2020,President,Trump,Biden,,20,0.0001,0.0127171,0.931725,0.068275,,0.2446806,0.9981692,0.999452,0.0888701,54.60765,43.53488,,1.857469,49.8511,38.83591,,0.9892654,59.32668,48.27664,,2.852155,11.07277,1.656031,20.44259,1,2020-09-25,22:17:03 25 Sep 2020,40000
2020,President,Trump,Biden,,19,0.0053,0.4805974,0.62715,0.37285,,0.3622339,0.9972509,0.9959447,0.4848732,50.52955,48.11817,,1.352285,45.62539,43.19317,,0.7267755,55.4519,53.00928,,2.064712,2.411381,-7.350168,12.22177,1,2020-09-25,22:17:03 25 Sep 2020,40000
2020,President,Trump,Biden,,18,0.0002125,0.0112586,0.96225,0.03775,,0.2369966,0.9986755,0.9997808,0.0491622,55.94018,42.67826,,1.381552,51.25682,38.04464,,0.7420743,60.58421,47.33899,,2.110189,13.26192,3.949827,22.50671,1,2020-09-25,22:17:03 25 Sep 2020,40000
2020,President,Trump,Biden,,17,0.000625,0.0156996,0.0027,0.9973,,0.9259259,0.7687256,0.0109601,0.9997392,38.62183,59.88114,,1.497036,34.26311,55.43588,,0.8022995,43.05465,64.23637,,2.289897,-21.25931,-29.93795,-12.42278,1,2020-09-25,22:17:03 25 Sep 2020,40000
2020,President,Trump,Biden,,29,0.0007125,0.0356015,0.90455,0.09545,,0.251755,0.9960712,0.998356,0.1239812,54.25862,44.33849,,1.402898,49.40275,39.46315,,0.7532254,59.1051,49.17915,,2.143377,9.920129,0.2464104,19.60917,1,2020-09-25,22:17:03 25 Sep 2020,40000
2020,President,Trump,Biden,,13,0.0192375,0.6362039,0.63035,0.36965,,0.3547236,0.9873529,0.9802718,0.4759405,50.63355,48.53867,,0.8277834,46.55926,44.43302,,0.4505996,54.74255,52.59569,,1.253487,2.094885,-6.005083,10.29525,1,2020-09-25,22:17:03 25 Sep 2020,40000
2020,President,Trump,Biden,,12,0.117025,1.641063,0.4276,0.5724,,0.5184168,0.9882949,0.9718325,0.7376931,48.96898,50.24253,,0.7884883,44.47633,45.75407,,0.4297282,53.45815,54.73814,,1.193004,-1.273561,-10.24722,7.694487,1,2020-09-25,22:17:03 25 Sep 2020,40000
2020,President,Trump,Biden,,11,0.0,0.0,0.0,1.0,,,0.76685,0.0,1.0,5.679787,90.86283,,3.457386,3.103044,87.50253,,1.805431,8.42399,93.98785,,5.371042,-85.18304,-90.62322,-79.42551,1,2020-09-25,22:17:03 25 Sep 2020,40000
2020,President,Trump,Biden,,10,8.75e-05,0.0271188,0.00115,0.99885,,0.9782609,0.7677079,0.004932,0.9999674,38.50294,60.36902,,1.128037,34.39698,56.21846,,0.6092229,42.63821,64.48167,,1.717011,-21.86607,-30.07269,-13.60093,1,2020-09-25,22:17:03 25 Sep 2020,40000
2020,President,Trump,Biden,,09,0.0010125,0.0900851,0.010225,0.989775,,0.9095355,0.7739133,0.0407716,0.9988916,39.94542,59.13192,,0.9226583,34.99855,54.15107,,0.5008645,44.91398,64.06781,,1.39965,-19.18649,-29.051,-9.250135,1,2020-09-25,22:17:03 25 Sep 2020,40000
2020,President,Trump,Biden,,08,0.02555,1.24272,0.123225,0.876775,,0.7778454,0.8442017,0.4202104,0.9652148,44.55403,53.52881,,1.917162,39.55827,48.5249,,1.020101,49.55886,58.52368,,2.945466,-8.974778,-18.88806,0.9689674,1,2020-09-25,22:17:03 25 Sep 2020,40000
2020,President,Trump,Biden,,06,0.0018,0.0178219,0.0021,0.9979,,0.6428571,0.7677122,0.0059185,0.9990219,33.98353,64.09862,,1.91785,28.69433,58.74393,,1.020456,39.34647,69.40179,,2.946542,-30.11508,-40.6463,-19.46204,1,2020-09-25,22:17:03 25 Sep 2020,40000
2020,President,Trump,Biden,,05,0.000375,0.0484061,0.942775,0.057225,,0.2409907,0.9842726,0.9960544,0.0734498,56.50381,41.88742,,1.608761,50.66833,36.10588,,0.8603739,62.30203,47.72833,,2.464066,14.61639,2.984121,26.13869,1,2020-09-25,22:17:03 25 Sep 2020,40000
2020,President,Trump,Biden,,04,0.05875,2.968677,0.3641,0.6359,,0.532958,0.9431908,0.8507234,0.7821282,48.02993,50.64678,,1.323291,43.02882,45.66312,,0.7116092,53.03266,55.63472,,2.019671,-2.616851,-12.61492,7.331404,1,2020-09-25,22:17:03 25 Sep 2020,40000
2020,President,Trump,Biden,,02,0.0020125,0.9128416,0.805025,0.194975,,0.2752399,0.9658931,0.9713941,0.2455826,53.11037,44.65577,,2.233858,46.57401,38.28395,,1.183089,59.5286,51.17375,,3.441744,8.4546,-4.506872,21.22876,1,2020-09-25,22:17:03 25 Sep 2020,40000
2020,President,Trump,Biden,,01,0.0005875,0.0374104,0.9711,0.0289,,0.2338843,0.9645329,0.9957256,0.03635,58.6474,40.54938,,0.8032287,52.93542,34.93111,,0.4375569,64.25819,46.26511,,1.215662,18.09802,6.691608,29.31823,1,2020-09-25,22:17:03 25 Sep 2020,40000
2020,President,Trump,Biden,,28,0.0019375,0.2252286,0.8657,0.1343,,0.2540719,0.9378257,0.9642701,0.1642433,55.38425,43.81941,,0.7963347,48.4939,37.02258,,0.4338961,62.1819,50.69347,,1.205062,11.56484,-2.193785,25.12481,1,2020-09-25,22:17:03 25 Sep 2020,40000
2020,President,Trump,Biden,,16,0.0,0.0,0.996125,0.003875,,0.228912,0.9806452,0.9996712,0.0049553,61.97646,35.11564,,2.907907,56.35833,29.60425,,1.527149,67.5792,40.72912,,4.502449,26.86082,15.76932,37.85595,1,2020-09-25,22:17:03 25 Sep 2020,40000
2020,President,Trump,Biden,,30,0.001325,0.3655357,0.86875,0.13125,,0.2598561,0.9813333,0.9896975,0.1679598,54.19034,43.65641,,2.153255,48.06937,37.60241,,1.141708,60.26232,49.7785,,3.315326,10.53393,-1.657761,22.62017,1,2020-09-25,22:17:03 25 Sep 2020,40000
2020,President,Trump,Biden,,42,0.32115,7.274846,0.241375,0.758625,,0.8338684,0.961015,0.8823981,0.9507074,47.43377,51.84687,,0.7193605,43.39185,47.78211,,0.392953,51.48756,55.8928,,1.086681,-4.413093,-12.49255,3.681366,1,2020-09-25,22:17:03 25 Sep 2020,40000
2020,President,Trump,Biden,,31,5e-05,0.0077694,0.989425,0.010575,,0.2304874,0.9952719,0.9997808,0.013725,58.44807,39.7864,,1.765531,53.66317,35.05549,,0.9404961,63.17832,44.58852,,2.708047,18.66167,9.094048,28.06387,1,2020-09-25,22:17:03 25 Sep 2020,40000
2020,President,Trump,Biden,,55,0.0990375,4.613084,0.197475,0.802525,,0.8574503,0.9226192,0.7423279,0.9655408,46.59067,52.44239,,0.9669433,42.10903,47.955,,0.52428,51.08427,56.90341,,1.467932,-5.851718,-14.77647,3.119234,1,2020-09-25,22:17:03 25 Sep 2020,40000
2020,President,Trump,Biden,,54,0.00015,0.0338504,0.99295,0.00705,,0.2295685,0.9787234,0.9993424,0.0089978,66.03169,32.16012,,1.808188,58.93668,25.18111,,0.9637787,73.04448,39.23035,,2.77518,33.87157,19.72993,47.82155,1,2020-09-25,22:17:03 25 Sep 2020,40000
2020,President,Trump,Biden,,53,0.00175,0.0702088,0.010575,0.989425,,0.5981088,0.7708012,0.0277291,0.994523,37.11152,60.7173,,2.17117,31.31865,54.88454,,1.150908,42.92297,66.54214,,3.343381,-23.60578,-35.16534,-11.99904,1,2020-09-25,22:17:03 25 Sep 2020,40000
2020,President,Trump,Biden,,51,0.0149125,0.5035893,0.043475,0.956525,,0.9505463,0.7995086,0.1811705,0.9972615,44.04547,54.92791,,1.026628,40.0737,50.94793,,0.5557984,48.01945,58.89226,,1.560034,-10.88244,-18.78651,-2.932074,1,2020-09-25,22:17:03 25 Sep 2020,40000
2020,President,Trump,Biden,,50,0.00035,0.1607234,0.014225,0.985775,,0.5465729,0.7713981,0.0340859,0.9916216,33.68609,63.42431,,2.889593,26.18072,55.71235,,1.517845,41.35055,70.97694,,4.473538,-29.73822,-44.7243,-14.4225,1,2020-09-25,22:17:03 25 Sep 2020,40000
2020,President,Trump,Biden,,49,0.0004375,0.0510464,0.964,0.036,,0.2354513,0.96875,0.995068,0.0454783,56.96626,39.81192,,3.221817,51.02686,33.95963,,1.68637,62.86211,45.70071,,4.998382,17.15434,5.490622,28.75088,1,2020-09-25,22:17:03 25 Sep 2020,40000
2020,President,Trump,Biden,,47,0.0004625,0.025062,0.962625,0.037375,,0.2363589,0.9839465,0.9974792,0.0479559,57.56556,41.34293,,1.091508,51.89199,35.70579,,0.5899966,63.20694,47.01711,,1.660417,16.22262,4.903139,27.50286,1,2020-09-25,22:17:03 25 Sep 2020,40000
2020,President,Trump,Biden,,46,6.25e-05,0.0201314,0.971025,0.028975,,0.2342885,0.9792925,0.9973696,0.037002,59.42824,39.11824,,1.453519,53.03902,32.8046,,0.7796402,65.73882,45.49167,,2.222129,20.30999,7.568808,32.911,1,2020-09-25,22:17:03 25 Sep 2020,40000
2020,President,Trump,Biden,,45,0.0010875,0.0697348,0.873,0.127,,0.2603666,0.9933071,0.9964927,0.1645041,53.62544,45.5133,,0.8612567,49.04,40.98951,,0.4683514,58.15097,50.06868,,1.305067,8.112143,-1.024672,17.16074,1,2020-09-25,22:17:03 25 Sep 2020,40000
2020,President,Trump,Biden,,44,0.0002875,0.0902362,0.00785,0.99215,,0.8630573,0.7719095,0.0297019,0.998696,37.33472,61.26057,,1.4047,31.52529,55.31712,,0.754167,43.25851,67.1001,,2.146177,-23.92585,-35.55856,-12.10611,1,2020-09-25,22:17:03 25 Sep 2020,40000
2020,President,Trump,Biden,,48,0.0149125,0.2241078,0.709225,0.290775,,0.3209489,0.9982805,0.9979176,0.378529,51.36446,47.6261,,1.009438,46.89347,43.16123,,0.5467265,55.83355,52.08179,,1.533505,3.738362,-5.202877,12.64762,1,2020-09-25,22:17:03 25 Sep 2020,40000
2020,President,Trump,Biden,,56,6.25e-05,0.0339571,0.998325,0.001675,,0.2283575,0.9253731,0.999452,0.0020213,68.38569,28.29979,,3.314515,61.9104,22.06528,,1.733265,74.75767,34.61535,,5.14503,40.0859,27.46425,52.51967,1,2020-09-25,22:17:03 25 Sep 2020,40000
2020,President,Trump,Biden,,36,0.000425,0.007768,0.000475,0.999525,,0.7368421,0.7670894,0.0015344,0.999837,36.43745,62.51589,,1.046668,32.01971,58.00687,,0.5663686,40.94156,66.94033,,1.590971,-26.07844,-34.89581,-17.08046,1,2020-09-25,22:17:03 25 Sep 2020,40000
2020,President,Trump,Biden,,41,0.007625,0.513715,0.072575,0.927425,,0.658629,0.8004421,0.2095572,0.9680511,42.00534,55.58351,,2.411155,36.07584,49.66597,,1.273909,47.91828,61.49939,,3.72013,-13.57817,-25.34931,-1.83469,1,2020-09-25,22:17:03 25 Sep 2020,40000
2020,President,Trump,Biden,,33,0.020675,3.826656,0.260475,0.739525,,0.6305788,0.9083533,0.7200789,0.8759862,46.26805,52.65967,,1.072283,39.79293,46.09534,,0.5798702,52.84233,59.15458,,1.630626,-6.39162,-19.36532,6.7253,1,2020-09-25,22:17:03 25 Sep 2020,40000
2020,President,Trump,Biden,,34,0.006775,0.24649,0.024375,0.975625,,0.6717949,0.7779116,0.0717887,0.9896981,40.42809,58.73652,,0.8353909,34.89443,53.11864,,0.4546384,46.02931,64.2694,,1.265206,-18.30843,-29.37963,-7.094078,1,2020-09-25,22:17:03 25 Sep 2020,40000
2020,President,Trump,Biden,,35,0.0068125,1.185424,0.053175,0.946825,,0.8265162,0.8004383,0.1926786,0.9882963,42.52082,55.61679,,1.862395,37.41998,50.45615,,0.9918112,47.66648,60.70911,,2.85985,-13.09597,-23.26609,-2.824707,1,2020-09-25,22:17:03 25 Sep 2020,40000
2020,President,Trump,Biden,,32,0.0302625,3.515621,0.1761,0.8239,,0.7971323,0.8883966,0.6154099,0.9544892,45.85069,52.43295,,1.716356,41.29094,47.83823,,0.9162108,50.43844,56.99603,,2.631853,-6.582264,-15.64675,2.557383,1,2020-09-25,22:17:03 25 Sep 2020,40000
2020,President,Trump,Biden,,37,0.049125,1.397245,0.4603,0.5397,,0.4771345,0.9835557,0.9628453,0.6922149,49.28978,49.9307,,0.7795157,45.00609,45.63725,,0.4249606,53.59375,54.19838,,1.179218,-0.6409144,-9.198753,7.939476,1,2020-09-25,22:17:03 25 Sep 2020,40000
2020,President,Trump,Biden,,38,1.25e-05,0.0048598,0.9917,0.0083,,0.2298326,0.9789157,0.9992328,0.0105953,60.6478,36.70727,,2.644926,54.9318,31.08532,,1.393314,66.31972,42.39157,,4.087729,23.94053,12.64551,35.14728,1,2020-09-25,22:17:03 25 Sep 2020,40000
2020,President,Trump,Biden,,39,0.0474875,1.189614,0.4842,0.5158,,0.4668525,0.9956378,0.9910127,0.6696877,49.35806,49.64154,,1.000409,44.88729,45.20738,,0.5419596,53.7699,54.09582,,1.519574,-0.2834807,-9.181511,8.57449,1,2020-09-25,22:17:03 25 Sep 2020,40000
2020,President,Trump,Biden,,40,6.25e-05,0.0060269,0.9939,0.0061,,0.2293239,0.9713115,0.9992328,0.0077264,62.69044,36.10505,,1.204512,57.10255,30.55923,,0.6494006,68.25623,41.68346,,1.835431,26.58538,15.44425,37.66491,1,2020-09-25,22:17:03 25 Sep 2020,40000
2020,President,Trump,Biden,,16,0.0,0.0,0.996,0.004,,0.2301205,0.98125,0.9996729,0.0051229,61.96582,35.12356,,2.910617,56.29128,29.57491,,1.53306,67.59215,40.72097,,4.502131,26.84226,15.69715,37.8833,1,2020-09-24,19:10:02 24 Sep 2020,40000
2020,President,Trump,Biden,,27,0.027975,1.297939,0.113125,0.886875,,0.8895028,0.8501762,0.4388834,0.9841094,45.10686,53.38121,,1.51193,40.66144,48.96187,,0.8124723,49.53637,57.82783,,2.310905,-8.274346,-17.12513,0.5300808,1,2020-09-24,19:10:02 24 Sep 2020,40000
2020,President,Trump,Biden,,26,0.0826125,2.329701,0.14195,0.85805,,0.9344839,0.8822038,0.5785629,0.9879923,45.87088,53.01582,,1.113299,41.59927,48.71752,,0.603314,50.16132,57.28739,,1.692773,-7.144935,-15.66344,1.420107,1,2020-09-24,19:10:02 24 Sep 2020,40000
2020,President,Trump,Biden,,25,0.0003,0.0129169,0.0017,0.9983,,0.7205882,0.7670039,0.0053429,0.9993801,33.16201,65.26161,,1.576371,27.40213,59.40344,,0.8461028,39.01382,71.03448,,2.41113,-32.0996,-43.602,-20.44869,1,2020-09-24,19:10:02 24 Sep 2020,40000
2020,President,Trump,Biden,,24,0.0002,0.0105326,0.001875,0.998125,,0.6133333,0.7668879,0.0050158,0.9990537,35.59158,63.06005,,1.348365,30.86391,58.22993,,0.7269506,40.41591,67.79176,,2.056811,-27.46847,-36.92071,-17.81654,1,2020-09-24,19:10:02 24 Sep 2020,40000
2020,President,Trump,Biden,,23,0.0023875,0.4516855,0.1176,0.8824,,0.6857993,0.8266376,0.351761,0.9520345,43.31024,55.24458,,1.445179,36.7801,48.73215,,0.7777816,49.83095,61.78569,,2.208074,-11.93434,-24.98851,1.106899,1,2020-09-24,19:10:02 24 Sep 2020,40000
2020,President,Trump,Biden,,22,0.0019625,0.1376889,0.9048,0.0952,,0.249475,0.9627101,0.9845164,0.1196202,56.15439,42.96605,,0.879563,49.70688,36.54646,,0.4795318,62.56804,49.38518,,1.332108,13.18835,0.3091068,26.02279,1,2020-09-24,19:10:02 24 Sep 2020,40000
2020,President,Trump,Biden,,21,0.000125,0.0088352,0.984625,0.015375,,0.2325505,0.9804878,0.9986915,0.0196757,59.72021,39.09053,,1.189254,54.17189,33.55796,,0.6433228,65.27052,44.63416,,1.810473,20.62968,9.558224,31.68073,1,2020-09-24,19:10:02 24 Sep 2020,40000
2020,President,Trump,Biden,,20,0.0002125,0.0252439,0.9303,0.0697,,0.2462109,0.9967719,0.9990187,0.0906777,54.61432,43.52459,,1.861097,49.81263,38.80424,,0.9941425,59.36808,48.30441,,2.85495,11.08973,1.56373,20.52316,1,2020-09-24,19:10:02 24 Sep 2020,40000
2020,President,Trump,Biden,,19,0.004775,0.4344999,0.627175,0.372825,,0.3641727,0.997586,0.9961836,0.4854309,50.52613,48.1189,,1.354976,45.62698,43.202,,0.7304139,55.4435,53.02047,,2.067059,2.407227,-7.327919,12.20706,1,2020-09-24,19:10:02 24 Sep 2020,40000
2020,President,Trump,Biden,,18,0.000125,0.0058874,0.962975,0.037025,,0.2379864,0.9972991,0.9995638,0.048194,55.94965,42.66697,,1.383376,51.27806,37.98253,,0.7452854,60.61987,47.31147,,2.111169,13.28268,3.961166,22.60952,1,2020-09-24,19:10:02 24 Sep 2020,40000
2020,President,Trump,Biden,,17,0.00065,0.0162542,0.002725,0.997275,,0.8990825,0.7680178,0.0106859,0.9996737,38.72862,59.76614,,1.505238,34.31683,55.26687,,0.80898,43.17396,64.1804,,2.300502,-21.03752,-29.81229,-12.10902,1,2020-09-24,19:10:02 24 Sep 2020,40000
2020,President,Trump,Biden,,01,0.00055,0.0355525,0.97075,0.02925,,0.234973,0.959829,0.9948751,0.0366431,58.65128,40.545,,0.8037195,52.93804,34.87557,,0.4391885,64.30777,46.24007,,1.215399,18.10627,6.695648,29.4321,1,2020-09-24,19:10:02 24 Sep 2020,40000
2020,President,Trump,Biden,,15,0.0005375,0.178993,0.01075,0.98925,,0.4813953,0.7689158,0.0225711,0.9927889,32.57684,65.60538,,1.817791,24.71817,57.60667,,0.9716815,40.55008,73.47913,,2.787447,-33.02854,-48.7286,-17.07043,1,2020-09-24,19:10:02 24 Sep 2020,40000
2020,President,Trump,Biden,,13,0.0188625,0.6213912,0.633025,0.366975,,0.3548043,0.9867839,0.9796097,0.4726401,50.64361,48.52771,,0.8286836,46.55838,44.43934,,0.452473,54.73377,52.59628,,1.253797,2.115901,-6.027845,10.2649,1,2020-09-24,19:10:02 24 Sep 2020,40000
2020,President,Trump,Biden,,12,0.1159625,1.619963,0.430275,0.569725,,0.5178665,0.9883716,0.9718679,0.7349496,48.9957,50.22012,,0.7841828,44.50808,45.72783,,0.4287838,53.48487,54.69697,,1.185326,-1.224426,-10.18736,7.743538,1,2020-09-24,19:10:02 24 Sep 2020,40000
2020,President,Trump,Biden,,11,0.0,0.0,0.0,1.0,,,0.766175,0.0,1.0,5.825515,90.70145,,3.473028,3.232319,87.32395,,1.818289,8.543543,93.80882,,5.391642,-84.87594,-90.33127,-79.07579,1,2020-09-24,19:10:02 24 Sep 2020,40000
2020,President,Trump,Biden,,10,6.25e-05,0.0198865,0.001225,0.998775,,0.9183673,0.7670146,0.0049068,0.9998695,38.56176,60.30828,,1.129958,34.47245,56.15196,,0.6121026,42.69987,64.39534,,1.718548,-21.74652,-29.88395,-13.45577,1,2020-09-24,19:10:02 24 Sep 2020,40000
2020,President,Trump,Biden,,09,0.000775,0.0670439,0.01015,0.98985,,0.906404,0.7730717,0.0401265,0.9987601,39.99548,59.07944,,0.9250797,35.04349,54.06868,,0.5036867,44.98773,64.02703,,1.40213,-19.08396,-28.98346,-9.089834,1,2020-09-24,19:10:02 24 Sep 2020,40000
2020,President,Trump,Biden,,08,0.0266625,1.297083,0.126675,0.873325,,0.7868561,0.8468211,0.4347399,0.9652495,44.59762,53.48079,,1.921588,39.57528,48.46451,,1.025485,49.62714,58.4912,,2.949237,-8.883166,-18.8657,1.128012,1,2020-09-24,19:10:02 24 Sep 2020,40000
2020,President,Trump,Biden,,06,0.0023375,0.0231065,0.0026,0.9974,,0.6634616,0.7672949,0.0075237,0.998858,34.6266,63.40991,,1.963491,29.33528,58.04849,,1.047176,39.98539,68.73634,,3.014631,-28.78331,-39.34052,-18.11044,1,2020-09-24,19:10:02 24 Sep 2020,40000
2020,President,Trump,Biden,,05,0.0005125,0.0624566,0.9428,0.0572,,0.2422571,0.9847028,0.9961836,0.0735145,56.51324,41.87576,,1.611006,50.67162,36.0544,,0.8641583,62.35385,47.73271,,2.465029,14.63748,2.976303,26.2509,1,2020-09-24,19:10:02 24 Sep 2020,40000
2020,President,Trump,Biden,,04,0.0622875,3.145439,0.35115,0.64885,,0.5474868,0.9392387,0.8385127,0.7954123,47.90502,50.76839,,1.326594,42.93774,45.78261,,0.7155413,52.9237,55.75302,,2.023067,-2.863369,-12.79182,7.120785,1,2020-09-24,19:10:02 24 Sep 2020,40000
2020,President,Trump,Biden,,02,0.001925,0.8606834,0.80635,0.19365,,0.2760898,0.9650142,0.9709955,0.2439064,53.13631,44.62648,,2.237207,46.54574,38.22592,,1.18835,59.60259,51.20956,,3.442921,8.509837,-4.648571,21.31474,1,2020-09-24,19:10:02 24 Sep 2020,40000
2020,President,Trump,Biden,,28,0.0025125,0.2980202,0.86675,0.13325,,0.254889,0.9369606,0.9635808,0.1629523,55.42202,43.78135,,0.7966261,48.52595,36.92926,,0.4354117,62.27879,50.65664,,1.204479,11.64067,-2.079737,25.34104,1,2020-09-24,19:10:02 24 Sep 2020,40000
2020,President,Trump,Biden,,29,0.0009125,0.0452476,0.90565,0.09435,,0.2526086,0.9947006,0.9978192,0.1224916,54.26237,44.33263,,1.405005,49.39739,39.45259,,0.7566041,59.14256,49.16284,,2.144779,9.929743,0.2916927,19.6365,1,2020-09-24,19:10:02 24 Sep 2020,40000
2020,President,Trump,Biden,,30,0.001375,0.370686,0.868125,0.131875,,0.2610799,0.979526,0.9885508,0.1685973,54.19571,43.64951,,2.154787,48.05315,37.54427,,1.145927,60.29211,49.78423,,3.313722,10.5462,-1.710957,22.68021,1,2020-09-24,19:10:02 24 Sep 2020,40000
2020,President,Trump,Biden,,44,0.0002875,0.0869893,0.008575,0.991425,,0.8746356,0.7717175,0.0327118,0.9985969,37.40376,61.18358,,1.41266,31.49604,55.17029,,0.7606089,43.40824,67.07171,,2.156673,-23.77982,-35.54504,-11.79041,1,2020-09-24,19:10:02 24 Sep 2020,40000
2020,President,Trump,Biden,,31,1.25e-05,0.0017284,0.988875,0.011125,,0.231728,0.988764,0.9994548,0.014357,58.40816,39.82111,,1.770725,53.59807,35.09266,,0.945159,63.15585,44.62859,,2.711535,18.58705,9.051104,28.02363,1,2020-09-24,19:10:02 24 Sep 2020,40000
2020,President,Trump,Biden,,56,2.5e-05,0.0111612,0.99825,0.00175,,0.2295267,0.9142857,0.9993458,0.0020883,68.34488,28.32116,,3.333965,61.83162,22.07866,,1.748042,74.72055,34.72808,,5.171076,40.02372,27.28561,52.47264,1,2020-09-24,19:10:02 24 Sep 2020,40000
2020,President,Trump,Biden,,55,0.0948,4.413836,0.196875,0.803125,,0.8595555,0.9211518,0.7380875,0.9655758,46.54602,52.48512,,0.9688576,42.06297,47.97894,,0.5269021,51.048,56.95289,,1.469648,-5.939102,-14.86089,3.04138,1,2020-09-24,19:10:02 24 Sep 2020,40000
2020,President,Trump,Biden,,54,5e-05,0.0112146,0.99355,0.00645,,0.2305118,0.9612403,0.9989096,0.0080921,66.02608,32.16268,,1.811234,58.90166,25.19041,,0.9682789,73.02991,39.26579,,2.777224,33.86341,19.61991,47.80591,1,2020-09-24,19:10:02 24 Sep 2020,40000
2020,President,Trump,Biden,,53,0.00165,0.0654039,0.011,0.989,,0.6590909,0.7709302,0.0316214,0.9951382,37.16471,60.65734,,2.177951,31.33311,54.73071,,1.157857,43.08261,66.5255,,3.350008,-23.49263,-35.16972,-11.73228,1,2020-09-24,19:10:02 24 Sep 2020,40000
2020,President,Trump,Biden,,51,0.013825,0.4632647,0.04575,0.95425,,0.9459016,0.8003406,0.1887471,0.9968023,44.08464,54.8868,,1.028557,40.08975,50.85599,,0.5585295,48.10334,58.88859,,1.561853,-10.80216,-18.79377,-2.765944,1,2020-09-24,19:10:02 24 Sep 2020,40000
2020,President,Trump,Biden,,50,0.0003125,0.1388091,0.013925,0.986075,,0.545781,0.770631,0.033148,0.99181,33.72449,63.38892,,2.886585,26.20016,55.62343,,1.520801,41.42207,70.92212,,4.464272,-29.66442,-44.64332,-14.29806,1,2020-09-24,19:10:02 24 Sep 2020,40000
2020,President,Trump,Biden,,48,0.0139375,0.208195,0.71985,0.28015,,0.3177398,0.9980367,0.9976012,0.3649297,51.52089,47.47523,,1.003877,47.03559,42.97917,,0.5454615,56.02501,51.96022,,1.523716,4.045664,-4.913242,13.01706,1,2020-09-24,19:10:02 24 Sep 2020,40000
2020,President,Trump,Biden,,47,0.000525,0.0295078,0.96115,0.03885,,0.2378661,0.983269,0.997165,0.0498581,57.57691,41.3302,,1.092894,51.93092,35.71146,,0.5925432,63.20734,46.99239,,1.661214,16.24671,4.973322,27.47071,1,2020-09-24,19:10:02 24 Sep 2020,40000
2020,President,Trump,Biden,,46,0.0003,0.1082766,0.972225,0.027775,,0.235105,0.9747975,0.9969469,0.0353379,59.41536,39.12283,,1.461819,53.0275,32.75412,,0.7863071,65.77263,45.50515,,2.233025,20.29253,7.57951,33.01452,1,2020-09-24,19:10:02 24 Sep 2020,40000
2020,President,Trump,Biden,,45,0.00125,0.0796662,0.8747,0.1253,,0.2611753,0.9934158,0.9964017,0.1624629,53.63153,45.50668,,0.8617874,49.05647,40.95982,,0.4700828,58.18193,50.06351,,1.30474,8.12485,-1.003235,17.21367,1,2020-09-24,19:10:02 24 Sep 2020,40000
2020,President,Trump,Biden,,49,0.0006375,0.0723525,0.96355,0.03645,,0.2370401,0.9759945,0.9961836,0.046432,56.97248,39.79902,,3.228506,50.96135,33.93483,,1.694675,62.87245,45.73864,,5.00423,17.17346,5.396889,28.76917,1,2020-09-24,19:10:02 24 Sep 2020,40000
2020,President,Trump,Biden,,42,0.331025,7.504504,0.2439,0.7561,,0.8353834,0.9635299,0.8886708,0.9508598,47.46646,51.81254,,0.7210006,43.4185,47.73994,,0.3950627,51.53654,55.85275,,1.088165,-4.346078,-12.41706,3.780231,1,2020-09-24,19:10:02 24 Sep 2020,40000
2020,President,Trump,Biden,,36,0.0006375,0.0118434,0.000875,0.999125,,0.8285714,0.7666959,0.0031621,0.9998042,36.50461,62.44609,,1.049303,32.02237,57.9464,,0.5695074,41.01762,66.92584,,1.593856,-25.94148,-34.9052,-16.94576,1,2020-09-24,19:10:02 24 Sep 2020,40000
2020,President,Trump,Biden,,41,0.0068125,0.4556598,0.0737,0.9263,,0.6638399,0.8005236,0.21339,0.9678272,42.06295,55.52099,,2.416059,36.14301,49.61266,,1.280199,47.9622,61.4495,,3.723596,-13.45805,-25.21175,-1.747908,1,2020-09-24,19:10:02 24 Sep 2020,40000
2020,President,Trump,Biden,,33,0.0221875,4.117516,0.261075,0.738925,,0.6328641,0.9084481,0.7206411,0.876138,46.29284,52.63271,,1.07445,39.7906,46.07397,,0.5828022,52.8402,59.14881,,1.632697,-6.339869,-19.36246,6.779778,1,2020-09-24,19:10:02 24 Sep 2020,40000
2020,President,Trump,Biden,,34,0.005875,0.2142554,0.0235,0.9765,,0.6957447,0.7773169,0.0713117,0.9907005,40.48166,58.68077,,0.8375753,35.00866,53.17667,,0.4572027,45.99926,64.16142,,1.267477,-18.19912,-29.12826,-7.214973,1,2020-09-24,19:10:02 24 Sep 2020,40000
2020,President,Trump,Biden,,35,0.0073,1.263764,0.0538,0.9462,,0.8443308,0.801152,0.1981245,0.9893954,42.56476,55.56785,,1.867393,37.45483,50.42703,,0.9974067,47.70708,60.68717,,2.864762,-13.00309,-23.14718,-2.76639,1,2020-09-24,19:10:02 24 Sep 2020,40000
2020,President,Trump,Biden,,32,0.02745,3.198092,0.167675,0.832325,,0.8134785,0.8837894,0.5949188,0.960094,45.74316,52.53183,,1.725009,41.12217,47.9297,,0.9234942,50.35701,57.15113,,2.64264,-6.788666,-15.99438,2.361639,1,2020-09-24,19:10:02 24 Sep 2020,40000
2020,President,Trump,Biden,,37,0.0490625,1.395298,0.4619,0.5381,,0.4776467,0.9834139,0.9622724,0.6906712,49.29625,49.9234,,0.7803516,44.98186,45.60139,,0.4267424,53.61395,54.23602,,1.17943,-0.6271536,-9.257107,7.999559,1,2020-09-24,19:10:02 24 Sep 2020,40000
2020,President,Trump,Biden,,38,2.5e-05,0.0111723,0.991575,0.008425,,0.2310466,0.9792285,0.9992367,0.0107678,60.65377,36.69718,,2.649049,54.89272,31.04599,,1.399473,66.3172,42.39183,,4.089773,23.95659,12.60956,35.13449,1,2020-09-24,19:10:02 24 Sep 2020,40000
2020,President,Trump,Biden,,39,0.0493,1.237794,0.4848,0.5152,,0.4686984,0.9959239,0.9910588,0.6696904,49.35886,49.6398,,1.001334,44.89774,45.18475,,0.5441148,53.78674,54.08421,,1.51979,-0.2809454,-9.165169,8.598909,1,2020-09-24,19:10:02 24 Sep 2020,40000
2020,President,Trump,Biden,,40,8.75e-05,0.0090744,0.9939,0.0061,,0.2303803,0.9508197,0.9986915,0.0075701,62.68424,36.10997,,1.205795,57.04686,30.54568,,0.6520365,68.26809,41.73824,,1.836074,26.57427,15.30263,37.69934,1,2020-09-24,19:10:02 24 Sep 2020,40000
2020,President,Trump,Biden,,16,0.0,0.0,0.995675,0.004325,,0.2232656,0.9884393,0.9997751,0.0055309,61.87708,35.20694,,2.915989,56.17644,29.6375,,1.534605,67.50075,40.80965,,4.509298,26.67014,15.49111,37.71898,1,2020-09-23,20:53:03 23 Sep 2020,40000
2020,President,Trump,Biden,,27,0.030225,1.405709,0.113525,0.886475,,0.8729355,0.8561155,0.4456937,0.981887,45.04906,53.43747,,1.513477,40.60133,48.95286,,0.8127911,49.52095,57.90703,,2.31166,-8.38841,-17.27891,0.5608215,1,2020-09-23,20:53:03 23 Sep 2020,40000
2020,President,Trump,Biden,,26,0.0644625,1.818384,0.1204,0.8796,,0.9464286,0.8714757,0.5124803,0.9917521,45.49024,53.37791,,1.13185,41.18718,49.03144,,0.6126828,49.84759,57.65928,,1.719789,-7.887664,-16.45765,0.815527,1,2020-09-23,20:53:03 23 Sep 2020,40000
2020,President,Trump,Biden,,25,0.00025,0.0103323,0.00145,0.99855,,0.7758621,0.7737219,0.0050596,0.9995795,33.05408,65.3651,,1.580815,27.29593,59.47057,,0.8478808,38.93093,71.15677,,2.416654,-32.31101,-43.82568,-20.5733,1,2020-09-23,20:53:03 23 Sep 2020,40000
2020,President,Trump,Biden,,24,0.0003875,0.0200658,0.001525,0.998475,,0.6229508,0.7735296,0.0042725,0.9992561,35.46968,63.17796,,1.352353,30.7183,58.30964,,0.7285444,40.30455,67.95671,,2.061359,-27.70828,-37.19494,-18.02781,1,2020-09-23,20:53:03 23 Sep 2020,40000
2020,President,Trump,Biden,,23,0.002425,0.4561658,0.118075,0.881925,,0.674783,0.8331207,0.3583315,0.9506097,43.26471,55.28867,,1.44661,36.72194,48.70298,,0.7778906,49.87315,61.83268,,2.207965,-12.02396,-25.09131,1.159977,1,2020-09-23,20:53:03 23 Sep 2020,40000
2020,President,Trump,Biden,,22,0.0022,0.1572251,0.9017,0.0983,,0.2428191,0.9649034,0.9847088,0.1227157,56.09775,43.02244,,0.8798099,49.58561,36.57737,,0.4793614,62.54084,49.50394,,1.330826,13.07532,0.1032276,25.95715,1,2020-09-23,20:53:03 23 Sep 2020,40000
2020,President,Trump,Biden,,21,0.0001125,0.0087841,0.983825,0.016175,,0.2257261,0.9829984,0.9987632,0.0205712,59.66097,39.16062,,1.178411,54.04675,33.60741,,0.6371866,65.20798,44.75023,,1.791831,20.50035,9.309347,31.59601,1,2020-09-23,20:53:03 23 Sep 2020,40000
2020,President,Trump,Biden,,20,0.0001375,0.0168028,0.9357,0.0643,,0.2374693,0.9976672,0.9993254,0.0829964,54.76497,43.36723,,1.867802,49.97322,38.61646,,0.9970058,59.51497,48.14182,,2.864378,11.39774,1.880863,20.82307,1,2020-09-23,20:53:03 23 Sep 2020,40000
2020,President,Trump,Biden,,19,0.005425,0.4901034,0.63315,0.36685,,0.3496407,0.9972741,0.995615,0.4733318,50.61422,48.04358,,1.342202,45.63397,43.08794,,0.7232235,55.56995,53.00068,,2.045608,2.570632,-7.329395,12.44457,1,2020-09-23,20:53:03 23 Sep 2020,40000
2020,President,Trump,Biden,,18,0.000125,0.006128,0.958875,0.041125,,0.231782,0.9975684,0.9995503,0.0530776,55.86973,42.74244,,1.387835,51.13563,38.05122,,0.7471334,60.54889,47.46178,,2.1164,13.1273,3.724205,22.44219,1,2020-09-23,20:53:03 23 Sep 2020,40000
2020,President,Trump,Biden,,17,0.0005625,0.0143134,0.0029,0.9971,,0.9396552,0.7749975,0.0122555,0.9997736,38.64413,59.86016,,1.495703,34.214,55.38377,,0.8035204,43.09315,64.31865,,2.284031,-21.21604,-30.08932,-12.3357,1,2020-09-23,20:53:03 23 Sep 2020,40000
2020,President,Trump,Biden,,01,0.0004,0.026587,0.97025,0.02975,,0.2282659,0.9705882,0.9960648,0.0373581,58.58991,40.60569,,0.8043998,52.86599,34.94612,,0.4392392,64.25775,46.33071,,1.214836,17.98422,6.548342,29.33535,1,2020-09-23,20:53:03 23 Sep 2020,40000
2020,President,Trump,Biden,,15,0.000575,0.1942283,0.011025,0.988975,,0.4875284,0.7758285,0.0241736,0.9926901,32.47726,65.69937,,1.823372,24.66922,57.74238,,0.9739683,40.42119,73.57581,,2.794927,-33.22211,-48.86449,-17.34209,1,2020-09-23,20:53:03 23 Sep 2020,40000
2020,President,Trump,Biden,,13,0.01965,0.6488152,0.631525,0.368475,,0.3452753,0.9879232,0.9806611,0.4709707,50.66264,48.52325,,0.8141085,46.54569,44.41101,,0.4444108,54.78194,52.6313,,1.229753,2.139388,-6.079571,10.36639,1,2020-09-23,20:53:03 23 Sep 2020,40000
2020,President,Trump,Biden,,12,0.1191875,1.66666,0.42595,0.57405,,0.5092734,0.9903318,0.9756016,0.7355177,48.94777,50.26796,,0.7842643,44.41207,45.74251,,0.4285075,53.46658,54.79099,,1.18392,-1.320187,-10.37695,7.701643,1,2020-09-23,20:53:03 23 Sep 2020,40000
2020,President,Trump,Biden,,11,0.0,0.0,0.0,1.0,,,0.772925,0.0,1.0,5.783665,90.7616,,3.454729,3.217971,87.40665,,1.807646,8.520386,93.87056,,5.360797,-84.97794,-90.39264,-79.24144,1,2020-09-23,20:53:03 23 Sep 2020,40000
2020,President,Trump,Biden,,10,2.5e-05,0.0078318,0.001375,0.998625,,0.9636363,0.7739392,0.0059591,0.9999353,38.47279,60.3933,,1.133919,34.34035,56.22293,,0.6137727,42.64986,64.52695,,1.722994,-21.92051,-30.17083,-13.58716,1,2020-09-23,20:53:03 23 Sep 2020,40000
2020,President,Trump,Biden,,09,0.00075,0.0642286,0.010675,0.989325,,0.9063232,0.7802542,0.0435125,0.9987062,39.87849,59.19244,,0.9290707,34.89087,54.15958,,0.5055157,44.90944,64.18039,,1.406709,-19.31395,-29.28117,-9.271126,1,2020-09-23,20:53:03 23 Sep 2020,40000
2020,President,Trump,Biden,,08,0.02795,1.356831,0.11965,0.88035,,0.7891768,0.8496904,0.4246683,0.9677847,44.44961,53.62308,,1.927309,39.43205,48.56514,,1.027802,49.49374,58.65931,,2.957272,-9.173465,-19.17223,0.8857365,1,2020-09-23,20:53:03 23 Sep 2020,40000
2020,President,Trump,Biden,,06,0.002375,0.0237649,0.0024,0.9976,,0.6458333,0.7739325,0.006971,0.9989003,34.52814,63.5047,,1.967156,29.21866,58.09768,,1.048397,39.95234,68.85931,,3.019531,-28.97655,-39.57765,-18.20518,1,2020-09-23,20:53:03 23 Sep 2020,40000
2020,President,Trump,Biden,,05,0.0004875,0.0606554,0.94045,0.05955,,0.2355255,0.9857263,0.9961772,0.0759453,56.42618,41.95982,,1.613994,50.52724,36.1418,,0.8651507,62.26008,47.83922,,2.46838,14.46636,2.712784,26.02773,1,2020-09-23,20:53:03 23 Sep 2020,40000
2020,President,Trump,Biden,,04,0.0627625,3.171323,0.3495,0.6505,,0.5383405,0.9439278,0.8461884,0.7944173,47.87831,50.78763,,1.334057,42.85995,45.78058,,0.718953,52.89317,55.78838,,2.032967,-2.909323,-12.92925,7.079037,1,2020-09-23,20:53:03 23 Sep 2020,40000
2020,President,Trump,Biden,,02,0.00195,0.8773101,0.798775,0.201225,,0.2696942,0.9638464,0.9688554,0.2509299,53.04451,44.71648,,2.239006,46.47803,38.28099,,1.188495,59.53374,51.29847,,3.44473,8.328036,-4.759178,21.18718,1,2020-09-23,20:53:03 23 Sep 2020,40000
2020,President,Trump,Biden,,28,0.0023,0.2666478,0.86325,0.13675,,0.2482769,0.9407678,0.9639083,0.1664456,55.34562,43.85696,,0.797417,48.45097,37.03523,,0.4355184,62.18391,50.75634,,1.204113,11.48867,-2.296404,25.12204,1,2020-09-23,20:53:03 23 Sep 2020,40000
2020,President,Trump,Biden,,29,0.0007375,0.0377589,0.901125,0.098875,,0.2460535,0.9936789,0.9971891,0.1271145,54.20036,44.39254,,1.407104,49.28589,39.49132,,0.7572178,59.08514,49.27633,,2.146303,9.807818,0.0536327,19.58682,1,2020-09-23,20:53:03 23 Sep 2020,40000
2020,President,Trump,Biden,,30,0.0015625,0.4271091,0.86505,0.13495,,0.2539448,0.9796221,0.9879694,0.1710386,54.14302,43.6989,,2.158079,47.95493,37.55524,,1.146862,60.32012,49.89324,,3.317964,10.44412,-1.879099,22.66744,1,2020-09-23,20:53:03 23 Sep 2020,40000
2020,President,Trump,Biden,,44,0.000325,0.0943738,0.00825,0.99175,,0.8484849,0.7781195,0.0314819,0.9984151,37.3319,61.26468,,1.403418,31.41337,55.30602,,0.7552891,43.27409,67.1897,,2.140582,-23.93278,-35.74516,-12.05426,1,2020-09-23,20:53:03 23 Sep 2020,40000
2020,President,Trump,Biden,,31,5e-05,0.0074514,0.988,0.012,,0.225,0.9958333,0.9997751,0.0154608,58.33833,39.89335,,1.768314,53.50278,35.15291,,0.9432556,63.10905,44.73736,,2.705168,18.44498,8.831129,27.91732,1,2020-09-23,20:53:03 23 Sep 2020,40000
2020,President,Trump,Biden,,56,2.5e-05,0.0119872,0.9981,0.0019,,0.2226731,0.9473684,0.9995503,0.0023288,68.28493,28.40365,,3.311422,61.77815,22.15337,,1.735244,74.69348,34.83537,,5.133681,39.88128,27.07922,52.40977,1,2020-09-23,20:53:03 23 Sep 2020,40000
2020,President,Trump,Biden,,55,0.0964,4.499806,0.18845,0.81155,,0.8568586,0.9206457,0.72622,0.9666526,46.41169,52.61033,,0.9779865,41.89002,48.07969,,0.5314475,50.95497,57.12794,,1.482033,-6.198644,-15.22465,2.865135,1,2020-09-23,20:53:03 23 Sep 2020,40000
2020,President,Trump,Biden,,54,7.5e-05,0.015141,0.993125,0.006875,,0.223713,0.9745455,0.999213,0.0086684,65.92448,32.25906,,1.816462,58.77029,25.23152,,0.970384,73.00607,39.38914,,2.784129,33.66541,19.42199,47.73724,1,2020-09-23,20:53:03 23 Sep 2020,40000
2020,President,Trump,Biden,,53,0.0016875,0.0672174,0.011075,0.988925,,0.6568848,0.7777385,0.0327187,0.9950836,37.0549,60.7599,,2.185194,31.18188,54.83689,,1.160819,42.96019,66.65539,,3.360397,-23.705,-35.37817,-11.96187,1,2020-09-23,20:53:03 23 Sep 2020,40000
2020,President,Trump,Biden,,51,0.0104,0.3479744,0.03465,0.96535,,0.952381,0.7989848,0.1484147,0.9978976,43.58642,55.38486,,1.028721,39.55954,51.30856,,0.5582691,47.64948,59.41882,,1.560338,-11.79844,-19.84591,-3.683107,1,2020-09-23,20:53:03 23 Sep 2020,40000
2020,President,Trump,Biden,,50,0.0004,0.1735305,0.0139,0.9861,,0.5323741,0.7773045,0.0332809,0.9916874,33.65456,63.45684,,2.888599,26.15016,55.71636,,1.520672,41.34021,71.01999,,4.466152,-29.80229,-44.81746,-14.40541,1,2020-09-23,20:53:03 23 Sep 2020,40000
2020,President,Trump,Biden,,48,0.0188625,0.2822111,0.679225,0.320775,,0.3266959,0.9985971,0.9979762,0.4144322,51.10646,47.89174,,1.001797,46.56564,43.35601,,0.5440463,55.65329,52.44579,,1.51878,3.214728,-5.852238,12.28377,1,2020-09-23,20:53:03 23 Sep 2020,40000
2020,President,Trump,Biden,,47,0.000475,0.0262517,0.9589,0.0411,,0.2312024,0.9841849,0.9970767,0.0523337,57.48932,41.4141,,1.09658,51.79393,35.745,,0.5940893,63.14935,47.09811,,1.665168,16.07522,4.721508,27.38154,1,2020-09-23,20:53:03 23 Sep 2020,40000
2020,President,Trump,Biden,,46,0.000225,0.0863276,0.96925,0.03075,,0.2286562,0.9764228,0.9967394,0.0388459,59.33847,39.20935,,1.452185,52.86756,32.75459,,0.7807913,65.79795,45.67918,,2.216354,20.12913,7.210402,33.02858,1,2020-09-23,20:53:03 23 Sep 2020,40000
2020,President,Trump,Biden,,45,0.001275,0.0809848,0.870525,0.129475,,0.2547888,0.995559,0.9975264,0.1667691,53.60263,45.53558,,0.8617895,48.98312,40.98638,,0.4697832,58.14674,50.14776,,1.303098,8.067056,-1.146658,17.15673,1,2020-09-23,20:53:03 23 Sep 2020,40000
2020,President,Trump,Biden,,49,0.0007125,0.0817145,0.960425,0.039575,,0.2303407,0.9715729,0.9949404,0.0497461,56.85101,39.91037,,3.238619,50.80957,33.99561,,1.698393,62.8502,45.87287,,5.018459,16.94064,5.08256,28.68112,1,2020-09-23,20:53:03 23 Sep 2020,40000
2020,President,Trump,Biden,,42,0.346125,7.846454,0.235375,0.764625,,0.8400425,0.9647213,0.8892512,0.9543617,47.36779,51.90672,,0.7254813,43.26981,47.77044,,0.3971787,51.49939,56.00826,,1.093741,-4.538929,-12.74204,3.735788,1,2020-09-23,20:53:03 23 Sep 2020,40000
2020,President,Trump,Biden,,36,0.0006375,0.012228,0.000975,0.999025,,0.8205128,0.7735041,0.0035979,0.9997736,36.41809,62.52945,,1.052456,31.88492,57.93768,,0.5707974,40.99513,67.05659,,1.59699,-26.11136,-35.15192,-16.96269,1,2020-09-23,20:53:03 23 Sep 2020,40000
2020,President,Trump,Biden,,41,0.0074625,0.5026354,0.07295,0.92705,,0.659013,0.8070762,0.2162132,0.9680111,41.96816,55.6113,,2.420539,36.03247,49.65556,,1.281696,47.89434,61.54874,,3.729696,-13.64314,-25.42499,-1.84284,1,2020-09-23,20:53:03 23 Sep 2020,40000
2020,President,Trump,Biden,,33,0.023275,4.301254,0.258575,0.741425,,0.6292178,0.9149274,0.7317293,0.8776401,46.20618,52.71515,,1.078672,39.64547,46.14045,,0.5846375,52.77077,59.26434,,1.637491,-6.508971,-19.60411,6.613695,1,2020-09-23,20:53:03 23 Sep 2020,40000
2020,President,Trump,Biden,,34,0.006575,0.2373589,0.0243,0.9757,,0.696502,0.7846674,0.0761187,0.990523,40.38029,58.77979,,0.8399133,34.88256,53.20076,,0.4581477,45.97424,64.28889,,1.269434,-18.3995,-29.38975,-7.229078,1,2020-09-23,20:53:03 23 Sep 2020,40000
2020,President,Trump,Biden,,35,0.0085875,1.477396,0.0527,0.9473,,0.8277988,0.8066874,0.1961997,0.9886793,42.43367,55.69073,,1.875591,37.31108,50.48481,,1.001042,47.63333,60.82508,,2.876549,-13.25706,-23.47047,-2.933685,1,2020-09-23,20:53:03 23 Sep 2020,40000
2020,President,Trump,Biden,,32,0.0350125,4.067537,0.18395,0.81605,,0.7829573,0.899516,0.6477401,0.9497041,45.86377,52.34123,,1.794998,41.22157,47.67073,,0.9592459,50.5353,56.97846,,2.75059,-6.477459,-15.71736,2.838972,1,2020-09-23,20:53:03 23 Sep 2020,40000
2020,President,Trump,Biden,,37,0.0503125,1.430648,0.457375,0.542625,,0.4671222,0.9833679,0.9608725,0.6903645,49.27151,49.94809,,0.7803977,44.95773,45.60212,,0.4264458,53.61637,54.26008,,1.177985,-0.6765816,-9.28735,8.003565,1,2020-09-23,20:53:03 23 Sep 2020,40000
2020,President,Trump,Biden,,38,5e-05,0.0224892,0.990775,0.009225,,0.2241679,0.9728997,0.9988756,0.0116117,60.53312,36.80783,,2.659044,54.79236,31.15319,,1.403682,66.25274,42.51414,,4.104624,23.72529,12.41149,34.99651,1,2020-09-23,20:53:03 23 Sep 2020,40000
2020,President,Trump,Biden,,39,0.0276625,0.6932114,0.543025,0.456975,,0.4074398,0.9975381,0.9950529,0.5897726,49.84938,49.11793,,1.032686,45.34221,44.66755,,0.5603627,54.31187,53.60422,,1.566459,0.7314565,-8.245102,9.622084,1,2020-09-23,20:53:03 23 Sep 2020,40000
2020,President,Trump,Biden,,40,7.5e-05,0.0074726,0.99395,0.00605,,0.2234267,0.9545454,0.9987632,0.0074716,62.7848,36.04215,,1.17305,57.15237,30.46852,,0.6343671,68.36427,41.68591,,1.783534,26.74265,15.50677,37.87228,1,2020-09-23,20:53:03 23 Sep 2020,40000
2020,President,Trump,Biden,,16,0.0,0.0,0.995775,0.004225,,0.2269087,0.9881657,0.9997787,0.005432,61.91427,35.18182,,2.903908,56.17504,29.64598,,1.518074,67.5401,40.84067,,4.502278,26.73245,15.47715,37.73417,1,2020-09-22,19:00:04 22 Sep 2020,40000
2020,President,Trump,Biden,,27,0.029425,1.366735,0.1176,0.8824,,0.8726616,0.8543744,0.4540929,0.9808743,45.10503,53.39008,,1.504888,40.62405,48.89063,,0.8020359,49.59273,57.89378,,2.30619,-8.285043,-17.22731,0.6524334,1,2020-09-22,19:00:04 22 Sep 2020,40000
2020,President,Trump,Biden,,26,0.066,1.861447,0.1276,0.8724,,0.9431818,0.8728794,0.5325221,0.9907624,45.55833,53.31359,,1.12808,41.22891,48.92541,,0.6058109,49.93095,57.6597,,1.720406,-7.755251,-16.41002,0.9806404,1,2020-09-22,19:00:04 22 Sep 2020,40000
2020,President,Trump,Biden,,25,0.0002875,0.0127209,0.001425,0.998575,,0.7543859,0.7693463,0.0047566,0.9995446,33.15295,65.27892,,1.56813,27.35272,59.34698,,0.8348058,39.09157,71.08505,,2.404841,-32.12597,-43.71471,-20.27359,1,2020-09-22,19:00:04 22 Sep 2020,40000
2020,President,Trump,Biden,,24,0.0001375,0.0071439,0.001525,0.998475,,0.5901639,0.7691479,0.0039823,0.9991868,35.5767,63.08348,,1.33982,30.76506,58.25142,,0.7162846,40.40714,67.89108,,2.049191,-27.50678,-37.08474,-17.88362,1,2020-09-22,19:00:04 22 Sep 2020,40000
2020,President,Trump,Biden,,23,0.0022625,0.4241923,0.125075,0.874925,,0.6673996,0.8312427,0.3693584,0.9462334,44.06429,55.93571,,0.0,37.39966,49.25932,,0.0,50.74068,62.60034,,0.0,-11.87143,-25.20069,1.481354,1,2020-09-22,19:00:04 22 Sep 2020,40000
2020,President,Trump,Biden,,22,0.0020125,0.1412917,0.90135,0.09865,,0.2469074,0.9642676,0.9847345,0.123764,56.11591,43.00968,,0.8744077,49.60332,36.59097,,0.4726116,62.49134,49.52265,,1.328112,13.10623,0.1082268,25.89469,1,2020-09-22,19:00:04 22 Sep 2020,40000
2020,President,Trump,Biden,,21,0.0001125,0.0082343,0.9838,0.0162,,0.2294165,0.9814815,0.9986725,0.020687,59.70346,39.12561,,1.170934,54.091,33.54074,,0.6282274,65.28579,44.70793,,1.786912,20.57784,9.412294,31.71707,1,2020-09-22,19:00:04 22 Sep 2020,40000
2020,President,Trump,Biden,,20,0.000275,0.0328805,0.935525,0.064475,,0.2414152,0.9976735,0.9993363,0.0836911,54.85163,43.29459,,1.853777,50.02358,38.49285,,0.9822867,59.70516,48.11517,,2.851053,11.55704,1.957445,21.13446,1,2020-09-22,19:00:04 22 Sep 2020,40000
2020,President,Trump,Biden,,19,0.0048875,0.4403962,0.6398,0.3602,,0.3515161,0.9968073,0.9951327,0.4671481,50.69882,47.96834,,1.332836,45.67956,42.93954,,0.7126492,55.70538,52.96234,,2.038319,2.730477,-7.263454,12.73896,1,2020-09-22,19:00:04 22 Sep 2020,40000
2020,President,Trump,Biden,,18,0.000125,0.0064613,0.96015,0.03985,,0.2353278,0.9987453,0.9997787,0.0517825,55.93988,42.68285,,1.377266,51.20856,37.96302,,0.7357656,60.65203,47.40495,,2.1075,13.25703,3.810875,22.634,1,2020-09-22,19:00:04 22 Sep 2020,40000
2020,President,Trump,Biden,,17,0.0006,0.0152633,0.0029,0.9971,,0.8965517,0.7705346,0.0115044,0.9996097,38.68285,59.84117,,1.475986,34.21591,55.34237,,0.7870443,43.14384,64.35043,,2.261166,-21.15833,-30.12622,-12.18921,1,2020-09-22,19:00:04 22 Sep 2020,40000
2020,President,Trump,Biden,,01,0.0005375,0.0360991,0.971075,0.028925,,0.2315733,0.9611063,0.9950221,0.0361697,58.63366,40.56762,,0.7987239,52.86944,34.88971,,0.4326548,64.28356,46.31554,,1.211303,18.06605,6.541756,29.39211,1,2020-09-22,19:00:04 22 Sep 2020,40000
2020,President,Trump,Biden,,15,0.0004125,0.1359442,0.010775,0.989225,,0.4825986,0.7713867,0.0230088,0.9928116,32.54869,65.64165,,1.809662,24.68174,57.62176,,0.9595643,40.54581,73.54389,,2.781973,-33.09295,-48.85343,-17.06527,1,2020-09-22,19:00:04 22 Sep 2020,40000
2020,President,Trump,Biden,,13,0.0218375,0.7199765,0.615025,0.384975,,0.3592131,0.986103,0.9775442,0.4939175,50.52771,48.65921,,0.8130874,46.35403,44.49213,,0.4402494,54.673,52.82339,,1.233476,1.8685,-6.461414,10.15529,1,2020-09-22,19:00:04 22 Sep 2020,40000
2020,President,Trump,Biden,,12,0.1388,1.943954,0.3982,0.6018,,0.548217,0.9870805,0.9659292,0.7728662,48.71304,50.49649,,0.7904686,44.14033,45.92443,,0.4282892,53.28884,55.0644,,1.198562,-1.783458,-10.91022,7.342201,1,2020-09-22,19:00:04 22 Sep 2020,40000
2020,President,Trump,Biden,,11,0.0,0.0,0.0,1.0,,,0.7686,0.0,1.0,5.813084,90.77065,,3.416274,3.225366,87.42153,,1.776362,8.553372,93.8868,,5.313847,-84.95756,-90.42795,-79.22299,1,2020-09-22,19:00:04 22 Sep 2020,40000
2020,President,Trump,Biden,,10,2.5e-05,0.0079073,0.001175,0.998825,,0.9574468,0.7694541,0.0049779,0.999935,38.56396,60.31219,,1.123852,34.40764,56.09599,,0.6035979,42.77687,64.49043,,1.713861,-21.74822,-30.08744,-13.34314,1,2020-09-22,19:00:04 22 Sep 2020,40000
2020,President,Trump,Biden,,09,0.0007625,0.0655168,0.011225,0.988775,,0.8997773,0.7761877,0.0446903,0.9985363,39.97873,59.10109,,0.9201784,34.98333,54.009,,0.496715,45.0715,64.08965,,1.398744,-19.12237,-29.08637,-8.958395,1,2020-09-22,19:00:04 22 Sep 2020,40000
2020,President,Trump,Biden,,08,0.0281625,1.366187,0.125325,0.874675,,0.7851586,0.8483723,0.4353982,0.9654567,44.53678,53.55172,,1.911493,39.48309,48.49895,,1.011986,49.60222,58.63305,,2.94139,-9.014941,-19.1054,1.060076,1,2020-09-22,19:00:04 22 Sep 2020,40000
2020,President,Trump,Biden,,06,0.00195,0.0191663,0.00265,0.99735,,0.6415094,0.7696897,0.0075221,0.998764,34.57539,63.46934,,1.955274,29.23729,57.98223,,1.034493,40.01702,68.84563,,3.009912,-28.89396,-39.56866,-17.99552,1,2020-09-22,19:00:04 22 Sep 2020,40000
2020,President,Trump,Biden,,05,0.0006,0.0731695,0.940275,0.059725,,0.2394246,0.9853495,0.9961283,0.0765678,56.50389,41.89478,,1.601335,50.62916,36.07297,,0.8519942,62.33742,47.77472,,2.456721,14.60912,2.893551,26.20396,1,2020-09-22,19:00:04 22 Sep 2020,40000
2020,President,Trump,Biden,,04,0.0660125,3.334604,0.3183,0.6817,,0.5797989,0.9344653,0.8165929,0.8288121,47.51848,51.13269,,1.348826,42.49833,46.05644,,0.7209716,52.59087,56.15035,,2.063213,-3.614208,-13.60275,6.499392,1,2020-09-22,19:00:04 22 Sep 2020,40000
2020,President,Trump,Biden,,02,0.0020875,0.9461098,0.8023,0.1977,,0.2732768,0.9652251,0.9701328,0.2482761,53.11555,44.6592,,2.225246,46.48204,38.19385,,1.172843,59.60973,51.27406,,3.43338,8.45635,-4.733593,21.37609,1,2020-09-22,19:00:04 22 Sep 2020,40000
2020,President,Trump,Biden,,28,0.0028125,0.3281697,0.863,0.137,,0.2524913,0.9395986,0.9641593,0.1674798,55.36837,43.83947,,0.7921569,48.43789,36.98853,,0.4291821,62.22064,50.7407,,1.201167,11.5289,-2.277241,25.20794,1,2020-09-22,19:00:04 22 Sep 2020,40000
2020,President,Trump,Biden,,29,0.000675,0.0340716,0.901525,0.098475,,0.2499653,0.9933993,0.9971239,0.1272769,54.26754,44.33567,,1.396786,49.2809,39.36843,,0.7459142,59.23686,49.28624,,2.137874,9.931865,0.0739918,19.84593,1,2020-09-22,19:00:04 22 Sep 2020,40000
2020,President,Trump,Biden,,30,0.001525,0.4226812,0.865725,0.134275,,0.2579341,0.9785887,0.9880531,0.1709602,54.20071,43.65274,,2.146549,47.927,37.47106,,1.132592,60.42023,49.9388,,3.309808,10.54797,-1.966244,22.91452,1,2020-09-22,19:00:04 22 Sep 2020,40000
2020,President,Trump,Biden,,44,0.0004875,0.1457011,0.00875,0.99125,,0.8714285,0.7742497,0.0337389,0.9985363,37.3792,61.23634,,1.384467,31.44709,55.23407,,0.7395099,43.35339,67.17684,,2.118708,-23.85714,-35.71537,-11.89518,1,2020-09-22,19:00:04 22 Sep 2020,40000
2020,President,Trump,Biden,,31,2.5e-05,0.004084,0.988,0.012,,0.2286437,0.9916667,0.9995575,0.0154827,58.40726,39.84236,,1.750381,53.54992,35.03227,,0.927873,63.24747,44.69506,,2.68762,18.56489,8.872013,28.15658,1,2020-09-22,19:00:04 22 Sep 2020,40000
2020,President,Trump,Biden,,56,2.5e-05,0.013517,0.9984,0.0016,,0.2263371,0.984375,0.9998894,0.0020492,68.35758,28.37446,,3.267953,61.88444,22.0644,,1.701773,74.80824,34.73698,,5.078504,39.98312,27.32048,52.60543,1,2020-09-22,19:00:04 22 Sep 2020,40000
2020,President,Trump,Biden,,55,0.0953375,4.443357,0.2019,0.7981,,0.8384101,0.9239131,0.7490044,0.9593742,46.56412,52.46311,,0.9727693,42.01804,47.88101,,0.5243652,51.14496,57.02648,,1.480026,-5.898991,-14.97945,3.249182,1,2020-09-22,19:00:04 22 Sep 2020,40000
2020,President,Trump,Biden,,54,3.75e-05,0.0082312,0.992925,0.007075,,0.2274593,0.9787986,0.9993363,0.0090099,66.00615,32.19093,,1.802922,58.83678,25.17554,,0.956091,73.05516,39.32154,,2.771417,33.81522,19.49749,47.85973,1,2020-09-22,19:00:04 22 Sep 2020,40000
2020,President,Trump,Biden,,53,0.0016625,0.0663867,0.01085,0.98915,,0.6428571,0.7731133,0.0308628,0.9949583,37.14876,60.68314,,2.168102,31.21699,54.73348,,1.143616,43.10609,66.62868,,3.343635,-23.53439,-35.33971,-11.70513,1,2020-09-22,19:00:04 22 Sep 2020,40000
2020,President,Trump,Biden,,51,0.0116625,0.3932629,0.036675,0.963325,,0.9468303,0.7958893,0.1536504,0.997528,43.68393,55.29688,,1.019193,39.62205,51.24276,,0.5487449,47.72672,59.36156,,1.551761,-11.61295,-19.71259,-3.523788,1,2020-09-22,19:00:04 22 Sep 2020,40000
2020,President,Trump,Biden,,50,0.0004125,0.1848643,0.0142,0.9858,,0.5211267,0.7727734,0.0327434,0.9911528,33.71946,63.40331,,2.877228,26.1979,55.63512,,1.504575,41.43218,71.02148,,4.460121,-29.68386,-44.72624,-14.30018,1,2020-09-22,19:00:04 22 Sep 2020,40000
2020,President,Trump,Biden,,48,0.0185875,0.2799454,0.679775,0.320225,,0.3317642,0.9985167,0.9978982,0.4160161,51.13436,47.87026,,0.9953858,46.55102,43.28535,,0.5362439,55.72212,52.44999,,1.514963,3.264098,-5.882977,12.395,1,2020-09-22,19:00:04 22 Sep 2020,40000
2020,President,Trump,Biden,,47,0.0006625,0.0367767,0.959775,0.040225,,0.2346644,0.9807334,0.9965708,0.0513271,57.53631,41.37526,,1.088429,51.81166,35.67852,,0.5850391,63.22817,47.0984,,1.658981,16.16105,4.742023,27.53156,1,2020-09-22,19:00:04 22 Sep 2020,40000
2020,President,Trump,Biden,,46,0.000175,0.0640421,0.970375,0.029625,,0.2320237,0.971308,0.9962389,0.0374382,59.39442,39.17306,,1.43252,52.88911,32.77383,,0.7644809,65.76659,45.66632,,2.193487,20.22136,7.241478,32.97901,1,2020-09-22,19:00:04 22 Sep 2020,40000
2020,President,Trump,Biden,,45,0.0014,0.0903872,0.86945,0.13055,,0.2591006,0.9944466,0.996792,0.168911,53.61229,45.53135,,0.8563602,48.99213,40.946,,0.4630972,58.19016,50.14449,,1.300233,8.080943,-1.133913,17.22024,1,2020-09-22,19:00:04 22 Sep 2020,40000
2020,President,Trump,Biden,,49,0.000525,0.0607363,0.96125,0.03875,,0.2339922,0.9716129,0.9952434,0.0489852,56.95632,39.82568,,3.218002,50.87913,33.85014,,1.676621,62.96547,45.83442,,4.999306,17.13064,5.212669,28.97532,1,2020-09-22,19:00:04 22 Sep 2020,40000
2020,President,Trump,Biden,,42,0.3275625,7.419699,0.247475,0.752525,,0.8201839,0.9664795,0.8981194,0.9462659,47.45975,51.82564,,0.7146056,43.30509,47.64535,,0.3881194,51.63986,55.97507,,1.081827,-4.365888,-12.65912,3.980185,1,2020-09-22,19:00:04 22 Sep 2020,40000
2020,President,Trump,Biden,,36,0.0004625,0.0086245,0.000875,0.999125,,0.8,0.769098,0.0030973,0.9997723,36.4836,62.4734,,1.042994,31.97292,57.86435,,0.5612342,41.07155,66.99187,,1.588603,-25.98981,-35.00338,-16.80898,1,2020-09-22,19:00:04 22 Sep 2020,40000
2020,President,Trump,Biden,,41,0.0070375,0.4744594,0.074875,0.925125,,0.6617696,0.8035401,0.2192478,0.9671806,42.03381,55.55974,,2.406455,36.07269,49.56445,,1.265386,47.98387,61.54774,,3.71817,-13.52593,-25.36398,-1.675076,1,2020-09-22,19:00:04 22 Sep 2020,40000
2020,President,Trump,Biden,,33,0.0232,4.315359,0.2651,0.7349,,0.6207092,0.910464,0.7280973,0.8705438,46.31059,52.61875,,1.070662,39.7386,45.98634,,0.5757356,52.91078,59.18539,,1.631453,-6.308163,-19.44193,6.914358,1,2020-09-22,19:00:04 22 Sep 2020,40000
2020,President,Trump,Biden,,34,0.00595,0.2162068,0.024775,0.975225,,0.7093844,0.7807942,0.0777655,0.9906974,40.45462,58.7128,,0.8325737,34.88218,53.08912,,0.450547,46.07109,64.27045,,1.263569,-18.25818,-29.37398,-7.030775,1,2020-09-22,19:00:04 22 Sep 2020,40000
2020,President,Trump,Biden,,35,0.0087875,1.533855,0.0549,0.9451,,0.8492714,0.8047296,0.2063053,0.9895264,42.49185,55.64598,,1.862169,37.28535,50.42505,,0.9866071,47.67386,60.86008,,2.864184,-13.15414,-23.56001,-2.818251,1,2020-09-22,19:00:04 22 Sep 2020,40000
2020,President,Trump,Biden,,32,0.0348625,4.070403,0.187625,0.812375,,0.7865423,0.8976766,0.6529867,0.948803,45.93052,52.28773,,1.781741,41.26003,47.55949,,0.9451733,50.6478,56.94933,,2.738266,-6.357214,-15.63792,3.028614,1,2020-09-22,19:00:04 22 Sep 2020,40000
2020,President,Trump,Biden,,37,0.04745,1.348905,0.4602,0.5398,,0.4729466,0.9841608,0.9630531,0.6911918,49.26563,49.96375,,0.7706174,44.90412,45.60175,,0.4177883,53.62002,54.31166,,1.167959,-0.6981258,-9.412476,8.012819,1,2020-09-22,19:00:04 22 Sep 2020,40000
2020,President,Trump,Biden,,38,5e-05,0.0217142,0.99095,0.00905,,0.2279126,0.9834254,0.9993363,0.0115795,60.62658,36.73321,,2.640214,54.85425,31.03669,,1.384381,66.38879,42.46265,,4.086335,23.89337,12.4873,35.24725,1,2020-09-22,19:00:04 22 Sep 2020,40000
2020,President,Trump,Biden,,39,0.0241125,0.603155,0.553275,0.446725,,0.4069857,0.9981532,0.9963496,0.5801457,49.95997,49.02781,,1.012213,45.43922,44.493,,0.5450805,54.49861,53.5569,,1.540965,0.9321608,-8.107611,10.00138,1,2020-09-22,19:00:04 22 Sep 2020,40000
2020,President,Trump,Biden,,40,5e-05,0.0045442,0.99425,0.00575,,0.2271813,0.9782609,0.9994469,0.0073185,62.83308,36.002,,1.164922,57.14798,30.34806,,0.6250838,68.48549,41.68615,,1.777584,26.83109,15.48886,38.1178,1,2020-09-22,19:00:04 22 Sep 2020,40000
2020,President,Trump,Biden,,15,0.00045,0.1477757,0.0111,0.9889,,0.5022523,0.7723228,0.0247393,0.9928824,32.51567,65.66122,,1.823107,24.67825,57.5956,,0.9683194,40.58199,73.56555,,2.800465,-33.14556,-48.8502,-17.06379,1,2020-09-21,19:00:04 21 Sep 2020,40000
2020,President,Trump,Biden,,27,0.029625,1.379518,0.118525,0.881475,,0.8738663,0.8561218,0.4596184,0.9810523,45.11874,53.37329,,1.507972,40.61273,48.84884,,0.8052287,49.6319,57.89582,,2.308404,-8.254554,-17.27631,0.7111797,1,2020-09-21,19:00:04 21 Sep 2020,40000
2020,President,Trump,Biden,,26,0.0564,1.590698,0.118,0.882,,0.95,0.8656746,0.4974484,0.99259,45.39609,53.47382,,1.130086,41.04826,49.08819,,0.6082788,49.7609,57.81363,,1.721146,-8.07773,-16.73671,0.6448116,1,2020-09-21,19:00:04 21 Sep 2020,40000
2020,President,Trump,Biden,,25,0.0002875,0.0125163,0.0016,0.9984,,0.703125,0.769982,0.0049922,0.9993825,33.144,65.28117,,1.574828,27.28866,59.30868,,0.8399361,39.09805,71.13643,,2.412567,-32.13718,-43.81502,-20.22274,1,2020-09-21,19:00:04 21 Sep 2020,40000
2020,President,Trump,Biden,,24,0.0003,0.0153196,0.001575,0.998425,,0.5555556,0.7697374,0.0038828,0.99909,35.56373,63.09385,,1.342415,30.73021,58.16346,,0.7191713,40.45553,67.91927,,2.050823,-27.53012,-37.16024,-17.76433,1,2020-09-21,19:00:04 21 Sep 2020,40000
2020,President,Trump,Biden,,23,0.0021625,0.4058895,0.1251,0.8749,,0.67506,0.8332667,0.3747504,0.9477396,44.04969,55.95031,,0.0,37.37973,49.26254,,0.0,50.73746,62.62027,,0.0,-11.90061,-25.24055,1.474915,1,2020-09-21,19:00:04 21 Sep 2020,40000
2020,President,Trump,Biden,,22,0.0019625,0.1378614,0.900925,0.099075,,0.2466076,0.9669442,0.9859108,0.1245409,56.1213,43.0035,,0.8751925,49.58405,36.55386,,0.4742199,62.58145,49.5352,,1.327668,13.1178,0.0636711,26.01799,1,2020-09-21,19:00:04 21 Sep 2020,40000
2020,President,Trump,Biden,,21,6.25e-05,0.0048867,0.98335,0.01665,,0.2289622,0.987988,0.9991125,0.0213852,59.70913,39.11798,,1.17289,54.04394,33.53181,,0.6306958,65.29046,44.75558,,1.78758,20.59114,9.304518,31.74932,1,2020-09-21,19:00:04 21 Sep 2020,40000
2020,President,Trump,Biden,,20,0.0002125,0.0254639,0.935075,0.064925,,0.240863,0.9980747,0.9994453,0.0842406,54.85655,43.28487,,1.858581,49.99113,38.4615,,0.9866153,59.69433,48.14027,,2.855939,11.57168,1.904329,21.18344,1,2020-09-21,19:00:04 21 Sep 2020,40000
2020,President,Trump,Biden,,19,0.0037125,0.337301,0.66125,0.33875,,0.3399244,0.9982288,0.9974484,0.4395983,50.91907,47.71293,,1.368002,45.89618,42.66102,,0.7324796,55.95144,52.73523,,2.090569,3.206143,-6.833849,13.25987,1,2020-09-21,19:00:04 21 Sep 2020,40000
2020,President,Trump,Biden,,18,0.0001375,0.0066267,0.959775,0.040225,,0.2346383,0.996271,0.9993344,0.0520979,55.94213,42.67887,,1.379006,51.18625,37.92722,,0.7381999,60.70733,47.44315,,2.107679,13.26326,3.772766,22.73875,1,2020-09-21,19:00:04 21 Sep 2020,40000
2020,President,Trump,Biden,,17,0.0007,0.0177288,0.002825,0.997175,,0.9380531,0.7712287,0.0117595,0.9997725,38.66316,59.84872,,1.488114,34.14146,55.30382,,0.7949047,43.18787,64.37901,,2.277475,-21.18556,-30.20977,-12.15434,1,2020-09-21,19:00:04 21 Sep 2020,40000
2020,President,Trump,Biden,,29,0.000625,0.0317301,0.900425,0.099575,,0.2497709,0.9954808,0.9980031,0.1288635,54.27113,44.32974,,1.399131,49.30153,39.34762,,0.7486584,59.25674,49.30497,,2.138979,9.941391,0.0182419,19.89425,1,2020-09-21,19:00:04 21 Sep 2020,40000
2020,President,Trump,Biden,,13,0.0184375,0.6073056,0.631625,0.368375,,0.3508411,0.9891415,0.9833592,0.473691,50.6656,48.51736,,0.8170308,46.49438,44.32976,,0.443478,54.8337,52.68644,,1.237979,2.148237,-6.168957,10.47099,1,2020-09-21,19:00:04 21 Sep 2020,40000
2020,President,Trump,Biden,,12,0.143875,2.010707,0.39915,0.60085,,0.5477264,0.9883499,0.9701575,0.7720108,48.71712,50.49018,,0.7927058,44.11962,45.8791,,0.4305961,53.33364,55.07317,,1.200517,-1.773059,-10.94975,7.461475,1,2020-09-21,19:00:04 21 Sep 2020,40000
2020,President,Trump,Biden,,11,0.0,0.0,0.0,1.0,,,0.769225,0.0,1.0,5.745134,90.81537,,3.439496,3.188104,87.48788,,1.790732,8.476002,93.9178,,5.343731,-85.07024,-90.45353,-79.33716,1,2020-09-21,19:00:04 21 Sep 2020,40000
2020,President,Trump,Biden,,10,0.0001,0.0312911,0.001275,0.998725,,0.9215686,0.7701069,0.0052141,0.99987,38.55048,60.32212,,1.127403,34.39234,56.06409,,0.6068716,42.80645,64.50487,,1.716997,-21.77165,-30.08968,-13.27726,1,2020-09-21,19:00:04 21 Sep 2020,40000
2020,President,Trump,Biden,,09,0.000775,0.0683903,0.011475,0.988525,,0.9237473,0.7772692,0.0470379,0.9988625,39.97071,59.10313,,0.9261597,34.92394,53.96887,,0.5010929,45.09396,64.17097,,1.40625,-19.13242,-29.24251,-8.878851,1,2020-09-21,19:00:04 21 Sep 2020,40000
2020,President,Trump,Biden,,08,0.0279375,1.363518,0.126375,0.873625,,0.7823937,0.849535,0.4387619,0.9648347,44.52566,53.55501,,1.919331,39.44531,48.43281,,1.017918,49.63624,58.63859,,2.950815,-9.029346,-19.12626,1.141975,1,2020-09-21,19:00:04 21 Sep 2020,40000
2020,President,Trump,Biden,,06,0.0024,0.0240536,0.002725,0.997275,,0.6605505,0.7703993,0.0079876,0.9987975,34.57541,63.4631,,1.961494,29.20609,57.99542,,1.039623,40.01657,68.84547,,3.016726,-28.8877,-39.56413,-18.04508,1,2020-09-21,19:00:04 21 Sep 2020,40000
2020,President,Trump,Biden,,05,0.000475,0.0580462,0.940175,0.059825,,0.2387321,0.9845383,0.9960062,0.0765706,56.49825,41.89843,,1.603325,50.5678,36.05424,,0.8547016,62.3675,47.80323,,2.456991,14.59982,2.802912,26.28733,1,2020-09-21,19:00:04 21 Sep 2020,40000
2020,President,Trump,Biden,,04,0.0668625,3.379245,0.3212,0.6788,,0.5733188,0.9346641,0.8171733,0.8247912,47.52941,51.11755,,1.353046,42.47218,46.02899,,0.7247015,52.61459,56.17915,,2.067318,-3.588139,-13.66434,6.545948,1,2020-09-21,19:00:04 21 Sep 2020,40000
2020,President,Trump,Biden,,02,0.00205,0.9071714,0.802425,0.197575,,0.2724242,0.96495,0.9700466,0.2478469,53.11454,44.65404,,2.231425,46.48129,38.20496,,1.178072,59.63573,51.27671,,3.439383,8.460497,-4.730635,21.36701,1,2020-09-21,19:00:04 21 Sep 2020,40000
2020,President,Trump,Biden,,01,0.0004875,0.0317528,0.96925,0.03075,,0.2316998,0.9739838,0.9965609,0.0389353,58.63177,40.56837,,0.7998561,52.87984,34.85179,,0.4343839,64.33964,46.32181,,1.211527,18.06339,6.566891,29.48156,1,2020-09-21,19:00:04 21 Sep 2020,40000
2020,President,Trump,Biden,,28,0.0024125,0.2825154,0.864925,0.135075,,0.2515825,0.9413289,0.9656091,0.1652962,55.36131,43.84589,,0.792805,48.4416,37.04072,,0.4306486,62.16044,50.75684,,1.20067,11.51542,-2.298737,25.10578,1,2020-09-21,19:00:04 21 Sep 2020,40000
2020,President,Trump,Biden,,16,0.0,0.0,0.99565,0.00435,,0.2262592,0.9827586,0.9996672,0.0055575,61.92955,35.16458,,2.905864,56.16583,29.56169,,1.521504,67.65144,40.87245,,4.500308,26.76497,15.44291,37.98354,1,2020-09-21,19:00:04 21 Sep 2020,40000
2020,President,Trump,Biden,,30,0.001275,0.3447561,0.8636,0.1364,,0.2579609,0.9803886,0.9885733,0.1738438,54.19213,43.65853,,2.149334,47.95054,37.4643,,1.135995,60.4032,49.92184,,3.310781,10.5336,-1.872931,22.87153,1,2020-09-21,19:00:04 21 Sep 2020,40000
2020,President,Trump,Biden,,42,0.326375,7.395049,0.2477,0.7523,,0.8189342,0.9670677,0.9001553,0.9457896,47.46251,51.82124,,0.7162583,43.28121,47.62413,,0.3900379,51.67747,56.0007,,1.082869,-4.358728,-12.70724,4.035379,1,2020-09-21,19:00:04 21 Sep 2020,40000
2020,President,Trump,Biden,,31,1.25e-05,0.0020719,0.98785,0.01215,,0.2280711,0.9958848,0.9997782,0.0157301,58.41683,39.82587,,1.757301,53.5155,35.00043,,0.9340301,63.26523,44.73629,,2.697238,18.59096,8.823689,28.23452,1,2020-09-21,19:00:04 21 Sep 2020,40000
2020,President,Trump,Biden,,55,0.0955,4.453499,0.205025,0.794975,,0.8339227,0.9266958,0.7587087,0.9577172,46.57512,52.45092,,0.9739689,42.00029,47.83123,,0.5263,51.21013,57.03687,,1.480015,-5.875804,-15.02046,3.347954,1,2020-09-21,19:00:04 21 Sep 2020,40000
2020,President,Trump,Biden,,54,8.75e-05,0.0189056,0.99295,0.00705,,0.2267486,0.9716312,0.9991125,0.0089051,66.00298,32.18799,,1.809024,58.86263,25.12798,,0.9610529,73.07321,39.33244,,2.778425,33.815,19.58612,47.89434,1,2020-09-21,19:00:04 21 Sep 2020,40000
2020,President,Trump,Biden,,53,0.001525,0.0605518,0.009175,0.990825,,0.640327,0.7730427,0.0260706,0.9957424,36.64238,61.13084,,2.226771,30.77714,55.14653,,1.175688,42.57741,67.00799,,3.432088,-24.48846,-36.18258,-12.64592,1,2020-09-21,19:00:04 21 Sep 2020,40000
2020,President,Trump,Biden,,51,0.0113625,0.3832444,0.038725,0.961275,,0.9522272,0.7983148,0.1636343,0.9976275,43.67335,55.30449,,1.022169,39.5582,51.2039,,0.5516486,47.77874,59.40419,,1.554415,-11.63114,-19.84387,-3.446888,1,2020-09-21,19:00:04 21 Sep 2020,40000
2020,President,Trump,Biden,,50,0.0001375,0.0621525,0.0072,0.9928,,0.5034722,0.7712278,0.0160861,0.995385,30.85525,66.51962,,2.625131,23.05476,58.56142,,1.379039,38.80534,74.36952,,4.057543,-35.66437,-51.25092,-19.8129,1,2020-09-21,19:00:04 21 Sep 2020,40000
2020,President,Trump,Biden,,49,0.000725,0.0827207,0.960975,0.039025,,0.2334608,0.9737348,0.9955624,0.0494004,56.94308,39.82814,,3.228778,50.8979,33.90265,,1.68467,62.95677,45.80278,,5.010533,17.11494,5.192797,28.91077,1,2020-09-21,19:00:04 21 Sep 2020,40000
2020,President,Trump,Biden,,47,0.0004625,0.0248703,0.958775,0.041225,,0.2344137,0.9854457,0.9973375,0.0528129,57.54242,41.36575,,1.091831,51.77407,35.63268,,0.588217,63.26993,47.10439,,1.662011,16.17666,4.680231,27.62266,1,2020-09-21,19:00:04 21 Sep 2020,40000
2020,President,Trump,Biden,,46,0.00015,0.0557156,0.96985,0.03015,,0.2317369,0.9800995,0.9973375,0.0384153,59.38184,39.17337,,1.44479,52.80341,32.68345,,0.7723911,65.88995,45.71572,,2.210023,20.20846,7.111603,33.16592,1,2020-09-21,19:00:04 21 Sep 2020,40000
2020,President,Trump,Biden,,45,0.0013125,0.0851383,0.876825,0.123175,,0.2560944,0.9935052,0.9964499,0.1590887,53.71334,45.43203,,0.854619,49.09998,40.85786,,0.4633595,58.29736,50.02735,,1.295914,8.28131,-0.9139023,17.42634,1,2020-09-21,19:00:04 21 Sep 2020,40000
2020,President,Trump,Biden,,44,0.000325,0.0979499,0.009225,0.990775,,0.8780488,0.775277,0.0359441,0.99857,37.34099,61.26278,,1.396233,31.34392,55.21945,,0.7471529,43.38824,67.23574,,2.134471,-23.92179,-35.86472,-11.84917,1,2020-09-21,19:00:04 21 Sep 2020,40000
2020,President,Trump,Biden,,48,0.0166625,0.2508348,0.68155,0.31845,,0.3299098,0.9984299,0.9977812,0.4133381,51.15567,47.84529,,0.999036,46.58057,43.25634,,0.5394877,55.75568,52.40486,,1.518713,3.31038,-5.834484,12.48913,1,2020-09-21,19:00:04 21 Sep 2020,40000
2020,President,Trump,Biden,,56,0.0,0.0,0.998225,0.001775,,0.2257257,0.9859155,0.9998891,0.002275,68.35697,28.34623,,3.296803,61.77124,22.01929,,1.718945,74.74672,34.8342,,5.117937,40.01074,27.13933,52.5772,1,2020-09-21,19:00:04 21 Sep 2020,40000
2020,President,Trump,Biden,,36,0.000675,0.0124595,0.000975,0.999025,,0.7692308,0.7697505,0.0033282,0.9997075,36.48274,62.46839,,1.04887,31.92013,57.85082,,0.565674,41.10669,67.03067,,1.595642,-25.98565,-35.09511,-16.75969,1,2020-09-21,19:00:04 21 Sep 2020,40000
2020,President,Trump,Biden,,41,0.0080875,0.5459043,0.07455,0.92545,,0.6653253,0.8044195,0.2201021,0.9677923,42.00662,55.58038,,2.412997,35.99964,49.60589,,1.27094,47.98715,61.60736,,3.723918,-13.57376,-25.54246,-1.68622,1,2020-09-21,19:00:04 21 Sep 2020,40000
2020,President,Trump,Biden,,33,0.0238,4.409231,0.26575,0.73425,,0.6278457,0.914811,0.7404038,0.8732166,46.28815,52.63736,,1.074495,39.68355,45.99329,,0.579124,52.9186,59.25485,,1.635225,-6.349208,-19.54916,6.89776,1,2020-09-21,19:00:04 21 Sep 2020,40000
2020,President,Trump,Biden,,34,0.007825,0.2822253,0.02655,0.97345,,0.6967985,0.7819868,0.0820945,0.9895999,40.47225,58.69086,,0.8368887,34.85273,52.98867,,0.4539858,46.15511,64.31912,,1.268576,-18.21862,-29.44227,-6.858782,1,2020-09-21,19:00:04 21 Sep 2020,40000
2020,President,Trump,Biden,,35,0.0090375,1.571974,0.055325,0.944675,,0.8481699,0.8057004,0.2082316,0.9894699,42.48552,55.64421,,1.870261,37.27663,50.35761,,0.9926363,47.75105,60.84826,,2.874176,-13.15869,-23.54687,-2.650276,1,2020-09-21,19:00:04 21 Sep 2020,40000
2020,President,Trump,Biden,,32,0.0371875,4.329387,0.190725,0.809275,,0.7873902,0.9017022,0.6664078,0.9486496,45.93521,52.27459,,1.790203,41.23377,47.53327,,0.9513386,50.68397,56.99002,,2.748981,-6.339379,-15.73381,3.102732,1,2020-09-21,19:00:04 21 Sep 2020,40000
2020,President,Trump,Biden,,37,0.052125,1.479912,0.45525,0.54475,,0.4769907,0.9843047,0.9636121,0.6970652,49.23444,49.99173,,0.7738302,44.82158,45.60911,,0.4205918,53.61494,54.39717,,1.17146,-0.7572927,-9.561102,7.984999,1,2020-09-21,19:00:04 21 Sep 2020,40000
2020,President,Trump,Biden,,38,5e-05,0.0231203,0.99075,0.00925,,0.2273026,0.9837838,0.9993344,0.0118301,60.64186,36.71572,,2.642418,54.80592,31.02055,,1.387829,66.39699,42.49016,,4.084747,23.92614,12.42065,35.27733,1,2020-09-21,19:00:04 21 Sep 2020,40000
2020,President,Trump,Biden,,39,0.0252,0.6276181,0.55135,0.44865,,0.4069557,0.9978268,0.9956734,0.5819818,49.95757,49.02765,,1.014779,45.37999,44.44759,,0.5477647,54.51674,53.61133,,1.543007,0.9299244,-8.221594,10.06764,1,2020-09-21,19:00:04 21 Sep 2020,40000
2020,President,Trump,Biden,,40,2.5e-05,0.0023866,0.99375,0.00625,,0.2265409,0.964,0.9990016,0.0078326,62.84892,35.98479,,1.166297,57.10855,30.34187,,0.6272466,68.51071,41.70196,,1.777337,26.86413,15.45637,38.13979,1,2020-09-21,19:00:04 21 Sep 2020,40000
2020,President,Trump,Biden,,16,0.0,0.0,0.995175,0.004825,,0.2267943,0.9792746,0.9996678,0.0061495,61.94383,35.14501,,2.911154,56.15699,29.52282,,1.523674,67.66911,40.8838,,4.51384,26.79882,15.40674,37.99162,1,2020-09-20,22:02:03 20 Sep 2020,40000
2020,President,Trump,Biden,,27,0.0332625,1.54885,0.12075,0.87925,,0.8741201,0.8571225,0.4675008,0.9808356,45.11959,53.37065,,1.509759,40.5746,48.80687,,0.8061212,49.6706,57.89737,,2.312831,-8.25106,-17.29342,0.824316,1,2020-09-20,22:02:03 20 Sep 2020,40000
2020,President,Trump,Biden,,26,0.058525,1.651728,0.120675,0.879325,,0.9424073,0.8661758,0.5037094,0.99128,45.41457,53.45348,,1.131953,41.03063,49.03091,,0.6090294,49.81118,57.85491,,1.725476,-8.038901,-16.80182,0.7603664,1,2020-09-20,22:02:03 20 Sep 2020,40000
2020,President,Trump,Biden,,25,0.0002625,0.0113623,0.00165,0.99835,,0.7424242,0.7691942,0.0054258,0.9994469,33.12627,65.29514,,1.578592,27.27528,59.30185,,0.8418233,39.10083,71.16154,,2.420208,-32.16886,-43.8598,-20.29319,1,2020-09-20,22:02:03 20 Sep 2020,40000
2020,President,Trump,Biden,,24,0.0004,0.0206683,0.001725,0.998275,,0.6086956,0.7690516,0.0046506,0.9991866,35.5878,63.06671,,1.345496,30.7902,58.16996,,0.7206708,40.46564,67.87762,,2.057266,-27.47891,-37.05641,-17.70813,1,2020-09-20,22:02:03 20 Sep 2020,40000
2020,President,Trump,Biden,,23,0.0024625,0.4622076,0.121775,0.878225,,0.686512,0.8317914,0.3702801,0.9507386,43.95113,56.04887,,0.0,37.22775,49.3378,,0.0,50.6622,62.77225,,0.0,-12.09773,-25.5445,1.3244,1,2020-09-20,22:02:03 20 Sep 2020,40000
2020,President,Trump,Biden,,22,0.00145,0.1027454,0.924525,0.075475,,0.2409616,0.9585956,0.9867125,0.0941628,57.05534,42.10371,,0.8409442,50.50019,35.62587,,0.4558945,63.54657,48.66031,,1.275519,14.95163,1.86359,27.9267,1,2020-09-20,22:02:03 20 Sep 2020,40000
2020,President,Trump,Biden,,21,0.0002125,0.0156262,0.983575,0.016425,,0.2291894,0.977169,0.9984498,0.0208889,59.75203,39.07232,,1.17565,54.09347,33.43494,,0.6319275,65.37624,44.71781,,1.793223,20.67971,9.407377,31.91902,1,2020-09-20,22:02:03 20 Sep 2020,40000
2020,President,Trump,Biden,,20,0.000125,0.0142421,0.9344,0.0656,,0.2413581,0.996189,0.9988927,0.0850524,54.87643,43.26046,,1.863114,49.97717,38.39254,,0.9888334,59.75738,48.14952,,2.864627,11.61598,1.874134,21.30533,1,2020-09-20,22:02:03 20 Sep 2020,40000
2020,President,Trump,Biden,,19,0.0039875,0.3599954,0.663375,0.336625,,0.339137,0.9974749,0.9964566,0.4370079,50.92884,47.70017,,1.370995,45.85026,42.65496,,0.7339649,55.99023,52.77298,,2.096934,3.228665,-6.897902,13.30706,1,2020-09-20,22:02:03 20 Sep 2020,40000
2020,President,Trump,Biden,,18,0.000125,0.0062157,0.9584,0.0416,,0.2354706,0.9975961,0.9995571,0.0540118,55.95983,42.65825,,1.381919,51.1856,37.85927,,0.7396581,60.74697,47.43609,,2.113931,13.30158,3.79299,22.87301,1,2020-09-20,22:02:03 20 Sep 2020,40000
2020,President,Trump,Biden,,17,0.0006,0.0151359,0.0026,0.9974,,0.9615384,0.7702526,0.011073,0.9998698,38.67032,59.83916,,1.490517,34.16474,55.27439,,0.7961323,43.22002,64.35793,,2.282858,-21.16884,-30.1679,-12.09901,1,2020-09-20,22:02:03 20 Sep 2020,40000
2020,President,Trump,Biden,,01,0.0003625,0.0244644,0.980775,0.019225,,0.2295634,0.9674903,0.9972318,0.0242077,59.85386,39.36517,,0.7809685,54.07693,33.63811,,0.4241282,65.57579,45.13836,,1.183137,20.48869,8.935612,31.95611,1,2020-09-20,22:02:03 20 Sep 2020,40000
2020,President,Trump,Biden,,15,0.0005,0.1620045,0.01155,0.98845,,0.4848485,0.7714351,0.0248035,0.9924188,32.50166,65.67093,,1.827406,24.64543,57.60294,,0.9704323,40.56144,73.54712,,2.80871,-33.16927,-48.8728,-17.05189,1,2020-09-20,22:02:03 20 Sep 2020,40000
2020,President,Trump,Biden,,13,0.017575,0.580013,0.644825,0.355175,,0.3436204,0.9878229,0.9813974,0.4566278,50.78576,48.38662,,0.8276283,46.59801,44.18677,,0.448847,54.97641,52.56967,,1.255001,2.399142,-5.969446,10.77682,1,2020-09-20,22:02:03 20 Sep 2020,40000
2020,President,Trump,Biden,,12,0.1381875,1.93307,0.401225,0.598775,,0.545953,0.9881842,0.9702137,0.7700918,48.73176,50.47443,,0.7938167,44.12421,45.84837,,0.4309377,53.35606,55.07272,,1.202912,-1.742666,-10.94013,7.492552,1,2020-09-20,22:02:03 20 Sep 2020,40000
2020,President,Trump,Biden,,11,0.0,0.0,0.0,1.0,,,0.76835,0.0,1.0,5.712104,90.84374,,3.444155,3.170171,87.53462,,1.792648,8.408743,93.92909,,5.357788,-85.13164,-90.52893,-79.43069,1,2020-09-20,22:02:03 20 Sep 2020,40000
2020,President,Trump,Biden,,10,0.000125,0.0359035,0.001825,0.998175,,0.9589041,0.7696797,0.0077511,0.9999024,38.54406,60.32563,,1.130304,34.33057,56.0685,,0.6081648,42.79554,64.53513,,1.722923,-21.78157,-30.19624,-13.27222,1,2020-09-20,22:02:03 20 Sep 2020,40000
2020,President,Trump,Biden,,09,0.0007125,0.0624512,0.012625,0.987375,,0.9188119,0.7771363,0.0513786,0.998666,39.97871,59.0927,,0.9285873,34.91859,53.96653,,0.5021622,45.1,64.15858,,1.410869,-19.11398,-29.21388,-8.889402,1,2020-09-20,22:02:03 20 Sep 2020,40000
2020,President,Trump,Biden,,08,0.0295625,1.439348,0.128325,0.871675,,0.7911553,0.8514355,0.4496734,0.9659335,44.51739,53.56015,,1.922457,39.41022,48.42297,,1.019399,49.66252,58.70067,,2.957472,-9.042764,-19.22563,1.209545,1,2020-09-20,22:02:03 20 Sep 2020,40000
2020,President,Trump,Biden,,06,0.0023375,0.0231849,0.002725,0.997275,,0.7155963,0.7696974,0.0086369,0.9990239,34.57688,63.45826,,1.964855,29.21164,58.02122,,1.041227,40.01451,68.87335,,3.023798,-28.88138,-39.59259,-18.0647,1,2020-09-20,22:02:03 20 Sep 2020,40000
2020,President,Trump,Biden,,05,0.0006375,0.0781343,0.941075,0.058925,,0.2389555,0.9843021,0.9960137,0.0754864,56.57256,41.82008,,1.607367,50.67388,35.96053,,0.8567393,62.44711,47.72754,,2.465101,14.75248,2.974533,26.49029,1,2020-09-20,22:02:03 20 Sep 2020,40000
2020,President,Trump,Biden,,04,0.0657125,3.32723,0.324375,0.675625,,0.5768015,0.9374653,0.8287011,0.8243313,47.55325,51.09193,,1.354823,42.42728,45.95313,,0.7255341,52.7013,56.22649,,2.071775,-3.538683,-13.76122,6.714849,1,2020-09-20,22:02:03 20 Sep 2020,40000
2020,President,Trump,Biden,,02,0.002125,0.9565009,0.803925,0.196075,,0.2735019,0.9688895,0.9738678,0.2472506,53.15776,44.60503,,2.237203,46.49292,38.10676,,1.180791,59.74087,51.30013,,3.45137,8.552727,-4.758724,21.57682,1,2020-09-20,22:02:03 20 Sep 2020,40000
2020,President,Trump,Biden,,28,0.0023,0.2652714,0.8734,0.1266,,0.2494848,0.9352291,0.9651201,0.1540964,55.6837,43.56145,,0.7548523,48.74075,36.69164,,0.4102765,62.55527,50.51243,,1.142931,12.12225,-1.777321,25.8662,1,2020-09-20,22:02:03 20 Sep 2020,40000
2020,President,Trump,Biden,,29,0.0006625,0.0331606,0.899325,0.100675,,0.2503266,0.9932953,0.997121,0.130149,54.29514,44.30381,,1.401059,49.25676,39.25309,,0.7496294,59.33484,49.31222,,2.143717,9.991329,-0.0246811,20.04946,1,2020-09-20,22:02:03 20 Sep 2020,40000
2020,President,Trump,Biden,,30,0.0014,0.3850155,0.86395,0.13605,,0.2582615,0.9790518,0.9882627,0.1733585,54.21052,43.63602,,2.153455,47.90167,37.4172,,1.137938,60.45559,49.94543,,3.319761,10.5745,-1.967508,22.9295,1,2020-09-20,22:02:03 20 Sep 2020,40000
2020,President,Trump,Biden,,44,0.0002625,0.0798042,0.009275,0.990725,,0.838275,0.7740543,0.0344369,0.9980803,37.3545,61.24695,,1.398559,31.35718,55.15605,,0.7483269,43.43946,67.22354,,2.139825,-23.89245,-35.8461,-11.70813,1,2020-09-20,22:02:03 20 Sep 2020,40000
2020,President,Trump,Biden,,31,1.25e-05,0.0022606,0.9884,0.0116,,0.2283489,0.9935345,0.9996678,0.0149997,58.45213,39.7873,,1.760571,53.52796,34.95658,,0.9345379,63.31042,44.67698,,2.70255,18.66483,8.90592,28.29929,1,2020-09-20,22:02:03 20 Sep 2020,40000
2020,President,Trump,Biden,,56,5e-05,0.0291168,0.99795,0.00205,,0.2261636,0.9634146,0.9996678,0.0025704,68.42824,28.26929,,3.302476,61.80951,21.88512,,1.721286,74.91071,34.74033,,5.133145,40.15895,27.23908,52.93105,1,2020-09-20,22:02:03 20 Sep 2020,40000
2020,President,Trump,Biden,,55,0.0981625,4.574317,0.199225,0.800775,,0.844899,0.9226686,0.7455431,0.961606,46.50505,52.52042,,0.9745311,41.88982,47.88122,,0.5263532,51.15076,57.13531,,1.481892,-6.015374,-15.23074,3.247917,1,2020-09-20,22:02:03 20 Sep 2020,40000
2020,President,Trump,Biden,,54,8.75e-05,0.0187392,0.992725,0.007275,,0.2272281,0.9690722,0.9991142,0.0091755,66.07243,32.116,,1.811568,58.89728,25.03505,,0.9622666,73.18234,39.26516,,2.783946,33.95644,19.67786,48.10746,1,2020-09-20,22:02:03 20 Sep 2020,40000
2020,President,Trump,Biden,,53,0.001325,0.0527444,0.008825,0.991175,,0.674221,0.7723409,0.0263537,0.9963233,36.61611,61.1524,,2.231497,30.7682,55.22803,,1.177873,42.56665,67.04276,,3.442399,-24.53629,-36.19433,-12.751,1,2020-09-20,22:02:03 20 Sep 2020,40000
2020,President,Trump,Biden,,51,0.0112375,0.3769661,0.038575,0.961425,,0.9494491,0.7972021,0.162219,0.9975272,43.69427,55.28101,,1.024722,39.58297,51.14147,,0.5527493,47.82562,59.39764,,1.559492,-11.58674,-19.78158,-3.349752,1,2020-09-20,22:02:03 20 Sep 2020,40000
2020,President,Trump,Biden,,50,0.0003,0.1373048,0.0074,0.9926,,0.5371622,0.7706276,0.017606,0.9955424,30.85304,66.51728,,2.629683,23.09907,58.54398,,1.380865,38.7953,74.30741,,4.069345,-35.66424,-51.12788,-19.81177,1,2020-09-20,22:02:03 20 Sep 2020,40000
2020,President,Trump,Biden,,48,0.015875,0.2383354,0.69065,0.30935,,0.3262144,0.9984645,0.9978961,0.4019978,51.25033,47.75216,,0.9975109,46.61826,43.1436,,0.5384398,55.87537,52.3684,,1.517403,3.498163,-5.739332,12.71634,1,2020-09-20,22:02:03 20 Sep 2020,40000
2020,President,Trump,Biden,,47,0.0007375,0.0396153,0.959025,0.040975,,0.2346654,0.9816961,0.9967889,0.0523524,57.60341,41.30216,,1.09443,51.83891,35.54321,,0.5893447,63.34069,47.05102,,1.667409,16.30125,4.794695,27.75891,1,2020-09-20,22:02:03 20 Sep 2020,40000
2020,President,Trump,Biden,,46,0.0001625,0.0614677,0.96945,0.03055,,0.2321935,0.9770867,0.9970103,0.0388495,59.45566,39.09712,,1.447214,52.95673,32.58238,,0.7736365,65.95755,45.6226,,2.21551,20.35854,7.352467,33.36835,1,2020-09-20,22:02:03 20 Sep 2020,40000
2020,President,Trump,Biden,,45,0.0012375,0.0802254,0.878675,0.121325,,0.2560958,0.9932001,0.9966781,0.1568296,53.77809,45.36483,,0.857084,49.13195,40.75801,,0.4644292,58.36459,49.99049,,1.300441,8.413265,-0.8252907,17.59997,1,2020-09-20,22:02:03 20 Sep 2020,40000
2020,President,Trump,Biden,,49,0.00065,0.0757281,0.960475,0.039525,,0.234129,0.9759646,0.9960137,0.050205,56.96741,39.79849,,3.234094,50.84991,33.79932,,1.686797,63.02018,45.84413,,5.024801,17.16892,5.177227,29.10394,1,2020-09-20,22:02:03 20 Sep 2020,40000
2020,President,Trump,Biden,,42,0.326325,7.390512,0.2418,0.7582,,0.8277502,0.9629385,0.886502,0.950218,47.37517,51.90357,,0.7212596,43.16979,47.69227,,0.3924388,51.58709,56.1054,,1.091166,-4.528406,-12.92815,3.891766,1,2020-09-20,22:02:03 20 Sep 2020,40000
2020,President,Trump,Biden,,36,0.0006875,0.0126624,0.001025,0.998975,,0.7804878,0.7689131,0.0035434,0.9997072,36.49097,62.45748,,1.051546,31.93265,57.80278,,0.5668414,41.12575,67.03119,,1.601011,-25.96651,-35.08385,-16.67645,1,2020-09-20,22:02:03 20 Sep 2020,40000
2020,President,Trump,Biden,,41,0.0086625,0.5828617,0.07555,0.92445,,0.680675,0.8053707,0.227771,0.968992,42.002,55.582,,2.416005,35.99702,49.56862,,1.272075,48.04295,61.61387,,3.732466,-13.58,-25.54486,-1.584185,1,2020-09-20,22:02:03 20 Sep 2020,40000
2020,President,Trump,Biden,,33,0.0244625,4.539598,0.267025,0.732975,,0.6284992,0.9149016,0.7433285,0.8727793,46.29145,52.6316,,1.076952,39.69475,45.96496,,0.5801767,52.9404,59.21527,,1.640326,-6.340155,-19.48526,6.947918,1,2020-09-20,22:02:03 20 Sep 2020,40000
2020,President,Trump,Biden,,34,0.007425,0.2696526,0.028675,0.971325,,0.6931125,0.7821275,0.0880301,0.9887421,40.47759,58.68356,,0.8388409,34.73701,52.93193,,0.4547816,46.22926,64.405,,1.272278,-18.20597,-29.66194,-6.725746,1,2020-09-20,22:02:03 20 Sep 2020,40000
2020,President,Trump,Biden,,35,0.0085,1.490453,0.05435,0.94565,,0.8486661,0.804341,0.2042963,0.989946,42.4751,55.6508,,1.874101,37.27244,50.43169,,0.9944928,47.68033,60.8622,,2.881845,-13.1757,-23.55231,-2.783587,1,2020-09-20,22:02:03 20 Sep 2020,40000
2020,President,Trump,Biden,,32,0.038425,4.462487,0.19335,0.80665,,0.7889837,0.9035208,0.6756727,0.9485586,45.93806,52.26802,,1.793917,41.20137,47.48428,,0.953163,50.71177,56.9958,,2.756352,-6.329962,-15.7439,3.171917,1,2020-09-20,22:02:03 20 Sep 2020,40000
2020,President,Trump,Biden,,37,0.0488625,1.392301,0.45805,0.54195,,0.4736382,0.9830242,0.9609124,0.6933689,49.25329,49.97172,,0.774993,44.83089,45.55204,,0.4209601,53.65639,54.3944,,1.173947,-0.7184281,-9.580614,8.112265,1,2020-09-20,22:02:03 20 Sep 2020,40000
2020,President,Trump,Biden,,38,5e-05,0.0217676,0.990825,0.009175,,0.227689,0.9782016,0.9992249,0.0116809,60.68833,36.66507,,2.646609,54.81084,30.87579,,1.38947,66.49821,42.47968,,4.096008,24.02326,12.47802,35.54391,1,2020-09-20,22:02:03 20 Sep 2020,40000
2020,President,Trump,Biden,,39,0.0257625,0.643623,0.554175,0.445825,,0.4060089,0.9980934,0.9965674,0.5791306,49.97019,49.01274,,1.017069,45.38771,44.42772,,0.5487227,54.56947,53.58875,,1.547651,0.9574465,-8.186037,10.12618,1,2020-09-20,22:02:03 20 Sep 2020,40000
2020,President,Trump,Biden,,40,5e-05,0.0052512,0.993925,0.006075,,0.2269537,0.962963,0.9991142,0.0076137,62.89287,35.93821,,1.168927,57.15015,30.29924,,0.6284066,68.54021,41.65768,,1.782795,26.95466,15.50253,38.22395,1,2020-09-20,22:02:03 20 Sep 2020,40000
2020,President,Trump,Biden,,16,1.25e-05,0.0023851,0.995675,0.004325,,0.2242951,0.9768786,0.9995524,0.0054769,62.11584,34.96698,,2.917174,56.31999,29.29478,,1.530757,67.84332,40.722,,4.519523,27.14886,15.73202,38.42128,1,2020-09-19,19:00:04 19 Sep 2020,40000
2020,President,Trump,Biden,,27,0.036175,1.68199,0.1274,0.8726,,0.8702904,0.8656028,0.4962516,0.9791296,45.204,53.2777,,1.518295,40.61562,48.6945,,0.8127276,49.77903,57.84915,,2.324933,-8.073696,-17.18153,1.020123,1,2020-09-19,19:00:04 19 Sep 2020,40000
2020,President,Trump,Biden,,26,0.0598375,1.682333,0.1222,0.8778,,0.9517185,0.8722659,0.5205326,0.9925463,45.38705,53.47474,,1.138203,40.94315,48.97684,,0.6141579,49.86603,57.92689,,1.734256,-8.087687,-16.97932,0.8525124,1,2020-09-19,19:00:04 19 Sep 2020,40000
2020,President,Trump,Biden,,25,0.000275,0.0117928,0.002,0.998,,0.7375,0.7724449,0.0066018,0.9993194,33.16203,65.2539,,1.584071,27.26912,59.25409,,0.8468816,39.16801,71.1404,,2.427416,-32.09187,-43.83551,-20.13337,1,2020-09-19,19:00:04 19 Sep 2020,40000
2020,President,Trump,Biden,,24,0.0004,0.0211062,0.001775,0.998225,,0.6619718,0.7722207,0.005259,0.9992546,35.58254,63.06187,,1.355597,30.72593,58.1082,,0.7279642,40.52434,67.93765,,2.07167,-27.47933,-37.16713,-17.59636,1,2020-09-19,19:00:04 19 Sep 2020,40000
2020,President,Trump,Biden,,23,0.0028,0.5324914,0.124575,0.875425,,0.6839253,0.8365365,0.381336,0.9493146,43.98311,56.01689,,0.0,37.27122,49.23062,,0.0,50.76938,62.72878,,0.0,-12.03378,-25.45755,1.538761,1,2020-09-19,19:00:04 19 Sep 2020,40000
2020,President,Trump,Biden,,22,0.0015125,0.1076955,0.924125,0.075875,,0.2388205,0.9624382,0.9878035,0.0946625,57.03676,42.11688,,0.8463594,50.47392,35.60047,,0.4601147,63.55374,48.65566,,1.282969,14.91988,1.823771,27.95193,1,2020-09-19,19:00:04 19 Sep 2020,40000
2020,President,Trump,Biden,,21,0.0001,0.007282,0.983675,0.016325,,0.2268534,0.9831547,0.9987692,0.0208057,59.72595,39.09418,,1.179863,54.03981,33.44296,,0.636031,65.37932,44.77772,,1.798871,20.63177,9.274576,31.91169,1,2020-09-19,19:00:04 19 Sep 2020,40000
2020,President,Trump,Biden,,20,0.000125,0.0144454,0.9332,0.0668,,0.2392842,0.9981288,0.9994406,0.086431,54.86604,43.25418,,1.879775,49.93576,38.37664,,0.9999295,59.76682,48.18523,,2.889023,11.61185,1.785414,21.30532,1,2020-09-19,19:00:04 19 Sep 2020,40000
2020,President,Trump,Biden,,19,0.003625,0.3272083,0.66615,0.33385,,0.3344217,0.9979782,0.9970908,0.4318955,50.99459,47.62719,,1.378214,45.86327,42.45753,,0.7397562,56.15214,52.76278,,2.106854,3.367399,-6.869284,13.64561,1,2020-09-19,19:00:04 19 Sep 2020,40000
2020,President,Trump,Biden,,18,7.5e-05,0.0037147,0.958575,0.041425,,0.2330282,0.9981895,0.9997762,0.0536021,55.96199,42.64736,,1.390655,51.15621,37.84352,,0.7462438,60.79333,47.43416,,2.126229,13.31463,3.742769,22.91057,1,2020-09-19,19:00:04 19 Sep 2020,40000
2020,President,Trump,Biden,,17,0.0007375,0.0185064,0.0032,0.9968,,0.96875,0.7738011,0.0138749,0.9998704,38.65908,59.83644,,1.504469,34.12694,55.21908,,0.8055373,43.26248,64.3518,,2.303384,-21.17736,-30.19686,-11.97372,1,2020-09-19,19:00:04 19 Sep 2020,40000
2020,President,Trump,Biden,,01,0.0003375,0.0220056,0.9809,0.0191,,0.2270109,0.9581152,0.9966432,0.0237223,59.84396,39.3699,,0.7861385,54.02375,33.62941,,0.4281546,65.58446,45.18667,,1.190083,20.47407,8.842249,31.93725,1,2020-09-19,19:00:04 19 Sep 2020,40000
2020,President,Trump,Biden,,15,0.0007875,0.2571557,0.01035,0.98965,,0.5217391,0.7745162,0.0241692,0.9936157,32.26521,65.88026,,1.854535,24.36014,57.79345,,0.986892,40.33231,73.8091,,2.849573,-33.61506,-49.40069,-17.52947,1,2020-09-19,19:00:04 19 Sep 2020,40000
2020,President,Trump,Biden,,13,0.0161,0.5303047,0.649,0.351,,0.3385208,0.9886752,0.9833277,0.4498493,50.83294,48.3438,,0.8232679,46.6,44.11832,,0.4478745,55.06821,52.57775,,1.247348,2.48914,-5.95607,10.93534,1,2020-09-19,19:00:04 19 Sep 2020,40000
2020,President,Trump,Biden,,12,0.1362875,1.903437,0.39895,0.60105,,0.5424865,0.9880626,0.9686696,0.7698416,48.69494,50.50288,,0.8021803,44.0463,45.84565,,0.4366779,53.35396,55.14201,,1.214811,-1.807945,-11.07888,7.473824,1,2020-09-19,19:00:04 19 Sep 2020,40000
2020,President,Trump,Biden,,11,0.0,0.0,0.0,1.0,,,0.771425,0.0,1.0,5.709998,90.81921,,3.470792,3.125559,87.49283,,1.810824,8.427637,93.9373,,5.394458,-85.10921,-90.57475,-79.37543,1,2020-09-19,19:00:04 19 Sep 2020,40000
2020,President,Trump,Biden,,10,0.0001125,0.0363744,0.00165,0.99835,,0.9393939,0.7725998,0.0069375,0.9998704,38.5461,60.31489,,1.139017,34.33216,56.0358,,0.6145856,42.82235,64.55521,,1.735515,-21.76879,-30.23491,-13.2349,1,2020-09-19,19:00:04 19 Sep 2020,40000
2020,President,Trump,Biden,,09,0.0008125,0.0719862,0.012975,0.987025,,0.911368,0.780426,0.052926,0.9985417,39.98661,59.07528,,0.9381077,34.89959,53.89221,,0.5086848,45.1689,64.17053,,1.424554,-19.08866,-29.29272,-8.735806,1,2020-09-19,19:00:04 19 Sep 2020,40000
2020,President,Trump,Biden,,08,0.0339875,1.64476,0.13225,0.86775,,0.7884688,0.8573034,0.4667114,0.9643517,44.56007,53.51352,,1.926419,39.40196,48.31892,,1.024006,49.74139,58.68558,,2.961951,-8.953446,-19.2513,1.370825,1,2020-09-19,19:00:04 19 Sep 2020,40000
2020,President,Trump,Biden,,06,0.002225,0.0220536,0.002575,0.997425,,0.6699029,0.7725894,0.0077207,0.9989306,34.37083,63.64904,,1.980126,28.93533,58.15731,,1.051702,39.86795,69.09731,,3.046046,-29.27821,-40.10291,-18.3654,1,2020-09-19,19:00:04 19 Sep 2020,40000
2020,President,Trump,Biden,,05,0.0003875,0.0504793,0.93965,0.06035,,0.2368701,0.985087,0.9961956,0.0770652,56.47902,41.90062,,1.620355,50.54317,35.98897,,0.8656996,62.4155,47.8483,,2.483941,14.5784,2.710573,26.39886,1,2020-09-19,19:00:04 19 Sep 2020,40000
2020,President,Trump,Biden,,04,0.0654,3.299009,0.317725,0.682275,,0.5725077,0.9348137,0.8141434,0.8267816,47.46807,51.16911,,1.362823,42.30671,46.0107,,0.7317326,52.63531,56.34593,,2.082896,-3.701041,-14.00185,6.589523,1,2020-09-19,19:00:04 19 Sep 2020,40000
2020,President,Trump,Biden,,02,0.0020875,0.926999,0.80165,0.19835,,0.2712842,0.9691203,0.9733691,0.2491817,53.14882,44.59893,,2.252251,46.45149,38.04043,,1.191698,59.7249,51.29501,,3.47272,8.549891,-4.81736,21.5651,1,2020-09-19,19:00:04 19 Sep 2020,40000
2020,President,Trump,Biden,,28,0.002475,0.2939523,0.872925,0.127075,,0.2475012,0.9403895,0.9669912,0.1549081,55.69422,43.54621,,0.7595723,48.72726,36.70462,,0.4140281,62.52491,50.50986,,1.149163,12.14801,-1.786211,25.79686,1,2020-09-19,19:00:04 19 Sep 2020,40000
2020,President,Trump,Biden,,29,0.0006875,0.0340479,0.8997,0.1003,,0.2478882,0.9957627,0.9982097,0.1294682,54.32275,44.2701,,1.407156,49.26183,39.19588,,0.7548504,59.38021,49.30349,,2.151921,10.05266,-0.0114994,20.17419,1,2020-09-19,19:00:04 19 Sep 2020,40000
2020,President,Trump,Biden,,30,0.001125,0.3021057,0.873225,0.126775,,0.2531707,0.9808716,0.9894819,0.1611952,54.5031,43.375,,2.121893,48.16851,37.11491,,1.124709,60.80528,49.732,,3.268162,11.1281,-1.524868,23.61254,1,2020-09-19,19:00:04 19 Sep 2020,40000
2020,President,Trump,Biden,,44,0.000275,0.0794113,0.0093,0.9907,,0.9005376,0.7777581,0.0374846,0.9988333,37.32454,61.26337,,1.412094,31.33162,55.14607,,0.7574254,43.44617,67.27712,,2.1596,-23.93884,-35.89696,-11.72245,1,2020-09-19,19:00:04 19 Sep 2020,40000
2020,President,Trump,Biden,,31,6.25e-05,0.0100552,0.986925,0.013075,,0.2263343,0.9942639,0.9997762,0.0168519,58.38277,39.84356,,1.773669,53.44018,34.95979,,0.945,63.28155,44.77335,,2.718933,18.53921,8.722445,28.26547,1,2020-09-19,19:00:04 19 Sep 2020,40000
2020,President,Trump,Biden,,56,0.0,0.0,0.9982,0.0018,,0.2237778,0.9722222,0.9997762,0.0022685,68.41673,28.24776,,3.3355,61.87073,21.89283,,1.742548,74.94592,34.72607,,5.180233,40.16897,27.29693,52.93058,1,2020-09-19,19:00:04 19 Sep 2020,40000
2020,President,Trump,Biden,,55,0.1007,4.688563,0.20355,0.79645,,0.8407025,0.9291857,0.765917,0.9593285,46.48357,52.53851,,0.9779267,41.80365,47.83874,,0.529713,51.18578,57.19988,,1.486165,-6.054935,-15.36591,3.328957,1,2020-09-19,19:00:04 19 Sep 2020,40000
2020,President,Trump,Biden,,54,5e-05,0.0116795,0.993,0.007,,0.2247231,0.9571428,0.9987692,0.0086852,66.04534,32.13072,,1.823934,58.83695,25.0471,,0.9710805,73.13982,39.30814,,2.801761,33.91462,19.57505,48.07162,1,2020-09-19,19:00:04 19 Sep 2020,40000
2020,President,Trump,Biden,,53,0.0017,0.0677693,0.009325,0.990675,,0.6729223,0.7756328,0.0280855,0.9960787,36.631,61.11193,,2.257078,30.75275,55.15195,,1.194174,42.56509,67.02896,,3.480299,-24.48093,-36.16808,-12.65073,1,2020-09-19,19:00:04 19 Sep 2020,40000
2020,President,Trump,Biden,,51,0.0122625,0.411025,0.04065,0.95935,,0.9587946,0.8024183,0.1744433,0.9978935,43.71702,55.24862,,1.034359,39.58602,51.09137,,0.5594907,47.86674,59.40157,,1.573573,-11.5316,-19.80684,-3.233784,1,2020-09-19,19:00:04 19 Sep 2020,40000
2020,President,Trump,Biden,,50,0.000325,0.1498693,0.007575,0.992425,,0.4983498,0.7735093,0.0168961,0.9951065,30.8444,66.49939,,2.656205,23.04654,58.48515,,1.398144,38.82156,74.35281,,4.108341,-35.65499,-51.23883,-19.72751,1,2020-09-19,19:00:04 19 Sep 2020,40000
2020,President,Trump,Biden,,48,0.0154125,0.2319908,0.691625,0.308375,,0.3223568,0.9984597,0.997874,0.3991315,51.2815,47.70919,,1.009307,46.60068,43.07185,,0.5462779,55.93101,52.37387,,1.534786,3.57231,-5.749636,12.83835,1,2020-09-19,19:00:04 19 Sep 2020,40000
2020,President,Trump,Biden,,47,0.000675,0.0363848,0.95885,0.04115,,0.2321792,0.9799514,0.9964194,0.0522734,57.54179,41.35881,,1.099396,51.77103,35.60659,,0.5937471,63.30012,47.12504,,1.674195,16.18299,4.664949,27.68798,1,2020-09-19,19:00:04 19 Sep 2020,40000
2020,President,Trump,Biden,,46,0.0002,0.0730648,0.969075,0.030925,,0.2298584,0.9765562,0.9969789,0.0391483,59.41169,39.12698,,1.461325,52.86915,32.6111,,0.7830795,65.92614,45.70708,,2.23622,20.28471,7.160679,33.27191,1,2020-09-19,19:00:04 19 Sep 2020,40000
2020,President,Trump,Biden,,45,0.0009625,0.0628508,0.877,0.123,,0.2541334,0.9955285,0.9975383,0.1587322,53.78227,45.3574,,0.8603366,49.10491,40.7043,,0.4675211,58.43238,50.03027,,1.304513,8.424875,-0.9141655,17.72372,1,2020-09-19,19:00:04 19 Sep 2020,40000
2020,President,Trump,Biden,,49,0.000575,0.0669488,0.957825,0.042175,,0.2321927,0.9756965,0.9954123,0.0533428,56.76068,39.99341,,3.245906,50.60703,33.97632,,1.697283,62.83975,46.08923,,5.038516,16.76728,4.676302,28.74861,1,2020-09-19,19:00:04 19 Sep 2020,40000
2020,President,Trump,Biden,,42,0.3224625,7.297468,0.232175,0.767825,,0.8467751,0.9622635,0.8799374,0.957773,47.26406,52.01457,,0.7213683,43.03038,47.76494,,0.3936712,51.52966,56.24276,,1.090394,-4.750504,-13.2255,3.784342,1,2020-09-19,19:00:04 19 Sep 2020,40000
2020,President,Trump,Biden,,36,0.0005875,0.0108759,0.001075,0.998925,,0.8139535,0.772055,0.0039163,0.9997407,36.50696,62.43257,,1.060467,31.89494,57.74695,,0.5732503,41.17995,67.05405,,1.613966,-25.92561,-35.13203,-16.58143,1,2020-09-19,19:00:04 19 Sep 2020,40000
2020,President,Trump,Biden,,41,0.008375,0.5601612,0.076325,0.923675,,0.6812971,0.8090779,0.2327403,0.9687591,42.01183,55.56192,,2.426253,35.99317,49.53259,,1.280844,48.05548,61.60667,,3.746506,-13.55008,-25.53234,-1.54108,1,2020-09-19,19:00:04 19 Sep 2020,40000
2020,President,Trump,Biden,,33,0.0248375,4.602948,0.268875,0.731125,,0.6269642,0.9198837,0.7545037,0.8718281,46.28442,52.63586,,1.07972,39.61723,45.92815,,0.5833901,53.01326,59.29672,,1.643744,-6.35143,-19.67864,7.075565,1,2020-09-19,19:00:04 19 Sep 2020,40000
2020,President,Trump,Biden,,34,0.0077125,0.2767399,0.027825,0.972175,,0.7070979,0.7852496,0.0880609,0.9895972,40.46659,58.69672,,0.8366959,34.73559,52.92698,,0.4549938,46.22752,64.41982,,1.268072,-18.23013,-29.67122,-6.704439,1,2020-09-19,19:00:04 19 Sep 2020,40000
2020,President,Trump,Biden,,35,0.009125,1.59961,0.05645,0.94355,,0.8480957,0.8087807,0.2142777,0.9892407,42.49456,55.61655,,1.888884,37.2552,50.32523,,1.004633,47.77058,60.87625,,2.903262,-13.12199,-23.55483,-2.594728,1,2020-09-19,19:00:04 19 Sep 2020,40000
2020,President,Trump,Biden,,32,0.037375,4.344238,0.195675,0.804325,,0.7784592,0.906319,0.6817724,0.944972,45.94306,52.24928,,1.807665,41.18388,47.45031,,0.9626712,50.727,57.01638,,2.776346,-6.306216,-15.80557,3.21525,1,2020-09-19,19:00:04 19 Sep 2020,40000
2020,President,Trump,Biden,,37,0.0483875,1.376287,0.4599,0.5401,,0.4690694,0.9850491,0.9655365,0.6896653,49.24114,49.97012,,0.7887403,44.81934,45.52065,,0.4295374,53.69729,54.39345,,1.194089,-0.7289748,-9.585875,8.178623,1,2020-09-19,19:00:04 19 Sep 2020,40000
2020,President,Trump,Biden,,38,0.0,0.0,0.990325,0.009675,,0.225431,0.9793282,0.9992167,0.0122825,60.68051,36.65514,,2.664351,54.80576,30.88446,,1.402285,66.48854,42.46293,,4.121171,24.02538,12.45268,35.51228,1,2020-09-19,19:00:04 19 Sep 2020,40000
2020,President,Trump,Biden,,39,0.0229625,0.5757044,0.551625,0.448375,,0.4034444,0.9980485,0.9960837,0.5800953,49.97294,49.00484,,1.022227,45.3658,44.41208,,0.5530932,54.57803,53.60357,,1.554791,0.9681001,-8.18623,10.14996,1,2020-09-19,19:00:04 19 Sep 2020,40000
2020,President,Trump,Biden,,40,3.75e-05,0.003756,0.9939,0.0061,,0.2246956,0.9795082,0.9995524,0.0077454,62.91714,35.91043,,1.172419,57.1613,30.21874,,0.6321261,68.59783,41.66582,,1.787311,27.00671,15.51712,38.38354,1,2020-09-19,19:00:04 19 Sep 2020,40000
2020,President,Trump,Biden,,16,0.0,0.0,0.995575,0.004425,,0.2281847,0.9830508,0.99967,0.0056641,62.13683,34.94494,,2.918234,56.24538,29.23654,,1.53099,67.91799,40.77946,,4.518048,27.19189,15.59382,38.55093,1,2020-09-18,19:20:04 18 Sep 2020,40000
2020,President,Trump,Biden,,27,0.0354125,1.647885,0.13055,0.86945,,0.8718882,0.8644833,0.5008801,0.9786784,45.22264,53.25827,,1.519093,40.61691,48.66968,,0.8129913,49.82693,57.84951,,2.323092,-8.035626,-17.20913,1.105877,1,2020-09-18,19:20:04 18 Sep 2020,40000
2020,President,Trump,Biden,,26,0.0625375,1.763303,0.123675,0.876325,,0.9516879,0.8697116,0.5179318,0.9923828,45.40326,53.4577,,1.139038,40.93406,48.98566,,0.6144468,49.87204,57.91256,,1.733622,-8.054442,-16.94842,0.8723183,1,2020-09-18,19:20:04 18 Sep 2020,40000
2020,President,Trump,Biden,,25,0.0003625,0.0158352,0.00185,0.99815,,0.7702703,0.7689977,0.0062706,0.9994466,33.17384,65.24156,,1.584605,27.31401,59.19628,,0.8470867,39.19495,71.13541,,2.425235,-32.06773,-43.7704,-20.02479,1,2020-09-18,19:20:04 18 Sep 2020,40000
2020,President,Trump,Biden,,24,0.0003125,0.0159262,0.001525,0.998475,,0.6721311,0.7686722,0.0045105,0.9993489,35.59061,63.05328,,1.356106,30.69749,58.07164,,0.7280643,40.57192,67.92775,,2.069851,-27.46268,-37.20368,-17.53046,1,2020-09-18,19:20:04 18 Sep 2020,40000
2020,President,Trump,Biden,,23,0.002425,0.4528173,0.124225,0.875775,,0.6898772,0.8332334,0.3771177,0.9501628,43.99862,56.00138,,0.0,37.29042,49.23785,,0.0,50.76215,62.70959,,0.0,-12.00277,-25.41917,1.5243,1,2020-09-18,19:20:04 18 Sep 2020,40000
2020,President,Trump,Biden,,22,0.0014,0.099757,0.923925,0.076075,,0.2432286,0.965166,0.9888889,0.0956055,57.04095,42.11228,,0.8467709,50.4812,35.5849,,0.4602826,63.56189,48.65596,,1.282551,14.92867,1.805634,27.96615,1,2020-09-18,19:20:04 18 Sep 2020,40000
2020,President,Trump,Biden,,21,0.0001,0.0078772,0.982675,0.017325,,0.2309512,0.981241,0.9986799,0.0221354,59.74186,39.0775,,1.180641,54.02235,33.42098,,0.6363026,65.3985,44.82466,,1.798027,20.66436,9.210768,31.94015,1,2020-09-18,19:20:04 18 Sep 2020,40000
2020,President,Trump,Biden,,20,0.000125,0.0141069,0.932825,0.067175,,0.243454,0.997767,0.9993399,0.0872721,54.88245,43.2366,,1.880947,49.89018,38.34258,,1.000541,59.76495,48.20411,,2.887856,11.64585,1.757042,21.35771,1,2020-09-18,19:20:04 18 Sep 2020,40000
2020,President,Trump,Biden,,19,0.0037125,0.3396798,0.668225,0.331775,,0.3390325,0.9978148,0.9969197,0.4310547,51.02047,47.60055,,1.378974,45.90093,42.47083,,0.7399832,56.15009,52.71469,,2.105317,3.419921,-6.756237,13.63847,1,2020-09-18,19:20:04 18 Sep 2020,40000
2020,President,Trump,Biden,,18,8.75e-05,0.0044076,0.956525,0.043475,,0.2375003,0.9982749,0.99967,0.0565104,55.96513,42.64347,,1.391399,51.13005,37.83772,,0.7464659,60.78588,47.46004,,2.124591,13.32166,3.704952,22.90063,1,2020-09-18,19:20:04 18 Sep 2020,40000
2020,President,Trump,Biden,,17,0.000675,0.0175962,0.0034,0.9966,,0.9558824,0.7704696,0.0143014,0.9998047,38.66414,59.82845,,1.507411,34.10321,55.19269,,0.8069065,43.24422,64.40336,,2.304888,-21.1643,-30.26881,-11.99291,1,2020-09-18,19:20:04 18 Sep 2020,40000
2020,President,Trump,Biden,,01,0.00025,0.016025,0.981575,0.018425,,0.2308025,0.9620081,0.9969197,0.0230794,59.86624,39.34716,,0.786597,54.03387,33.61507,,0.4283593,65.59558,45.19868,,1.190029,20.51908,8.832106,31.98128,1,2020-09-18,19:20:04 18 Sep 2020,40000
2020,President,Trump,Biden,,15,0.0005375,0.1785997,0.010875,0.989125,,0.5264368,0.771313,0.0251925,0.9933919,32.27732,65.86687,,1.855817,24.33195,57.78287,,0.9875604,40.34794,73.83513,,2.848538,-33.58955,-49.4527,-17.47288,1,2020-09-18,19:20:04 18 Sep 2020,40000
2020,President,Trump,Biden,,13,0.0149875,0.4944301,0.650475,0.349525,,0.3441716,0.9897718,0.9851485,0.4504557,50.83686,48.3396,,0.823534,46.5807,44.11331,,0.4479634,55.07117,52.58747,,1.246809,2.497263,-5.99242,10.94869,1,2020-09-18,19:20:04 18 Sep 2020,40000
2020,President,Trump,Biden,,12,0.134775,1.878823,0.401,0.599,,0.5481297,0.987187,0.9672167,0.7699544,48.70795,50.48933,,0.8027192,44.06805,45.82294,,0.4369195,53.37681,55.13516,,1.214807,-1.781378,-11.05832,7.534658,1,2020-09-18,19:20:04 18 Sep 2020,40000
2020,President,Trump,Biden,,11,0.0,0.0,0.0,1.0,,,0.768,0.0,1.0,5.712106,90.81145,,3.476441,3.135778,87.46511,,1.813189,8.454918,93.92683,,5.401274,-85.09934,-90.54978,-79.34082,1,2020-09-18,19:20:04 18 Sep 2020,40000
2020,President,Trump,Biden,,10,6.25e-05,0.018172,0.001925,0.998075,,0.9610389,0.7694061,0.0081408,0.9999024,38.5539,60.30678,,1.13932,34.31537,55.98789,,0.6145954,42.86018,64.55454,,1.734059,-21.75288,-30.22281,-13.14882,1,2020-09-18,19:20:04 18 Sep 2020,40000
2020,President,Trump,Biden,,09,0.0010875,0.0924359,0.01365,0.98635,,0.9249084,0.7776398,0.0555556,0.9987305,40.00412,59.05725,,0.9386336,34.86393,53.84842,,0.5088995,45.19835,64.20866,,1.424098,-19.05314,-29.32526,-8.656532,1,2020-09-18,19:20:04 18 Sep 2020,40000
2020,President,Trump,Biden,,08,0.033075,1.609872,0.13425,0.86575,,0.7959031,0.8561652,0.470187,0.9651367,44.58057,53.49194,,1.927487,39.38919,48.307,,1.024541,49.78904,58.69915,,2.960705,-8.911373,-19.25777,1.431581,1,2020-09-18,19:20:04 18 Sep 2020,40000
2020,President,Trump,Biden,,06,0.0022,0.0216786,0.00265,0.99735,,0.6603774,0.7691633,0.0077008,0.9988607,34.38832,63.6306,,1.981077,28.96281,58.10527,,1.052132,39.9015,69.07895,,3.04459,-29.24228,-40.0439,-18.26383,1,2020-09-18,19:20:04 18 Sep 2020,40000
2020,President,Trump,Biden,,05,0.0003125,0.0379811,0.9388,0.0612,,0.2409991,0.9832516,0.9955996,0.0783529,56.48174,41.89585,,1.622413,50.47633,35.97287,,0.8667424,62.40702,47.87944,,2.484147,14.5859,2.624437,26.41494,1,2020-09-18,19:20:04 18 Sep 2020,40000
2020,President,Trump,Biden,,04,0.065175,3.295645,0.320875,0.679125,,0.5793533,0.9355053,0.8180418,0.8272461,47.48153,51.15457,,1.363901,42.32272,45.95233,,0.7321258,52.70539,56.30921,,2.081939,-3.673042,-13.94477,6.724182,1,2020-09-18,19:20:04 18 Sep 2020,40000
2020,President,Trump,Biden,,02,0.0023,1.02889,0.804425,0.195575,,0.2746372,0.9667647,0.9721672,0.2461914,53.17389,44.57242,,2.25369,46.48048,38.02657,,1.192237,59.76123,51.28667,,3.471813,8.601462,-4.739681,21.67348,1,2020-09-18,19:20:04 18 Sep 2020,40000
2020,President,Trump,Biden,,28,0.002575,0.3031389,0.872775,0.127225,,0.2517831,0.9388878,0.9669967,0.1555339,55.6842,43.55581,,0.7599989,48.76619,36.72379,,0.414224,62.51742,50.4576,,1.149157,12.12839,-1.687895,25.80352,1,2020-09-18,19:20:04 18 Sep 2020,40000
2020,President,Trump,Biden,,29,0.00045,0.0227283,0.900975,0.099025,,0.2516995,0.9949508,0.9979098,0.1282878,54.35739,44.19577,,1.446839,49.26514,39.1319,,0.775369,59.40674,49.2506,,2.210714,10.16162,0.0566635,20.26586,1,2020-09-18,19:20:04 18 Sep 2020,40000
2020,President,Trump,Biden,,30,0.0011625,0.3229025,0.8728,0.1272,,0.2573041,0.978184,0.9882288,0.1620117,54.52737,43.34975,,2.122871,48.17316,37.03764,,1.125054,60.85292,49.69353,,3.266753,11.17762,-1.475372,23.78637,1,2020-09-18,19:20:04 18 Sep 2020,40000
2020,President,Trump,Biden,,44,0.000125,0.0366276,0.0094,0.9906,,0.9122341,0.7744549,0.0377338,0.9989258,37.34701,61.23804,,1.414947,31.3427,55.13299,,0.7587471,43.49097,67.25274,,2.161163,-23.89103,-35.86839,-11.65681,1,2020-09-18,19:20:04 18 Sep 2020,40000
2020,President,Trump,Biden,,31,2.5e-05,0.0044789,0.98745,0.01255,,0.2300876,0.996016,0.99978,0.016276,58.4068,39.81826,,1.774933,53.39824,34.93275,,0.9441916,63.32129,44.76002,,2.718634,18.58854,8.687956,28.3527,1,2020-09-18,19:20:04 18 Sep 2020,40000
2020,President,Trump,Biden,,56,5e-05,0.0300758,0.9983,0.0017,,0.2276119,0.9852941,0.99989,0.002181,68.42249,28.23502,,3.342483,61.80724,21.83635,,1.745635,74.93108,34.72366,,5.188926,40.18748,27.24927,52.94666,1,2020-09-18,19:20:04 18 Sep 2020,40000
2020,President,Trump,Biden,,55,0.1028625,4.790459,0.204125,0.795875,,0.8466626,0.9271871,0.760506,0.9608399,46.50447,52.51715,,0.9783804,41.83826,47.79829,,0.5298684,51.22248,57.19916,,1.485373,-6.012686,-15.35328,3.406048,1,2020-09-18,19:20:04 18 Sep 2020,40000
2020,President,Trump,Biden,,54,1.25e-05,0.0024004,0.992975,0.007025,,0.2286311,0.9679715,0.9990099,0.0088542,66.05932,32.11582,,1.82486,58.84223,25.02071,,0.9715613,73.14001,39.34269,,2.800117,33.94349,19.517,48.0759,1,2020-09-18,19:20:04 18 Sep 2020,40000
2020,President,Trump,Biden,,53,0.0016125,0.0648578,0.009225,0.990775,,0.6747968,0.7721733,0.0273927,0.9961588,36.63031,61.11137,,2.258324,30.75002,55.14676,,1.194613,42.58228,67.02782,,3.479084,-24.48106,-36.2316,-12.61183,1,2020-09-18,19:20:04 18 Sep 2020,40000
2020,President,Trump,Biden,,51,0.0137625,0.4637742,0.04245,0.95755,,0.9593639,0.8002976,0.1792079,0.997819,43.73746,55.22771,,1.034829,39.58606,51.018,,0.5596229,47.9254,59.37992,,1.572502,-11.49024,-19.79217,-3.125771,1,2020-09-18,19:20:04 18 Sep 2020,40000
2020,President,Trump,Biden,,50,0.0003125,0.1392263,0.007125,0.992875,,0.5473684,0.7702631,0.0171617,0.9958008,30.84146,66.49673,,2.661808,23.0582,58.44316,,1.400764,38.833,74.29429,,4.113671,-35.65527,-51.11799,-19.67256,1,2020-09-18,19:20:04 18 Sep 2020,40000
2020,President,Trump,Biden,,48,0.0144125,0.2168182,0.6928,0.3072,,0.3275476,0.9989421,0.9985698,0.3995768,51.30024,47.68996,,1.009798,46.65394,43.02311,,0.5464352,55.98483,52.33271,,1.533941,3.610276,-5.657976,12.95265,1,2020-09-18,19:20:04 18 Sep 2020,40000
2020,President,Trump,Biden,,47,0.0006375,0.0340633,0.95755,0.04245,,0.2365151,0.9811543,0.9965897,0.0542318,57.56101,41.33873,,1.100255,51.75354,35.57681,,0.5940452,63.32901,47.15644,,1.673684,16.22228,4.601501,27.74141,1,2020-09-18,19:20:04 18 Sep 2020,40000
2020,President,Trump,Biden,,46,0.00015,0.0549139,0.9678,0.0322,,0.233881,0.9712733,0.9960396,0.0407227,59.43666,39.09904,,1.4643,52.85427,32.58491,,0.7844641,65.9463,45.66978,,2.237823,20.33763,7.245249,33.34111,1,2020-09-18,19:20:04 18 Sep 2020,40000
2020,President,Trump,Biden,,45,0.001475,0.0939271,0.8764,0.1236,,0.2585577,0.9947411,0.9971397,0.1600911,53.78614,45.35303,,0.8608336,49.0564,40.69702,,0.4677323,58.44672,50.06419,,1.304213,8.433112,-1.004406,17.72038,1,2020-09-18,19:20:04 18 Sep 2020,40000
2020,President,Trump,Biden,,49,0.0006375,0.0736095,0.957275,0.042725,,0.236348,0.9760094,0.9955996,0.0542969,56.78049,39.97157,,3.247937,50.65581,33.94618,,1.697826,62.86405,46.08647,,5.039273,16.80892,4.730631,28.7659,1,2020-09-18,19:20:04 18 Sep 2020,40000
2020,President,Trump,Biden,,42,0.319825,7.245113,0.2334,0.7666,,0.8505784,0.9594965,0.8735974,0.9577474,47.25274,52.02712,,0.7201357,42.99958,47.74543,,0.3929942,51.53308,56.2905,,1.087894,-4.774382,-13.27052,3.761969,1,2020-09-18,19:20:04 18 Sep 2020,40000
2020,President,Trump,Biden,,36,0.00065,0.0119823,0.00095,0.99905,,0.8684211,0.7686052,0.0036304,0.9998372,36.51254,62.42656,,1.060904,31.90319,57.71909,,0.5733495,41.21112,67.03294,,1.612804,-25.91401,-35.12564,-16.53156,1,2020-09-18,19:20:04 18 Sep 2020,40000
2020,President,Trump,Biden,,41,0.0089875,0.6097923,0.077275,0.922725,,0.6926561,0.8067951,0.2355336,0.9693359,42.03356,55.53839,,2.428053,35.98861,49.52965,,1.281502,48.0546,61.60439,,3.745685,-13.50484,-25.54363,-1.52405,1,2020-09-18,19:20:04 18 Sep 2020,40000
2020,President,Trump,Biden,,33,0.0245625,4.537138,0.268975,0.731025,,0.6334232,0.9174789,0.749725,0.8733073,46.30597,52.61375,,1.080279,39.6454,45.91957,,0.5835425,52.98869,59.24199,,1.642797,-6.307775,-19.57325,7.056789,1,2020-09-18,19:20:04 18 Sep 2020,40000
2020,President,Trump,Biden,,34,0.008275,0.2993554,0.029125,0.970875,,0.7021459,0.782181,0.089989,0.9888021,40.47288,58.6899,,0.8372291,34.73515,52.91244,,0.4552252,46.26709,64.45712,,1.267871,-18.21702,-29.72253,-6.682358,1,2020-09-18,19:20:04 18 Sep 2020,40000
2020,President,Trump,Biden,,35,0.0102125,1.781054,0.058975,0.941025,,0.8507842,0.8072049,0.2207921,0.9890625,42.50534,55.6048,,1.889858,37.2391,50.29239,,1.005142,47.81544,60.87591,,2.901801,-13.09947,-23.61777,-2.501995,1,2020-09-18,19:20:04 18 Sep 2020,40000
2020,President,Trump,Biden,,32,0.0384875,4.472139,0.197575,0.802425,,0.7829938,0.9051313,0.680748,0.9457031,45.95232,52.23893,,1.808754,41.17384,47.3799,,0.9632334,50.81342,57.0132,,2.77493,-6.286616,-15.80322,3.40729,1,2020-09-18,19:20:04 18 Sep 2020,40000
2020,President,Trump,Biden,,37,0.0479375,1.362611,0.45895,0.54105,,0.477394,0.9842436,0.9641364,0.6933919,49.25288,49.95796,,0.7891647,44.80741,45.4771,,0.429723,53.73751,54.40344,,1.193974,-0.7050862,-9.583735,8.250513,1,2020-09-18,19:20:04 18 Sep 2020,40000
2020,President,Trump,Biden,,38,3.75e-05,0.016413,0.990575,0.009425,,0.2291851,0.9761273,0.9990099,0.0119792,60.69051,36.64254,,2.66695,54.74059,30.8178,,1.40338,66.54599,42.51227,,4.121774,24.04798,12.347,35.62487,1,2020-09-18,19:20:04 18 Sep 2020,40000
2020,President,Trump,Biden,,39,0.0224125,0.5632386,0.554225,0.445775,,0.4078668,0.997252,0.9947194,0.5788411,49.9804,48.9968,,1.022798,45.35497,44.34518,,0.5532855,54.64189,53.61956,,1.553965,0.983608,-8.267565,10.3004,1,2020-09-18,19:20:04 18 Sep 2020,40000
2020,President,Trump,Biden,,40,6.25e-05,0.0059651,0.9942,0.0058,,0.22845,0.9784483,0.99945,0.0073893,62.93264,35.89407,,1.17329,57.15051,30.20098,,0.6324437,68.6431,41.67819,,1.786623,27.03856,15.48814,38.41991,1,2020-09-18,19:20:04 18 Sep 2020,40000
2020,President,Trump,Biden,,16,2.5e-05,0.0050237,0.995175,0.004825,,0.237923,0.9948186,0.9998944,0.0063333,62.23244,34.84455,,2.923008,56.30095,29.12895,,1.527515,68.03922,40.68085,,4.520536,27.38788,15.77106,38.77536,1,2020-09-17,19:00:03 17 Sep 2020,40000
2020,President,Trump,Biden,,27,0.03365,1.561668,0.1362,0.8638,,0.8779368,0.8585899,0.504962,0.9785592,45.28196,53.19499,,1.523056,40.66169,48.52876,,0.8117629,49.96106,57.81736,,2.327214,-7.91303,-17.13657,1.415455,1,2020-09-17,19:00:03 17 Sep 2020,40000
2020,President,Trump,Biden,,26,0.062125,1.758183,0.13355,0.86645,,0.9535754,0.8678516,0.5377956,0.9921494,45.56557,53.31028,,1.12414,41.07781,48.78254,,0.604158,50.08137,57.79551,,1.708919,-7.744708,-16.70325,1.267689,1,2020-09-17,19:00:03 17 Sep 2020,40000
2020,President,Trump,Biden,,25,0.00025,0.0106834,0.00185,0.99815,,0.6351351,0.7586285,0.004962,0.9991094,33.27982,65.12821,,1.591967,27.4417,59.15856,,0.8474167,39.23593,70.96429,,2.43439,-31.8484,-43.49807,-19.959,1,2020-09-17,19:00:03 17 Sep 2020,40000
2020,President,Trump,Biden,,24,0.0003,0.0154512,0.001625,0.998375,,0.6461539,0.7585577,0.0044341,0.9992414,35.68229,62.95575,,1.361956,30.83735,58.05606,,0.7281554,40.5659,67.80617,,2.076982,-27.27346,-36.95411,-17.50363,1,2020-09-17,19:00:03 17 Sep 2020,40000
2020,President,Trump,Biden,,23,0.0026375,0.4968953,0.13515,0.86485,,0.709582,0.8314736,0.4049831,0.9488059,44.18099,55.81901,,0.0,37.42334,48.98561,,0.0,51.0144,62.57666,,0.0,-11.63801,-25.15333,2.028788,1,2020-09-17,19:00:03 17 Sep 2020,40000
2020,President,Trump,Biden,,22,0.0015625,0.1111059,0.923825,0.076175,,0.2534571,0.9642271,0.9888091,0.0969125,57.12699,42.02529,,0.8477203,50.52481,35.46268,,0.4588837,63.70775,48.64194,,1.282866,15.1017,1.858234,28.24365,1,2020-09-17,19:00:03 17 Sep 2020,40000
2020,President,Trump,Biden,,21,0.0002125,0.0145297,0.98295,0.01705,,0.2406786,0.9868035,0.9990498,0.0221995,59.81979,38.99746,,1.182745,54.05238,33.31544,,0.6347759,65.51263,44.7495,,1.799594,20.82233,9.334951,32.16869,1,2020-09-17,19:00:03 17 Sep 2020,40000
2020,President,Trump,Biden,,20,0.000175,0.0208606,0.933,0.067,,0.2537245,0.9988806,0.9996833,0.0883032,54.96642,43.14794,,1.885641,49.92195,38.20326,,0.9988651,59.91346,48.1736,,2.892697,11.81848,1.824747,21.64511,1,2020-09-17,19:00:03 17 Sep 2020,40000
2020,President,Trump,Biden,,19,0.0036,0.3289322,0.6778,0.3222,,0.3484804,0.9980602,0.9974662,0.4242974,51.1141,47.50439,,1.381505,45.9086,42.33369,,0.7383206,56.29608,52.70191,,2.107312,3.60971,-6.759642,13.92407,1,2020-09-17,19:00:03 17 Sep 2020,40000
2020,President,Trump,Biden,,18,0.0001125,0.005507,0.958025,0.041975,,0.247123,0.9988088,0.9997889,0.0553173,56.036,42.57005,,1.393951,51.10955,37.7096,,0.7447897,60.87807,47.488,,2.126631,13.46595,3.631794,23.15795,1,2020-09-17,19:00:03 17 Sep 2020,40000
2020,President,Trump,Biden,,17,0.0007125,0.0180709,0.003025,0.996975,,0.9752066,0.7601244,0.0124578,0.9999011,38.76897,59.72232,,1.508716,34.17649,55.12321,,0.8043253,43.36447,64.31159,,2.304922,-20.95335,-30.09589,-11.80622,1,2020-09-17,19:00:03 17 Sep 2020,40000
2020,President,Trump,Biden,,01,0.0004125,0.027825,0.9799,0.0201,,0.2411726,0.9763682,0.9979941,0.0258939,59.918,39.29461,,0.7873911,54.16543,33.62341,,0.4270042,65.62592,45.05676,,1.190055,20.62338,9.137287,31.99972,1,2020-09-17,19:00:03 17 Sep 2020,40000
2020,President,Trump,Biden,,15,0.0003375,0.1079623,0.0125,0.9875,,0.504,0.7612152,0.0266047,0.9918195,32.43602,65.70068,,1.863299,24.36604,57.53827,,0.9873745,40.57035,73.76596,,2.857747,-33.26466,-49.33118,-17.02789,1,2020-09-17,19:00:03 17 Sep 2020,40000
2020,President,Trump,Biden,,13,0.0168375,0.5523293,0.6576,0.3424,,0.3545468,0.9886828,0.9845861,0.4466618,50.9152,48.26004,,0.824762,46.63625,43.99956,,0.4467549,55.18284,52.53569,,1.247572,2.655149,-5.878242,11.15727,1,2020-09-17,19:00:03 17 Sep 2020,40000
2020,President,Trump,Biden,,12,0.137825,1.927286,0.41195,0.58805,,0.5554072,0.9859281,0.9662162,0.7649756,48.78678,50.40795,,0.8052691,44.13028,45.72759,,0.4364529,53.47208,55.07554,,1.217565,-1.621174,-10.93225,7.728138,1,2020-09-17,19:00:03 17 Sep 2020,40000
2020,President,Trump,Biden,,11,0.0,0.0,0.0,1.0,,,0.7579,0.0,1.0,5.727751,90.79065,,3.481597,3.166012,87.41944,,1.808638,8.468816,93.90102,,5.403629,-85.0629,-90.4793,-79.24792,1,2020-09-17,19:00:03 17 Sep 2020,40000
2020,President,Trump,Biden,,10,0.000125,0.0353416,0.001775,0.998225,,0.9577465,0.7591726,0.0071791,0.9999011,38.634,60.2222,,1.143796,34.40388,55.90471,,0.6144327,42.94827,64.47501,,1.739321,-21.5882,-30.05345,-12.96551,1,2020-09-17,19:00:03 17 Sep 2020,40000
2020,President,Trump,Biden,,09,0.0007875,0.0698647,0.013125,0.986875,,0.9180952,0.7668905,0.0508868,0.9985816,40.11086,58.94608,,0.9430594,34.99403,53.78045,,0.5091494,45.2526,64.06531,,1.429745,-18.83521,-29.05222,-8.544331,1,2020-09-17,19:00:03 17 Sep 2020,40000
2020,President,Trump,Biden,,08,0.0320875,1.558841,0.142475,0.857525,,0.8001404,0.8512871,0.4814189,0.9631878,44.70819,53.35729,,1.934518,39.46276,48.07264,,1.023986,49.99865,58.58928,,2.969189,-8.649106,-19.0691,1.847055,1,2020-09-17,19:00:03 17 Sep 2020,40000
2020,President,Trump,Biden,,06,0.002325,0.0228932,0.002675,0.997325,,0.5981308,0.7588549,0.0067568,0.9985816,34.48261,63.53019,,1.9872,29.02335,57.96123,,1.051036,40.0468,69.04898,,3.051658,-29.04758,-39.98163,-17.9552,1,2020-09-17,19:00:03 17 Sep 2020,40000
2020,President,Trump,Biden,,05,0.0004375,0.0527741,0.9395,0.0605,,0.2511975,0.9867769,0.9966216,0.0787703,56.57212,41.80264,,1.625238,50.5623,35.88317,,0.8646202,62.52208,47.83673,,2.486166,14.76947,2.767733,26.58636,1,2020-09-17,19:00:03 17 Sep 2020,40000
2020,President,Trump,Biden,,04,0.0629125,3.174504,0.350725,0.649275,,0.5711027,0.9393939,0.8458615,0.8047566,47.75548,50.8913,,1.353222,42.52435,45.67332,,0.7236127,52.97536,56.11541,,2.063435,-3.135817,-13.57509,7.286394,1,2020-09-17,19:00:03 17 Sep 2020,40000
2020,President,Trump,Biden,,02,0.00215,0.9533201,0.8064,0.1936,,0.2860553,0.9679752,0.9741343,0.2472622,53.30109,44.44089,,2.258017,46.57578,37.74641,,1.189687,60.01286,51.15444,,3.475513,8.860197,-4.547638,22.22266,1,2020-09-17,19:00:03 17 Sep 2020,40000
2020,President,Trump,Biden,,28,0.00325,0.3779539,0.87355,0.12645,,0.2628642,0.9412811,0.9697002,0.1570458,55.74246,43.49682,,0.7607203,48.7692,36.61693,,0.4128962,62.65261,50.46857,,1.149034,12.24564,-1.702833,26.03918,1,2020-09-17,19:00:03 17 Sep 2020,40000
2020,President,Trump,Biden,,29,0.0005,0.0244852,0.903375,0.096625,,0.2617407,0.9963778,0.998522,0.1270286,54.45164,44.09854,,1.449815,49.34294,38.98143,,0.7737868,59.5974,49.20351,,2.213401,10.35311,0.1555843,20.61136,1,2020-09-17,19:00:03 17 Sep 2020,40000
2020,President,Trump,Biden,,30,0.0009375,0.2595719,0.875325,0.124675,,0.267415,0.9781432,0.9884924,0.1609051,54.63773,43.23647,,2.125803,48.21777,36.93706,,1.122093,60.95865,49.61986,,3.268249,11.40127,-1.395729,23.98133,1,2020-09-17,19:00:03 17 Sep 2020,40000
2020,President,Trump,Biden,,44,0.0002,0.0591576,0.009575,0.990425,,0.9007833,0.7642931,0.0364231,0.9987795,37.4469,61.13705,,1.416054,31.38291,54.97443,,0.7562743,43.57568,67.19331,,2.160954,-23.69016,-35.79159,-11.42282,1,2020-09-17,19:00:03 17 Sep 2020,40000
2020,President,Trump,Biden,,31,0.0001,0.0166652,0.986775,0.013225,,0.2398977,0.9943289,0.9996833,0.0173506,58.48701,39.72929,,1.783699,53.42744,34.78844,,0.9444054,63.49365,44.7628,,2.737499,18.75773,8.680773,28.64241,1,2020-09-17,19:00:03 17 Sep 2020,40000
2020,President,Trump,Biden,,56,0.0,0.0,0.9984,0.0016,,0.2371545,0.984375,0.9998944,0.0020781,68.48325,28.17081,,3.345943,61.93948,21.80323,,1.740619,75.0092,34.5652,,5.1887,40.31244,27.50575,53.04036,1,2020-09-17,19:00:03 17 Sep 2020,40000
2020,President,Trump,Biden,,55,0.0904625,4.212425,0.204475,0.795525,,0.8614745,0.9189215,0.7438767,0.9645402,46.48853,52.53119,,0.9802811,41.74209,47.7845,,0.5287313,51.24769,57.27665,,1.487057,-6.042661,-15.51877,3.431047,1,2020-09-17,19:00:03 17 Sep 2020,40000
2020,President,Trump,Biden,,54,3.75e-05,0.0082373,0.993,0.007,,0.2383434,0.9821429,0.9994721,0.0090711,66.13857,32.03088,,1.830549,58.86031,24.94669,,0.9705219,73.25694,39.299,,2.806533,34.10768,19.644,48.28477,1,2020-09-17,19:00:03 17 Sep 2020,40000
2020,President,Trump,Biden,,53,0.0012625,0.0502155,0.009725,0.990275,,0.6452442,0.7618843,0.0264992,0.995481,36.75845,60.97382,,2.267735,30.78166,54.95647,,1.19465,42.76793,66.94456,,3.490748,-24.21537,-36.12361,-12.26592,1,2020-09-17,19:00:03 17 Sep 2020,40000
2020,President,Trump,Biden,,51,0.0132625,0.4482421,0.044575,0.955425,,0.9641054,0.7916634,0.1814823,0.9979879,43.81591,55.14593,,1.038165,39.64515,50.9754,,0.559139,47.99788,59.32058,,1.576258,-11.33002,-19.6625,-2.991961,1,2020-09-17,19:00:03 17 Sep 2020,40000
2020,President,Trump,Biden,,50,0.00015,0.063398,0.0075,0.9925,,0.54,0.7602015,0.017103,0.9955139,30.96142,66.37429,,2.664294,23.21338,58.35417,,1.396519,38.92494,74.13426,,4.113325,-35.41287,-50.83921,-19.53107,1,2020-09-17,19:00:03 17 Sep 2020,40000
2020,President,Trump,Biden,,48,0.0143625,0.2145758,0.701625,0.298375,,0.3369321,0.9985756,0.9983108,0.3931257,51.39021,47.59726,,1.012537,46.69283,42.90738,,0.5456825,56.07568,52.31142,,1.536751,3.792955,-5.590715,13.14284,1,2020-09-17,19:00:03 17 Sep 2020,40000
2020,President,Trump,Biden,,47,0.000475,0.0256757,0.9584,0.0416,,0.246635,0.9897836,0.9982052,0.0543277,57.63095,41.26741,,1.10163,51.79179,35.50113,,0.5923837,63.42887,47.08816,,1.674179,16.36354,4.714384,27.91431,1,2020-09-17,19:00:03 17 Sep 2020,40000
2020,President,Trump,Biden,,46,0.0003375,0.1182457,0.968275,0.031725,,0.2438873,0.9795114,0.9972551,0.0410015,59.50676,39.0278,,1.465443,52.77762,32.4136,,0.7818847,66.12424,45.6895,,2.237686,20.47896,7.117693,33.65673,1,2020-09-17,19:00:03 17 Sep 2020,40000
2020,President,Trump,Biden,,45,0.0013375,0.0861199,0.87905,0.12095,,0.268557,0.9937991,0.9969383,0.1585961,53.84519,45.29298,,0.8618269,49.11224,40.62088,,0.4663314,58.52845,50.02267,,1.304572,8.552207,-0.8977165,17.89394,1,2020-09-17,19:00:03 17 Sep 2020,40000
2020,President,Trump,Biden,,49,0.000625,0.0732997,0.95555,0.04445,,0.246795,0.9780653,0.9958826,0.0573624,56.88802,39.8534,,3.258581,50.63726,33.70708,,1.696707,63.07017,46.06628,,5.050402,17.03463,4.726494,29.21654,1,2020-09-17,19:00:03 17 Sep 2020,40000
2020,President,Trump,Biden,,42,0.332,7.517552,0.2495,0.7505,,0.8475952,0.9629914,0.8930532,0.9535888,47.41327,51.85625,,0.730483,43.11073,47.58088,,0.396883,51.69207,56.14425,,1.10258,-4.442975,-13.02909,4.105297,1,2020-09-17,19:00:03 17 Sep 2020,40000
2020,President,Trump,Biden,,36,0.0007,0.0126176,0.00105,0.99895,,0.7857143,0.7584714,0.003484,0.9997031,36.6048,62.32953,,1.065672,31.97662,57.66673,,0.573559,41.25871,66.95154,,1.618743,-25.72473,-34.95844,-16.3907,1,2020-09-17,19:00:03 17 Sep 2020,40000
2020,President,Trump,Biden,,41,0.00855,0.5753754,0.084,0.916,,0.6961309,0.7998362,0.2469383,0.9666843,42.15506,55.40982,,2.435116,36.02841,49.25031,,1.28001,48.30672,61.53765,,3.753386,-13.25476,-25.45578,-1.031607,1,2020-09-17,19:00:03 17 Sep 2020,40000
2020,President,Trump,Biden,,33,0.02495,4.619771,0.277925,0.722075,,0.6473869,0.9155213,0.7598184,0.8722457,46.42043,52.49592,,1.083651,39.70763,45.71803,,0.5829737,53.1924,59.21048,,1.646457,-6.075488,-19.48034,7.470072,1,2020-09-17,19:00:03 17 Sep 2020,40000
2020,President,Trump,Biden,,34,0.0078875,0.2869354,0.028975,0.971025,,0.7178602,0.7721223,0.0878378,0.9892466,40.55661,58.60283,,0.8405679,34.80193,52.83526,,0.4551061,46.32392,64.37212,,1.271869,-18.04622,-29.54543,-6.514877,1,2020-09-17,19:00:03 17 Sep 2020,40000
2020,President,Trump,Biden,,35,0.008975,1.560244,0.0624,0.9376,,0.8657852,0.7997814,0.2281461,0.9894115,42.62962,55.47467,,1.89571,37.35879,50.14975,,1.004042,47.93845,60.72666,,2.908452,-12.84505,-23.29355,-2.268366,1,2020-09-17,19:00:03 17 Sep 2020,40000
2020,President,Trump,Biden,,32,0.0365625,4.234153,0.20755,0.79245,,0.7872802,0.9019181,0.6900338,0.9430334,46.04951,52.13441,,1.816074,41.23991,47.30047,,0.9630702,50.89071,56.95368,,2.783904,-6.084897,-15.65379,3.550062,1,2020-09-17,19:00:03 17 Sep 2020,40000
2020,President,Trump,Biden,,37,0.05075,1.443486,0.462925,0.537075,,0.4918183,0.9824513,0.9614654,0.6962,49.29274,49.92264,,0.7846202,44.80006,45.39758,,0.4255393,53.82638,54.40533,,1.185792,-0.6299072,-9.597017,8.416931,1,2020-09-17,19:00:03 17 Sep 2020,40000
2020,President,Trump,Biden,,38,6.25e-05,0.0267464,0.9901,0.0099,,0.239092,0.9924242,0.9996833,0.0129635,60.76718,36.55945,,2.673376,54.79414,30.69686,,1.401128,66.71281,42.46757,,4.127587,24.20773,12.40571,35.92518,1,2020-09-17,19:00:03 17 Sep 2020,40000
2020,President,Trump,Biden,,39,0.025075,0.6264729,0.560425,0.439575,,0.4206629,0.9975545,0.9955659,0.5785724,50.02402,48.94759,,1.028392,45.34763,44.23716,,0.5540088,54.72344,53.64643,,1.561187,1.076423,-8.307856,10.49378,1,2020-09-17,19:00:03 17 Sep 2020,40000
2020,President,Trump,Biden,,40,7.5e-05,0.0072566,0.9927,0.0073,,0.2383651,0.9760274,0.999261,0.009401,62.98479,35.84008,,1.175125,57.20723,30.15751,,0.6307981,68.69125,41.61185,,1.7878,27.14471,15.62663,38.49483,1,2020-09-17,19:00:03 17 Sep 2020,40000
2020,President,Trump,Biden,,16,1.25e-05,0.0024767,0.995025,0.004975,,0.2346926,1.0,1.0,0.0065394,62.15919,34.91717,,2.923647,56.23582,29.14445,,1.514265,68.00658,40.77197,,4.52537,27.24202,15.58974,38.73315,1,2020-09-16,23:12:03 16 Sep 2020,40000
2020,President,Trump,Biden,,27,0.0350875,1.628684,0.134125,0.865875,,0.877726,0.8604302,0.5041216,0.9792974,45.25957,53.21586,,1.524562,40.63527,48.56615,,0.8053957,49.8978,57.85948,,2.333174,-7.956291,-17.15407,1.290251,1,2020-09-16,23:12:03 16 Sep 2020,40000
2020,President,Trump,Biden,,26,0.0625375,1.767416,0.133725,0.866275,,0.946719,0.8703645,0.5421261,0.9910617,45.53901,53.33624,,1.124756,41.05462,48.80076,,0.5992342,50.04367,57.83009,,1.712792,-7.797232,-16.75828,1.223169,1,2020-09-16,23:12:03 16 Sep 2020,40000
2020,President,Trump,Biden,,25,7.5e-05,0.0029359,0.001475,0.998525,,0.7118644,0.7614732,0.0044963,0.9994414,33.22114,65.18481,,1.594048,27.36634,59.25432,,0.8410172,39.13289,71.08431,,2.441382,-31.96368,-43.6707,-20.14566,1,2020-09-16,23:12:03 16 Sep 2020,40000
2020,President,Trump,Biden,,24,0.000375,0.019272,0.0014,0.9986,,0.6071429,0.7612908,0.0036399,0.9992771,35.68773,62.94883,,1.363451,30.84745,58.06317,,0.722529,40.57198,67.83379,,2.08276,-27.2611,-36.95676,-17.52113,1,2020-09-16,23:12:03 16 Sep 2020,40000
2020,President,Trump,Biden,,23,0.0026125,0.4900486,0.13105,0.86895,,0.7075543,0.8318085,0.3970667,0.9500838,44.13066,55.86934,,0.0,37.35043,49.08728,,0.0,50.91272,62.64957,,0.0,-11.73868,-25.29915,1.825438,1,2020-09-16,23:12:03 16 Sep 2020,40000
2020,President,Trump,Biden,,22,0.0019875,0.1397499,0.92335,0.07665,,0.2493367,0.9556425,0.9858688,0.0962834,57.05412,42.10135,,0.8445362,50.44999,35.55767,,0.4532397,63.59809,48.69801,,1.280024,14.95277,1.760731,28.02711,1,2020-09-16,23:12:03 16 Sep 2020,40000
2020,President,Trump,Biden,,21,0.00015,0.0112599,0.982925,0.017075,,0.2373782,0.988287,0.9991435,0.0221813,59.77235,39.04739,,1.180255,53.98498,33.33458,,0.6279648,65.49519,44.83849,,1.798722,20.72496,9.182829,32.15366,1,2020-09-16,23:12:03 16 Sep 2020,40000
2020,President,Trump,Biden,,20,0.000175,0.0202444,0.9316,0.0684,,0.2505367,0.9981725,0.9994648,0.089744,54.93502,43.1796,,1.885373,49.88666,38.20774,,0.9898031,59.91789,48.19729,,2.895894,11.75543,1.781729,21.67464,1,2020-09-16,23:12:03 16 Sep 2020,40000
2020,President,Trump,Biden,,19,0.003375,0.304614,0.671425,0.328575,,0.3467997,0.9979457,0.9971095,0.4310079,51.07021,47.54866,,1.381122,45.88173,42.3513,,0.7316397,56.28146,52.71553,,2.110185,3.521553,-6.798922,13.89564,1,2020-09-16,23:12:03 16 Sep 2020,40000
2020,President,Trump,Biden,,18,0.0001,0.0049056,0.957925,0.042075,,0.2437038,0.9982175,0.9996789,0.0552069,55.99805,42.60833,,1.393621,51.11747,37.76878,,0.7380815,60.8583,47.44286,,2.129599,13.38972,3.716965,23.06623,1,2020-09-16,23:12:03 16 Sep 2020,40000
2020,President,Trump,Biden,,17,0.0004375,0.0115912,0.0037,0.9963,,0.9391892,0.7633745,0.0148806,0.9997042,38.74768,59.73817,,1.514147,34.17345,55.10441,,0.8000512,43.33709,64.331,,2.316969,-20.99049,-30.12139,-11.84327,1,2020-09-16,23:12:03 16 Sep 2020,40000
2020,President,Trump,Biden,,01,0.000325,0.0216666,0.979125,0.020875,,0.237942,0.9736527,0.9976448,0.0267162,59.86249,39.35255,,0.784958,54.00581,33.54007,,0.4220549,65.6697,45.20013,,1.18839,20.50994,8.815693,32.11914,1,2020-09-16,23:12:03 16 Sep 2020,40000
2020,President,Trump,Biden,,15,0.000625,0.2099402,0.01205,0.98795,,0.5062241,0.7641075,0.0261214,0.9922776,32.4684,65.66724,,1.864356,24.51711,57.63185,,0.9791057,40.49595,73.62872,,2.863101,-33.19884,-49.0433,-17.17437,1,2020-09-16,23:12:03 16 Sep 2020,40000
2020,President,Trump,Biden,,13,0.0159875,0.5281827,0.6559,0.3441,,0.3491005,0.9861959,0.980516,0.4460583,50.88355,48.29204,,0.8244056,46.61527,44.06061,,0.4427154,55.12744,52.55672,,1.249051,2.591511,-5.939407,11.06727,1,2020-09-16,23:12:03 16 Sep 2020,40000
2020,President,Trump,Biden,,12,0.1448625,2.021822,0.3964,0.6036,,0.5667256,0.9847996,0.9619955,0.7813414,48.64931,50.5604,,0.7902926,43.96293,45.89018,,0.4248545,53.30497,55.25769,,1.196588,-1.911094,-11.29455,7.425665,1,2020-09-16,23:12:03 16 Sep 2020,40000
2020,President,Trump,Biden,,11,0.0,0.0,0.0,1.0,,,0.760775,0.0,1.0,5.801128,90.70764,,3.491233,3.211504,87.33266,,1.797448,8.535843,93.85046,,5.421325,-84.90651,-90.36583,-79.13202,1,2020-09-16,23:12:03 16 Sep 2020,40000
2020,President,Trump,Biden,,10,3.75e-05,0.011178,0.00175,0.99825,,0.9714286,0.7620586,0.0072797,0.9999343,38.61588,60.23878,,1.145339,34.32409,55.94109,,0.6098948,42.93068,64.53133,,1.74462,-21.6229,-30.18326,-13.02093,1,2020-09-16,23:12:03 16 Sep 2020,40000
2020,President,Trump,Biden,,09,0.0006875,0.0598867,0.0129,0.9871,,0.9089147,0.7695522,0.0502088,0.9984884,40.04178,59.01299,,0.9452354,34.90641,53.87614,,0.5058377,45.16037,64.12517,,1.435086,-18.9712,-29.17417,-8.71063,1,2020-09-16,23:12:03 16 Sep 2020,40000
2020,President,Trump,Biden,,08,0.0330375,1.610613,0.139675,0.860325,,0.8034723,0.8533112,0.4805695,0.9649699,44.63317,53.42741,,1.939415,39.37938,48.16784,,1.017289,49.86845,58.7177,,2.980305,-8.794235,-19.30012,1.642904,1,2020-09-16,23:12:03 16 Sep 2020,40000
2020,President,Trump,Biden,,06,0.0024,0.0242105,0.003075,0.996925,,0.5934959,0.7618678,0.007815,0.9983569,34.87896,63.15749,,1.963556,29.37764,57.6423,,1.029558,40.39413,68.6496,,3.018015,-28.27854,-39.2001,-17.29209,1,2020-09-16,23:12:03 16 Sep 2020,40000
2020,President,Trump,Biden,,05,0.0002875,0.035833,0.938475,0.061525,,0.2481419,0.9894352,0.9972166,0.0800171,56.52167,41.85689,,1.621448,50.53726,35.95768,,0.8550482,62.42394,47.83837,,2.484113,14.66478,2.728519,26.44864,1,2020-09-16,23:12:03 16 Sep 2020,40000
2020,President,Trump,Biden,,04,0.061925,3.134263,0.3246,0.6754,,0.5933456,0.9342612,0.8247511,0.8294173,47.53257,51.13534,,1.33209,42.28307,45.89758,,0.7063625,52.76221,56.38049,,2.034205,-3.602777,-14.059,6.841717,1,2020-09-16,23:12:03 16 Sep 2020,40000
2020,President,Trump,Biden,,02,0.0023875,1.05896,0.804375,0.195625,,0.2838539,0.9723962,0.9777326,0.2500411,53.23284,44.51279,,2.254361,46.46941,37.8591,,1.176999,59.8924,51.27523,,3.473159,8.720047,-4.711535,21.95085,1,2020-09-16,23:12:03 16 Sep 2020,40000
2020,President,Trump,Biden,,28,0.002275,0.2657468,0.87315,0.12685,,0.2582889,0.9355538,0.9657424,0.1559922,55.70171,43.54028,,0.758019,48.70617,36.66122,,0.4079086,62.58796,50.52881,,1.146991,12.16143,-1.819258,25.92214,1,2020-09-16,23:12:03 16 Sep 2020,40000
2020,President,Trump,Biden,,29,0.0007625,0.0384718,0.90145,0.09855,,0.2586389,0.9961948,0.9983942,0.129046,54.42429,44.12635,,1.449357,49.27297,38.99867,,0.7667778,59.563,49.27187,,2.216221,10.29795,0.0631618,20.5202,1,2020-09-16,23:12:03 16 Sep 2020,40000
2020,President,Trump,Biden,,30,0.0011625,0.3148169,0.8719,0.1281,,0.2653114,0.9822404,0.9905792,0.1653906,54.58185,43.29528,,2.122862,48.15081,36.91187,,1.110422,60.99577,49.71833,,3.267214,11.28657,-1.508692,24.03593,1,2020-09-16,23:12:03 16 Sep 2020,40000
2020,President,Trump,Biden,,44,0.0003,0.0898664,0.009625,0.990375,,0.9142857,0.7673356,0.0376833,0.9989156,37.39656,61.18207,,1.421375,31.31374,55.04847,,0.7523785,43.51057,67.28633,,2.172719,-23.78551,-35.95497,-11.56838,1,2020-09-16,23:12:03 16 Sep 2020,40000
2020,President,Trump,Biden,,31,0.0,0.0,0.986375,0.013625,,0.2367,0.9963303,0.9997859,0.0178436,58.42763,39.7853,,1.787074,53.39905,34.79655,,0.9389575,63.42759,44.76628,,2.746439,18.64233,8.678366,28.59032,1,2020-09-16,23:12:03 16 Sep 2020,40000
2020,President,Trump,Biden,,56,0.0,0.0,0.998225,0.001775,,0.2338651,0.9577465,0.9996789,0.0022346,68.37342,28.26762,,3.358963,61.72772,21.90628,,1.731628,74.90137,34.80304,,5.212201,40.1058,27.10914,52.86409,1,2020-09-16,23:12:03 16 Sep 2020,40000
2020,President,Trump,Biden,,55,0.0902,4.197888,0.204025,0.795975,,0.8559,0.9205377,0.7477786,0.9631297,46.46537,52.55379,,0.9808408,41.70991,47.76514,,0.5244025,51.27439,57.2998,,1.490024,-6.088415,-15.58276,3.506418,1,2020-09-16,23:12:03 16 Sep 2020,40000
2020,President,Trump,Biden,,54,1.25e-05,0.0023608,0.993325,0.006675,,0.2349936,0.9850187,0.9995718,0.0086425,66.07615,32.09162,,1.832232,58.82732,25.02125,,0.9627457,73.20904,39.36222,,2.812987,33.98454,19.47544,48.2043,1,2020-09-16,23:12:03 16 Sep 2020,40000
2020,President,Trump,Biden,,53,0.0014125,0.05601,0.010875,0.989125,,0.6689655,0.7654998,0.031153,0.995268,36.73772,60.99031,,2.271974,30.81681,55.02225,,1.185911,42.68468,66.91926,,3.500788,-24.25259,-36.03782,-12.42997,1,2020-09-16,23:12:03 16 Sep 2020,40000
2020,President,Trump,Biden,,51,0.0128125,0.4314633,0.0436,0.9564,,0.9529817,0.7933657,0.1779253,0.9973711,43.79495,55.16604,,1.039003,39.58008,50.99381,,0.5546843,47.98061,59.35857,,1.58001,-11.37109,-19.77317,-3.041523,1,2020-09-16,23:12:03 16 Sep 2020,40000
2020,President,Trump,Biden,,50,0.000275,0.1246288,0.008275,0.991725,,0.5015106,0.7629887,0.0177711,0.9946108,30.94813,66.37707,,2.674798,23.17558,58.45628,,1.389369,38.80799,74.21126,,4.134256,-35.42894,-50.9785,-19.75584,1,2020-09-16,23:12:03 16 Sep 2020,40000
2020,President,Trump,Biden,,48,0.01515,0.2269793,0.698275,0.301725,,0.3338226,0.9984257,0.9981801,0.3959778,51.34085,47.6454,,1.013746,46.63277,42.96893,,0.5415409,56.01793,52.34107,,1.540936,3.695445,-5.694664,13.03672,1,2020-09-16,23:12:03 16 Sep 2020,40000
2020,President,Trump,Biden,,47,0.0005625,0.0312498,0.9568,0.0432,,0.2434939,0.9872685,0.9976448,0.0560613,57.58055,41.32118,,1.098269,51.74732,35.49358,,0.5854873,63.38577,47.13369,,1.671826,16.25938,4.61454,27.89286,1,2020-09-16,23:12:03 16 Sep 2020,40000
2020,President,Trump,Biden,,46,0.000225,0.0799294,0.96865,0.03135,,0.2403603,0.9776714,0.9970025,0.0402879,59.45494,39.07406,,1.471002,52.80004,32.4863,,0.7778994,66.01947,45.72366,,2.24987,20.38088,7.113844,33.53626,1,2020-09-16,23:12:03 16 Sep 2020,40000
2020,President,Trump,Biden,,45,0.0012875,0.0840364,0.87725,0.12275,,0.2651753,0.9924644,0.996146,0.1601328,53.80476,45.33629,,0.8589454,49.10245,40.64793,,0.4607678,58.48721,50.04748,,1.302201,8.468476,-0.9459743,17.82824,1,2020-09-16,23:12:03 16 Sep 2020,40000
2020,President,Trump,Biden,,49,0.000575,0.0683551,0.95675,0.04325,,0.2431147,0.9780347,0.996039,0.0556012,56.83005,39.82851,,3.341444,50.55098,33.74445,,1.722902,63.00553,46.05679,,5.184516,17.00154,4.663408,29.0422,1,2020-09-16,23:12:03 16 Sep 2020,40000
2020,President,Trump,Biden,,42,0.3278,7.423993,0.24865,0.75135,,0.8356123,0.9624343,0.8897334,0.950511,47.38712,51.88187,,0.7310126,43.12492,47.61813,,0.3937122,51.66054,56.14473,,1.105472,-4.494742,-13.00232,4.031618,1,2020-09-16,23:12:03 16 Sep 2020,40000
2020,President,Trump,Biden,,36,0.0006125,0.0112221,0.00105,0.99895,,0.7857143,0.7613494,0.0035328,0.9997042,36.56592,62.36686,,1.067221,31.94641,57.70831,,0.5693569,41.24104,67.00467,,1.623741,-25.80095,-35.05707,-16.47794,1,2020-09-16,23:12:03 16 Sep 2020,40000
2020,President,Trump,Biden,,41,0.00855,0.5777056,0.08235,0.91765,,0.6876138,0.8012586,0.2424794,0.9664816,42.13165,55.4285,,2.439853,36.04973,49.30731,,1.270793,48.214,61.53644,,3.764508,-13.29685,-25.38247,-1.130116,1,2020-09-16,23:12:03 16 Sep 2020,40000
2020,President,Trump,Biden,,33,0.026325,4.894778,0.271625,0.728375,,0.6440865,0.9134031,0.7491703,0.874503,46.37465,52.54042,,1.084936,39.65657,45.81014,,0.5785625,53.09195,59.2496,,1.651177,-6.165769,-19.55751,7.27187,1,2020-09-16,23:12:03 16 Sep 2020,40000
2020,President,Trump,Biden,,34,0.008,0.291243,0.02845,0.97155,,0.7012302,0.7743554,0.0854298,0.9888929,40.51148,58.64675,,0.8417678,34.73692,52.84461,,0.4517928,46.30146,64.40881,,1.275764,-18.13527,-29.66689,-6.54813,1,2020-09-16,23:12:03 16 Sep 2020,40000
2020,President,Trump,Biden,,35,0.00925,1.610771,0.058875,0.941125,,0.8619958,0.8001062,0.2173215,0.9897802,42.58571,55.51448,,1.899813,37.27962,50.20388,,0.9971501,47.89064,60.82742,,2.918428,-12.92876,-23.52823,-2.41679,1,2020-09-16,23:12:03 16 Sep 2020,40000
2020,President,Trump,Biden,,32,0.0381,4.431189,0.20305,0.79695,,0.7924157,0.9029425,0.6890054,0.9458776,45.99882,52.18186,,1.819317,41.17845,47.34162,,0.9561663,50.85094,56.9948,,2.79284,-6.183038,-15.77965,3.429295,1,2020-09-16,23:12:03 16 Sep 2020,40000
2020,President,Trump,Biden,,37,0.0453875,1.291718,0.474675,0.525325,,0.4748512,0.9839623,0.9652072,0.6794387,49.38914,49.84326,,0.7675991,44.86924,45.34755,,0.412941,53.85983,54.3511,,1.161711,-0.4541141,-9.470781,8.50145,1,2020-09-16,23:12:03 16 Sep 2020,40000
2020,President,Trump,Biden,,38,6.25e-05,0.0234723,0.9899,0.0101,,0.2358066,0.990099,0.9995718,0.0131445,60.72253,36.60421,,2.673264,54.74463,30.73405,,1.388595,66.62457,42.51569,,4.131842,24.11832,12.34168,35.77157,1,2020-09-16,23:12:03 16 Sep 2020,40000
2020,President,Trump,Biden,,39,0.02405,0.6037887,0.5547,0.4453,,0.4197314,0.9983719,0.9970025,0.5843712,49.98396,48.98786,,1.028174,45.28991,44.2946,,0.5490502,54.69434,53.67397,,1.563263,0.9961005,-8.358177,10.38291,1,2020-09-16,23:12:03 16 Sep 2020,40000
2020,President,Trump,Biden,,40,5e-05,0.0047322,0.993275,0.006725,,0.2349299,0.9739777,0.9992506,0.0086096,62.95552,35.87083,,1.173646,57.11496,30.13768,,0.6245458,68.69991,41.6937,,1.788479,27.08468,15.45253,38.53249,1,2020-09-16,23:12:03 16 Sep 2020,40000
2020,President,Trump,Biden,,16,2.5e-05,0.0044194,0.994125,0.005875,,0.2390293,0.9957447,0.9998948,0.007722,62.11815,34.95324,,2.928614,56.13111,29.14135,,1.534431,68.02965,40.81876,,4.521026,27.16491,15.47111,38.76141,1,2020-09-15,23:33:03 15 Sep 2020,40000
2020,President,Trump,Biden,,27,0.0524625,2.429102,0.169775,0.830225,,0.8483286,0.8823211,0.6060383,0.966934,45.74216,52.69606,,1.561777,41.0444,47.98728,,0.8336556,50.44197,57.40591,,2.384635,-6.953897,-16.27579,2.438679,1,2020-09-15,23:33:03 15 Sep 2020,40000
2020,President,Trump,Biden,,26,0.06285,1.772105,0.13515,0.86485,,0.9500555,0.8684454,0.5402904,0.99142,45.51856,53.3544,,1.127033,40.96944,48.77747,,0.6069167,50.10579,57.92176,,1.711431,-7.835839,-16.91902,1.302731,1,2020-09-15,23:33:03 15 Sep 2020,40000
2020,President,Trump,Biden,,25,0.00025,0.0103416,0.00195,0.99805,,0.8076923,0.7586794,0.0066274,0.999505,33.18659,65.21931,,1.594096,27.27152,59.24211,,0.8504239,39.16159,71.1188,,2.434898,-32.03272,-43.83224,-20.12752,1,2020-09-15,23:33:03 15 Sep 2020,40000
2020,President,Trump,Biden,,24,0.0001375,0.006902,0.00165,0.99835,,0.6212121,0.7582261,0.0043131,0.999208,35.63426,63.00363,,1.362104,30.716,58.07937,,0.7298675,40.57519,67.91595,,2.075231,-27.36937,-37.18513,-17.52457,1,2020-09-15,23:33:03 15 Sep 2020,40000
2020,President,Trump,Biden,,23,0.0044375,0.8366908,0.176175,0.823825,,0.6822761,0.8520013,0.5057858,0.9265089,45.15416,54.84584,,0.0,38.43142,48.0228,,0.0,51.9772,61.56858,,0.0,-9.691689,-23.13716,3.954391,1,2020-09-15,23:33:03 15 Sep 2020,40000
2020,President,Trump,Biden,,22,0.0017125,0.1216983,0.91905,0.08095,,0.2554812,0.9635578,0.9880075,0.1029601,56.95901,42.19382,,0.8471656,50.29765,35.61033,,0.4595362,63.54943,48.82621,,1.28046,14.76518,1.471869,27.92858,1,2020-09-15,23:33:03 15 Sep 2020,40000
2020,President,Trump,Biden,,21,0.000175,0.0134452,0.97675,0.02325,,0.2429997,0.9870968,0.9987376,0.030294,59.0728,39.73879,,1.188406,53.25886,33.96391,,0.6390963,64.85382,45.56525,,1.806341,19.33401,7.720694,30.88462,1,2020-09-15,23:33:03 15 Sep 2020,40000
2020,President,Trump,Biden,,20,0.0002,0.0219259,0.927725,0.072275,,0.2560295,0.9982705,0.999474,0.0952381,54.85688,43.25259,,1.890526,49.80263,38.27921,,1.003731,59.85548,48.29425,,2.89605,11.6043,1.563114,21.51277,1,2020-09-15,23:33:03 15 Sep 2020,40000
2020,President,Trump,Biden,,19,0.003925,0.3582508,0.6704,0.3296,,0.3537813,0.9985589,0.9980013,0.4344454,51.05796,47.55513,,1.386909,45.81864,42.32095,,0.7427826,56.31043,52.7944,,2.113627,3.502834,-6.969425,13.94787,1,2020-09-15,23:33:03 15 Sep 2020,40000
2020,President,Trump,Biden,,18,0.0001,0.0050514,0.9535,0.0465,,0.2492134,0.9994624,0.9998948,0.0613471,55.94064,42.66277,,1.396589,50.95303,37.78344,,0.7478229,60.8407,47.62206,,2.128609,13.27788,3.368351,23.0352,1,2020-09-15,23:33:03 15 Sep 2020,40000
2020,President,Trump,Biden,,17,0.00075,0.0186084,0.0029,0.9971,,0.9741379,0.7597032,0.0118872,0.999901,38.69461,59.78792,,1.517474,34.08333,55.12961,,0.8106654,43.38262,64.40019,,2.315899,-21.09331,-30.31083,-11.79818,1,2020-09-15,23:33:03 15 Sep 2020,40000
2020,President,Trump,Biden,,01,0.000325,0.0214985,0.9785,0.0215,,0.2420542,0.9627907,0.9966337,0.027324,59.78776,39.42526,,0.7869815,53.89674,33.6622,,0.427689,65.56642,45.3049,,1.188105,20.3625,8.592552,31.89206,1,2020-09-15,23:33:03 15 Sep 2020,40000
2020,President,Trump,Biden,,15,0.0005125,0.1734088,0.011725,0.988275,,0.4797441,0.7604412,0.0236693,0.992014,32.37698,65.76204,,1.86098,24.39762,57.65054,,0.9884922,40.48391,73.74688,,2.850082,-33.38506,-49.32943,-17.20409,1,2020-09-15,23:33:03 15 Sep 2020,40000
2020,President,Trump,Biden,,13,0.0163875,0.5433655,0.64845,0.35155,,0.3612075,0.9898307,0.9855881,0.4593275,50.82522,48.34965,,0.8251259,46.50554,44.05322,,0.447884,55.13345,52.66078,,1.246621,2.475568,-6.139198,11.07158,1,2020-09-15,23:33:03 15 Sep 2020,40000
2020,President,Trump,Biden,,12,0.1475375,2.067704,0.394025,0.605975,,0.579849,0.9845703,0.9613928,0.7875458,48.62022,50.58964,,0.7901328,43.83498,45.84401,,0.4293588,53.3811,55.38557,,1.192928,-1.969418,-11.56373,7.505878,1,2020-09-15,23:33:03 15 Sep 2020,40000
2020,President,Trump,Biden,,11,0.0,0.0,0.0,1.0,,,0.757575,0.0,1.0,5.792795,90.71119,,3.496018,3.215379,87.3863,,1.820983,8.500936,93.84431,,5.414449,-84.9184,-90.37047,-79.23006,1,2020-09-15,23:33:03 15 Sep 2020,40000
2020,President,Trump,Biden,,10,5e-05,0.0153164,0.001775,0.998225,,0.943662,0.7588219,0.0070482,0.999868,38.57397,60.28043,,1.145597,34.27689,55.94627,,0.6166551,42.89986,64.60011,,1.740099,-21.70646,-30.3184,-13.0617,1,2020-09-15,23:33:03 15 Sep 2020,40000
2020,President,Trump,Biden,,09,0.0008375,0.0720427,0.012225,0.987775,,0.9284254,0.7660905,0.0477593,0.998878,39.99427,59.06124,,0.9444935,34.85254,53.85907,,0.5108773,45.19642,64.1926,,1.430161,-19.06697,-29.34894,-8.666185,1,2020-09-15,23:33:03 15 Sep 2020,40000
2020,President,Trump,Biden,,08,0.03135,1.52378,0.1368,0.8632,,0.8082968,0.8481522,0.4652851,0.966406,44.58505,53.47524,,1.939705,39.32081,48.20211,,1.029074,49.85431,58.72865,,2.972515,-8.890188,-19.33092,1.603615,1,2020-09-15,23:33:03 15 Sep 2020,40000
2020,President,Trump,Biden,,06,0.0022375,0.0221519,0.00335,0.99665,,0.6044776,0.7587919,0.0085209,0.998251,34.56859,63.4832,,1.948208,29.0734,57.91899,,1.033454,40.10868,69.04181,,2.98574,-28.9146,-39.91081,-17.87625,1,2020-09-15,23:33:03 15 Sep 2020,40000
2020,President,Trump,Biden,,05,0.0005625,0.0700006,0.9347,0.0653,,0.2533968,0.9877489,0.9966337,0.0851401,56.4195,41.95683,,1.623678,50.41082,36.05056,,0.8657658,62.34364,47.96393,,2.48091,14.46267,2.437866,26.26655,1,2020-09-15,23:33:03 15 Sep 2020,40000
2020,President,Trump,Biden,,04,0.0628375,3.173851,0.326225,0.673775,,0.600046,0.9333234,0.8236903,0.8300828,47.50867,51.15895,,1.332386,42.19761,45.81643,,0.7143837,52.84269,56.48243,,2.02919,-3.650283,-14.25531,7.003962,1,2020-09-15,23:33:03 15 Sep 2020,40000
2020,President,Trump,Biden,,02,0.0019,0.8693795,0.802475,0.197525,,0.2871118,0.9625364,0.969493,0.2509652,53.2046,44.53572,,2.259681,46.5072,37.88609,,1.193377,59.88448,51.20003,,3.471735,8.668879,-4.627033,21.90897,1,2020-09-15,23:33:03 15 Sep 2020,40000
2020,President,Trump,Biden,,28,0.0026125,0.3027036,0.870725,0.129275,,0.2642338,0.9398569,0.9681254,0.1603802,55.64868,43.59144,,0.759878,48.67241,36.74751,,0.413318,62.49037,50.55724,,1.146635,12.05724,-1.886858,25.74978,1,2020-09-15,23:33:03 15 Sep 2020,40000
2020,President,Trump,Biden,,29,0.000875,0.0436495,0.896175,0.103825,,0.2645131,0.994221,0.9974753,0.1362571,54.34998,44.19805,,1.451967,49.13115,39.06802,,0.7766398,59.49963,49.38197,,2.214352,10.15194,-0.2032986,20.38804,1,2020-09-15,23:33:03 15 Sep 2020,40000
2020,President,Trump,Biden,,30,0.000825,0.2216367,0.87365,0.12635,,0.2687861,0.9772457,0.9881127,0.1629872,54.57895,43.29058,,2.130472,48.16855,36.944,,1.127167,60.97468,49.71255,,3.269961,11.28837,-1.485668,23.99188,1,2020-09-15,23:33:03 15 Sep 2020,40000
2020,President,Trump,Biden,,44,0.0002875,0.0838989,0.009475,0.990525,,0.9023747,0.7638878,0.0359773,0.998779,37.41369,61.16164,,1.424675,31.29798,55.04942,,0.7624453,43.53908,67.26291,,2.172087,-23.74795,-35.95778,-11.53489,1,2020-09-15,23:33:03 15 Sep 2020,40000
2020,President,Trump,Biden,,31,0.0,0.0,0.985075,0.014925,,0.2412253,0.9983249,0.9998948,0.019668,58.37469,39.83487,,1.790431,53.29531,34.84478,,0.9519137,63.43382,44.87993,,2.738448,18.53982,8.440651,28.54647,1,2020-09-15,23:33:03 15 Sep 2020,40000
2020,President,Trump,Biden,,56,0.0,0.0,0.9975,0.0025,,0.2381203,0.95,0.999474,0.003135,68.37333,28.2606,,3.366073,61.68317,21.84256,,1.755594,74.96133,34.79383,,5.20978,40.11273,27.01119,52.96292,1,2020-09-15,23:33:03 15 Sep 2020,40000
2020,President,Trump,Biden,,55,0.0836875,3.903669,0.204925,0.795075,,0.8600708,0.9178065,0.7416369,0.9632379,46.43247,52.57149,,0.9960403,41.62472,47.76561,,0.5380363,51.25114,57.3624,,1.509451,-6.139025,-15.75156,3.492054,1,2020-09-15,23:33:03 15 Sep 2020,40000
2020,President,Trump,Biden,,54,8.75e-05,0.0179821,0.99275,0.00725,,0.2391085,0.962069,0.9988428,0.009207,65.99651,32.16824,,1.835242,58.73828,25.00842,,0.9752085,73.22736,39.40147,,2.810021,33.82827,19.38527,48.19522,1,2020-09-15,23:33:03 15 Sep 2020,40000
2020,President,Trump,Biden,,53,0.0013375,0.0525462,0.009625,0.990375,,0.6779221,0.7618074,0.0274563,0.995908,36.68439,61.04498,,2.270625,30.76109,55.0892,,1.198977,42.64964,67.00179,,3.488837,-24.36059,-36.15995,-12.53775,1,2020-09-15,23:33:03 15 Sep 2020,40000
2020,President,Trump,Biden,,51,0.0119,0.4024398,0.0431,0.9569,,0.9518561,0.789607,0.1726278,0.99736,43.72983,55.2306,,1.039572,39.51106,51.00564,,0.5609572,47.94948,59.46841,,1.576548,-11.50076,-19.94954,-3.09337,1,2020-09-15,23:33:03 15 Sep 2020,40000
2020,President,Trump,Biden,,50,0.00015,0.0655793,0.0072,0.9928,,0.5659722,0.7599466,0.0171471,0.995908,31.07161,66.24762,,2.680767,23.32087,58.34258,,1.408524,38.91745,74.07117,,4.131355,-35.17601,-50.66882,-19.47577,1,2020-09-15,23:33:03 15 Sep 2020,40000
2020,President,Trump,Biden,,48,0.01545,0.2317546,0.6888,0.3112,,0.3444033,0.9986343,0.9982117,0.4102234,51.25391,47.73241,,1.013677,46.50197,42.99196,,0.5473211,55.99131,52.47641,,1.536629,3.521493,-5.945473,12.99791,1,2020-09-15,23:33:03 15 Sep 2020,40000
2020,President,Trump,Biden,,47,0.0004125,0.0220544,0.9537,0.0463,,0.2482961,0.9816415,0.9964233,0.0599941,57.4871,41.41304,,1.099856,51.5659,35.56985,,0.5926509,63.35264,47.32096,,1.669491,16.07406,4.233171,27.76628,1,2020-09-15,23:33:03 15 Sep 2020,40000
2020,President,Trump,Biden,,46,0.0002625,0.0951605,0.96585,0.03415,,0.2451468,0.9743778,0.9963181,0.043923,59.43794,39.08762,,1.474435,52.70778,32.45958,,0.7883137,66.1197,45.80286,,2.249193,20.35032,6.922205,33.63071,1,2020-09-15,23:33:03 15 Sep 2020,40000
2020,President,Trump,Biden,,45,0.001425,0.09087,0.870475,0.129525,,0.2722651,0.9945956,0.9972649,0.1700492,53.7428,45.36561,,0.8915834,48.94592,40.62931,,0.4829863,58.4796,50.15727,,1.348716,8.37719,-1.190935,17.85846,1,2020-09-15,23:33:03 15 Sep 2020,40000
2020,President,Trump,Biden,,49,0.000725,0.0830808,0.9549,0.0451,,0.2479317,0.9800444,0.9962129,0.0583441,56.7474,39.91184,,3.340761,50.4702,33.73665,,1.742831,62.98414,46.13502,,5.169906,16.83556,4.455832,29.11018,1,2020-09-15,23:33:03 15 Sep 2020,40000
2020,President,Trump,Biden,,42,0.319125,7.221004,0.248475,0.751525,,0.8468659,0.9611124,0.8854408,0.953437,47.35862,51.90922,,0.7321634,43.01511,47.56997,,0.3986034,51.72418,56.24349,,1.104231,-4.550597,-13.22768,4.148104,1,2020-09-15,23:33:03 15 Sep 2020,40000
2020,President,Trump,Biden,,36,0.0006125,0.0112637,0.0013,0.9987,,0.8846154,0.7584109,0.004839,0.999802,36.50014,62.43404,,1.065815,31.82097,57.72642,,0.5747669,41.21975,67.10768,,1.616999,-25.9339,-35.25946,-16.5164,1,2020-09-15,23:33:03 15 Sep 2020,40000
2020,President,Trump,Biden,,41,0.008175,0.5510406,0.08045,0.91955,,0.7060286,0.7983252,0.2390069,0.969013,42.12337,55.43584,,2.440785,36.04413,49.35155,,1.286038,48.22473,61.53828,,3.755227,-13.31248,-25.39989,-1.206984,1,2020-09-15,23:33:03 15 Sep 2020,40000
2020,President,Trump,Biden,,33,0.0223375,4.166358,0.273575,0.726425,,0.6490908,0.9124824,0.7472123,0.8749629,46.36092,52.54982,,1.089256,39.64934,45.75808,,0.587084,53.15709,59.2514,,1.653139,-6.1889,-19.57189,7.377253,1,2020-09-15,23:33:03 15 Sep 2020,40000
2020,President,Trump,Biden,,34,0.0085375,0.3095109,0.0279,0.9721,,0.7365592,0.7718084,0.0864717,0.990364,40.4671,58.69175,,0.8411514,34.65895,52.86654,,0.4563592,46.30566,64.49826,,1.271222,-18.22465,-29.84006,-6.555696,1,2020-09-15,23:33:03 15 Sep 2020,40000
2020,President,Trump,Biden,,35,0.0085875,1.488664,0.059025,0.940975,,0.871241,0.7972847,0.2163897,0.990298,42.52948,55.57193,,1.898589,37.20181,50.23161,,1.007888,47.87997,60.89622,,2.908585,-13.04246,-23.65033,-2.398323,1,2020-09-15,23:33:03 15 Sep 2020,40000
2020,President,Trump,Biden,,32,0.0346125,4.030395,0.2025,0.7975,,0.7982716,0.8995925,0.680202,0.9470019,45.93388,52.24807,,1.81806,41.0638,47.3639,,0.9663372,50.85285,57.11135,,2.783273,-6.31419,-16.01309,3.43363,1,2020-09-15,23:33:03 15 Sep 2020,40000
2020,President,Trump,Biden,,37,0.045625,1.299498,0.471125,0.528875,,0.4849032,0.9816592,0.9612876,0.6853117,49.36559,49.86627,,0.7681381,44.80546,45.30455,,0.4176994,53.93216,54.41915,,1.159271,-0.5006793,-9.598097,8.624313,1,2020-09-15,23:33:03 15 Sep 2020,40000
2020,President,Trump,Biden,,38,3.75e-05,0.0159496,0.98845,0.01155,,0.2403005,0.9891775,0.999474,0.015081,60.66628,36.65416,,2.679559,54.64772,30.72629,,1.407909,66.66197,42.61216,,4.12946,24.01211,12.12207,35.82092,1,2020-09-15,23:33:03 15 Sep 2020,40000
2020,President,Trump,Biden,,39,0.0257875,0.6463262,0.55335,0.44665,,0.4278485,0.9978731,0.9962129,0.5883246,49.93556,49.03409,,1.030353,45.19859,44.33311,,0.5561032,54.66355,53.75779,,1.562335,0.9014702,-8.543362,10.31952,1,2020-09-15,23:33:03 15 Sep 2020,40000
2020,President,Trump,Biden,,40,5e-05,0.0046337,0.993025,0.006975,,0.2390927,0.9677419,0.9990532,0.00891,62.87079,35.95332,,1.175889,56.99365,30.20811,,0.632536,68.64067,41.81802,,1.786952,26.91747,15.15541,38.41861,1,2020-09-15,23:33:03 15 Sep 2020,40000
2020,President,Trump,Biden,,16,0.0,0.0,0.99535,0.00465,,0.2403426,1.0,1.0,0.0061514,62.16053,34.91698,,2.922489,56.21052,29.03313,,1.527234,68.1049,40.78875,,4.518644,27.24355,15.52513,38.95005,1,2020-09-14,23:33:03 14 Sep 2020,40000
2020,President,Trump,Biden,,27,0.0501375,2.329353,0.163325,0.836675,,0.8594826,0.8766546,0.5867907,0.9703013,45.70867,52.73407,,1.557258,41.00966,48.02914,,0.8292698,50.39258,57.44502,,2.381752,-7.025407,-16.39744,2.324762,1,2020-09-14,23:33:03 14 Sep 2020,40000
2020,President,Trump,Biden,,26,0.0625875,1.763219,0.13755,0.86245,,0.9527445,0.8691229,0.5478106,0.9915997,45.54121,53.33439,,1.124401,40.94073,48.74142,,0.6040351,50.12825,57.93452,,1.711224,-7.793189,-16.95864,1.362204,1,2020-09-14,23:33:03 14 Sep 2020,40000
2020,President,Trump,Biden,,25,0.00015,0.0064633,0.00175,0.99825,,0.5857143,0.7565489,0.0042847,0.999074,33.16621,65.24617,,1.587617,27.21682,59.21398,,0.8449926,39.16747,71.22816,,2.428985,-32.07996,-43.97401,-20.05961,1,2020-09-14,23:33:03 14 Sep 2020,40000
2020,President,Trump,Biden,,24,0.0002875,0.0143626,0.001525,0.998475,,0.6557377,0.7565538,0.0041802,0.9993055,35.61651,63.02638,,1.357115,30.70582,58.10888,,0.7254244,40.52444,67.94782,,2.071209,-27.40987,-37.22626,-17.60773,1,2020-09-14,23:33:03 14 Sep 2020,40000
2020,President,Trump,Biden,,23,0.0045,0.8443483,0.181825,0.818175,,0.6829369,0.8539127,0.519072,0.9242319,45.20321,54.79679,,0.0,38.28835,47.89553,,0.0,52.10447,61.71165,,0.0,-9.593588,-23.42331,4.208933,1,2020-09-14,23:33:03 14 Sep 2020,40000
2020,President,Trump,Biden,,22,0.0015875,0.1121232,0.92075,0.07925,,0.256177,0.9574133,0.9859964,0.1003737,56.9922,42.16162,,0.8461869,50.36569,35.58155,,0.4578832,63.59586,48.77018,,1.282218,14.83057,1.582581,28.01954,1,2020-09-14,23:33:03 14 Sep 2020,40000
2020,President,Trump,Biden,,21,0.0001625,0.0118654,0.9761,0.0239,,0.2449288,0.9937239,0.999373,0.0314185,59.10574,39.70721,,1.187054,53.22733,33.8932,,0.6367968,64.92139,45.5845,,1.808041,19.39853,7.650223,30.99279,1,2020-09-14,23:33:03 14 Sep 2020,40000
2020,President,Trump,Biden,,20,0.0001625,0.0185693,0.9276,0.0724,,0.2577889,0.9986188,0.999582,0.0956444,54.89429,43.21998,,1.885725,49.78273,38.17796,,0.9987143,59.96177,48.35397,,2.893492,11.67431,1.501272,21.71259,1,2020-09-14,23:33:03 14 Sep 2020,40000
2020,President,Trump,Biden,,19,0.0035125,0.3184136,0.67065,0.32935,,0.3559606,0.9983301,0.9979099,0.4349638,51.07008,47.54626,,1.383659,45.80042,42.2757,,0.7392145,56.3446,52.80716,,2.112304,3.52382,-7.004251,14.04754,1,2020-09-14,23:33:03 14 Sep 2020,40000
2020,President,Trump,Biden,,18,0.000125,0.0061678,0.954775,0.045225,,0.250504,0.9988944,0.999791,0.0597612,55.97532,42.6307,,1.393978,51.02959,37.72854,,0.744573,60.90234,47.5551,,2.128283,13.34461,3.502886,23.14823,1,2020-09-14,23:33:03 14 Sep 2020,40000
2020,President,Trump,Biden,,17,0.000575,0.0144171,0.0038,0.9962,,0.9407895,0.7586077,0.0149441,0.9997354,38.70905,59.78066,,1.510288,34.05902,55.06083,,0.8049233,43.40793,64.45445,,2.308839,-21.07161,-30.34088,-11.66496,1,2020-09-14,23:33:03 14 Sep 2020,40000
2020,President,Trump,Biden,,01,0.0003125,0.0202237,0.9794,0.0206,,0.2437972,0.9769418,0.9981189,0.026623,59.82089,39.39338,,0.7857299,53.99651,33.59482,,0.4259272,65.61154,45.21884,,1.189195,20.42751,8.802073,31.99654,1,2020-09-14,23:33:03 14 Sep 2020,40000
2020,President,Trump,Biden,,15,0.000575,0.1867036,0.012625,0.987375,,0.5029703,0.7592607,0.026544,0.991732,32.34821,65.7981,,1.853685,24.26238,57.60516,,0.9822328,40.46935,73.91545,,2.843544,-33.4499,-49.63868,-17.17037,1,2020-09-14,23:33:03 14 Sep 2020,40000
2020,President,Trump,Biden,,13,0.015825,0.5234356,0.66475,0.33525,,0.3540429,0.9879194,0.9838018,0.4381387,50.95301,48.20566,,0.8413323,46.65893,43.94376,,0.4553198,55.22198,52.51371,,1.274756,2.747354,-5.849529,11.27228,1,2020-09-14,23:33:03 14 Sep 2020,40000
2020,President,Trump,Biden,,12,0.1544625,2.162329,0.38785,0.61215,,0.5911435,0.9834191,0.9584073,0.7963753,48.5711,50.63261,,0.7962903,43.81438,45.87332,,0.4315141,53.33334,55.40131,,1.205448,-2.061503,-11.5656,7.46385,1,2020-09-14,23:33:03 14 Sep 2020,40000
2020,President,Trump,Biden,,11,0.0,0.0,0.0,1.0,,,0.755925,0.0,1.0,5.799178,90.71823,,3.48259,3.248947,87.36821,,1.809562,8.488425,93.83423,,5.402335,-84.91905,-90.32678,-79.18564,1,2020-09-14,23:33:03 14 Sep 2020,40000
2020,President,Trump,Biden,,10,1.25e-05,0.0040104,0.00155,0.99845,,0.9677419,0.7570484,0.0062702,0.9999338,38.5774,60.28226,,1.140338,34.24745,55.94175,,0.6123737,42.92291,64.61354,,1.735878,-21.70485,-30.34271,-13.05179,1,2020-09-14,23:33:03 14 Sep 2020,40000
2020,President,Trump,Biden,,09,0.000625,0.0536275,0.01275,0.98725,,0.9156862,0.7646239,0.0488034,0.998611,39.98391,59.07627,,0.9398222,34.81467,53.88168,,0.5072302,45.19493,64.24225,,1.426267,-19.09236,-29.43286,-8.694101,1,2020-09-14,23:33:03 14 Sep 2020,40000
2020,President,Trump,Biden,,08,0.0299,1.443034,0.13695,0.86305,,0.8165389,0.8474886,0.467447,0.9675894,44.59433,53.47256,,1.93311,39.28048,48.15445,,1.023072,49.90688,58.81061,,2.967392,-8.878231,-19.50746,1.74028,1,2020-09-14,23:33:03 14 Sep 2020,40000
2020,President,Trump,Biden,,06,0.0022,0.0219099,0.003175,0.996825,,0.5748032,0.7569784,0.0076288,0.9982141,34.53074,63.52775,,1.941505,29.00163,57.93604,,1.027384,40.07452,69.10314,,2.980486,-28.99701,-40.03941,-17.95943,1,2020-09-14,23:33:03 14 Sep 2020,40000
2020,President,Trump,Biden,,05,0.000525,0.0628645,0.9378,0.0622,,0.254212,0.9863344,0.9965513,0.0811588,56.47951,41.89916,,1.621333,50.48792,35.87006,,0.8624412,62.51048,47.89548,,2.481535,14.58035,2.612421,26.56571,1,2020-09-14,23:33:03 14 Sep 2020,40000
2020,President,Trump,Biden,,04,0.065925,3.324402,0.3228,0.6772,,0.6063352,0.9319994,0.8181628,0.8349373,47.48746,51.18356,,1.328982,42.13812,45.85338,,0.7107995,52.82391,56.50918,,2.02767,-3.696092,-14.34232,6.95084,1,2020-09-14,23:33:03 14 Sep 2020,40000
2020,President,Trump,Biden,,02,0.0020125,0.9050975,0.8041,0.1959,,0.2903868,0.9702654,0.9760686,0.2514469,53.23296,44.51012,,2.256923,46.48901,37.79096,,1.188962,59.93305,51.27169,,3.4738,8.722832,-4.686274,22.08467,1,2020-09-14,23:33:03 14 Sep 2020,40000
2020,President,Trump,Biden,,28,0.0022,0.2582596,0.869525,0.130475,,0.2648573,0.9304464,0.962692,0.160598,55.65857,43.58237,,0.7590567,48.69424,36.68187,,0.4118054,62.58539,50.55386,,1.148203,12.07619,-1.838715,25.89926,1,2020-09-14,23:33:03 14 Sep 2020,40000
2020,President,Trump,Biden,,29,0.00085,0.0416439,0.896625,0.103375,,0.26636,0.9961306,0.9983279,0.1362238,54.38627,44.16505,,1.448685,49.16982,38.9942,,0.77297,59.57762,49.374,,2.213216,10.22122,-0.1921196,20.57364,1,2020-09-14,23:33:03 14 Sep 2020,40000
2020,President,Trump,Biden,,30,0.0011,0.2991314,0.87045,0.12955,,0.2718422,0.9791586,0.9891316,0.1678077,54.60257,43.27073,,2.126704,48.06194,36.79497,,1.122377,61.0668,49.81659,,3.269782,11.33184,-1.648346,24.25099,1,2020-09-14,23:33:03 14 Sep 2020,40000
2020,President,Trump,Biden,,44,0.0002375,0.0702527,0.008775,0.991225,,0.8917379,0.7616838,0.0327098,0.9987763,37.39327,61.18901,,1.417714,31.21187,54.97357,,0.7568933,43.59114,67.35988,,2.165117,-23.79574,-36.14821,-11.42561,1,2020-09-14,23:33:03 14 Sep 2020,40000
2020,President,Trump,Biden,,31,1.25e-05,0.0021264,0.985625,0.014375,,0.2426633,0.9965217,0.999791,0.0189503,58.39316,39.82192,,1.78492,53.32479,34.81902,,0.9445304,63.43372,44.87951,,2.737031,18.57124,8.466242,28.55316,1,2020-09-14,23:33:03 14 Sep 2020,40000
2020,President,Trump,Biden,,56,0.0,0.0,0.997875,0.002125,,0.2396843,0.9764706,0.999791,0.002745,68.42767,28.22255,,3.34978,61.72889,21.72206,,1.742763,75.04734,34.80188,,5.192643,40.20512,27.08655,53.20783,1,2020-09-14,23:33:03 14 Sep 2020,40000
2020,President,Trump,Biden,,55,0.097125,4.527186,0.223275,0.776725,,0.8427948,0.929737,0.7866026,0.9553196,46.62863,52.37578,,0.9955899,41.76064,47.49705,,0.5365252,51.48915,57.26449,,1.512244,-5.747145,-15.47978,3.967571,1,2020-09-14,23:33:03 14 Sep 2020,40000
2020,President,Trump,Biden,,54,0.0001,0.0208197,0.99325,0.00675,,0.2407501,0.9851852,0.999582,0.0087972,66.08837,32.08014,,1.831494,58.70525,24.85399,,0.9708167,73.39082,39.46685,,2.808939,34.00823,19.27494,48.52348,1,2020-09-14,23:33:03 14 Sep 2020,40000
2020,President,Trump,Biden,,53,0.0012375,0.0485171,0.0099,0.9901,,0.6616161,0.7601,0.0273801,0.9955683,36.65629,61.08216,,2.261548,30.62366,55.00433,,1.191325,42.69679,67.12717,,3.481051,-24.42587,-36.47577,-12.37563,1,2020-09-14,23:33:03 14 Sep 2020,40000
2020,President,Trump,Biden,,51,0.01425,0.4792685,0.0487,0.9513,,0.9661191,0.7929675,0.1966768,0.9979165,43.91466,55.04891,,1.036429,39.65374,50.76936,,0.5579454,48.17094,59.32134,,1.575304,-11.13425,-19.65644,-2.62569,1,2020-09-14,23:33:03 14 Sep 2020,40000
2020,President,Trump,Biden,,50,0.0002,0.0852639,0.0083,0.9917,,0.5361446,0.7584199,0.0186017,0.9949731,31.08622,66.24622,,2.667549,23.16866,58.11875,,1.398049,39.1319,74.23472,,4.11761,-35.16,-50.97293,-19.05122,1,2020-09-14,23:33:03 14 Sep 2020,40000
2020,President,Trump,Biden,,48,0.016,0.2389509,0.686625,0.313375,,0.3477881,0.9986438,0.9982234,0.4139961,51.26083,47.72876,,1.0104,46.50915,43.00185,,0.5442963,55.98425,52.48593,,1.535068,3.532071,-5.923889,12.94762,1,2020-09-14,23:33:03 14 Sep 2020,40000
2020,President,Trump,Biden,,47,0.0006,0.0335948,0.95525,0.04475,,0.2498822,0.9877095,0.9978054,0.0584714,57.53634,41.36644,,1.097222,51.66957,35.48017,,0.5898054,63.43686,47.23075,,1.669195,16.1699,4.480391,27.92867,1,2020-09-14,23:33:03 14 Sep 2020,40000
2020,President,Trump,Biden,,46,0.0002,0.0729729,0.967125,0.032875,,0.2466589,0.9787073,0.9971784,0.0425637,59.49445,39.03836,,1.467193,52.75778,32.36485,,0.7825729,66.19432,45.79278,,2.241944,20.45609,7.003157,33.79312,1,2020-09-14,23:33:03 14 Sep 2020,40000
2020,President,Trump,Biden,,45,0.0013375,0.0851508,0.873725,0.126275,,0.2730264,0.9944565,0.9971784,0.166121,53.75959,45.34877,,0.891647,49.03334,40.59341,,0.4818661,58.51101,50.06781,,1.352126,8.410823,-0.9990158,17.91188,1,2020-09-14,23:33:03 14 Sep 2020,40000
2020,President,Trump,Biden,,49,0.00095,0.1103137,0.953275,0.046725,,0.2499541,0.9796683,0.9960288,0.0605549,56.77732,39.89449,,3.328188,50.49059,33.69361,,1.731894,63.03533,46.14586,,5.158555,16.88282,4.535269,29.15121,1,2020-09-14,23:33:03 14 Sep 2020,40000
2020,President,Trump,Biden,,42,0.3043625,6.898499,0.2492,0.7508,,0.8469101,0.9592768,0.8822238,0.9527731,47.37234,51.89746,,0.7301928,43.02981,47.52323,,0.3965019,51.73354,56.23196,,1.103875,-4.525125,-13.1869,4.208483,1,2020-09-14,23:33:03 14 Sep 2020,40000
2020,President,Trump,Biden,,36,0.0004625,0.0083739,0.00105,0.99895,,0.7619048,0.7564693,0.0033441,0.9996693,36.4669,62.47297,,1.060124,31.76105,57.72704,,0.5703647,41.20858,67.18799,,1.611932,-26.00607,-35.41626,-16.55216,1,2020-09-14,23:33:03 14 Sep 2020,40000
2020,President,Trump,Biden,,41,0.00835,0.5608647,0.086,0.914,,0.7081395,0.7998632,0.2545721,0.9671264,42.13391,55.42687,,2.43922,35.95953,49.15917,,1.281952,48.35087,61.63253,,3.759379,-13.29296,-25.65297,-0.8659286,1,2020-09-14,23:33:03 14 Sep 2020,40000
2020,President,Trump,Biden,,33,0.0220625,4.096422,0.27885,0.72115,,0.6495427,0.9142689,0.7571324,0.8722095,46.41805,52.49683,,1.085128,39.59043,45.69202,,0.5834701,53.20896,59.32516,,1.650523,-6.078781,-19.72097,7.492302,1,2020-09-14,23:33:03 14 Sep 2020,40000
2020,President,Trump,Biden,,34,0.0083375,0.3046822,0.027625,0.972375,,0.6904978,0.7687621,0.0797366,0.9888878,40.42777,58.73402,,0.8382072,34.58202,52.86821,,0.4536693,46.28566,64.59239,,1.269953,-18.30625,-29.98314,-6.601458,1,2020-09-14,23:33:03 14 Sep 2020,40000
2020,President,Trump,Biden,,35,0.0078625,1.362399,0.059725,0.940275,,0.8752616,0.7962298,0.2185181,0.9904091,42.51309,55.59673,,1.890183,37.19228,50.17966,,1.001007,47.89352,60.94017,,2.900443,-13.08363,-23.68742,-2.324089,1,2020-09-14,23:33:03 14 Sep 2020,40000
2020,President,Trump,Biden,,32,0.033875,3.937532,0.201625,0.798375,,0.8078116,0.8993894,0.6808444,0.9498958,45.93082,52.25804,,1.811138,41.02737,47.31966,,0.9603406,50.8667,57.18518,,2.777185,-6.32721,-16.10189,3.497675,1,2020-09-14,23:33:03 14 Sep 2020,40000
2020,President,Trump,Biden,,37,0.04115,1.166063,0.48235,0.51765,,0.4798901,0.9843041,0.9676037,0.6740417,49.4508,49.78177,,0.7674237,44.86189,45.19352,,0.416237,54.03602,54.36493,,1.161058,-0.3309693,-9.497395,8.842676,1,2020-09-14,23:33:03 14 Sep 2020,40000
2020,President,Trump,Biden,,38,0.0,0.0,0.988425,0.011575,,0.2420012,0.9978402,0.9998955,0.0152793,60.69798,36.62753,,2.674499,54.62948,30.65701,,1.401577,66.70638,42.67458,,4.128551,24.07045,12.09429,35.98817,1,2020-09-14,23:33:03 14 Sep 2020,40000
2020,President,Trump,Biden,,39,0.0267875,0.6675103,0.55335,0.44665,,0.43074,0.9978171,0.9963424,0.5895757,49.94634,49.02586,,1.027804,45.16586,44.28054,,0.5534238,54.69275,53.81394,,1.561959,0.9204799,-8.635336,10.39396,1,2020-09-14,23:33:03 14 Sep 2020,40000
2020,President,Trump,Biden,,40,7.5e-05,0.0068118,0.9928,0.0072,,0.240834,0.9791667,0.9994775,0.0093263,62.91335,35.91283,,1.17382,57.0199,30.07824,,0.6298814,68.7326,41.7951,,1.787601,27.00051,15.25504,38.63874,1,2020-09-14,23:33:03 14 Sep 2020,40000
2020,President,Trump,Biden,,15,0.000425,0.1368376,0.011275,0.988725,,0.5144124,0.7575918,0.0240714,0.9928096,32.31406,65.82542,,1.860514,24.26177,57.58423,,0.9878747,40.55947,73.9187,,2.847564,-33.51136,-49.61995,-17.04009,1,2020-09-13,19:00:03 13 Sep 2020,40000
2020,President,Trump,Biden,,26,0.0633,1.786702,0.13675,0.86325,,0.9550274,0.8669852,0.5420212,0.9919812,45.53179,53.33687,,1.131337,40.95039,48.74641,,0.609217,50.12972,57.92036,,1.717183,-7.80508,-16.95484,1.367851,1,2020-09-13,19:00:03 13 Sep 2020,40000
2020,President,Trump,Biden,,25,0.0003375,0.0139681,0.001725,0.998275,,0.7101449,0.7552779,0.005084,0.9993373,33.1097,65.29601,,1.594293,27.1607,59.29784,,0.8503216,39.10584,71.28233,,2.433838,-32.18631,-44.12443,-20.21971,1,2020-09-13,19:00:03 13 Sep 2020,40000
2020,President,Trump,Biden,,24,0.0004,0.0205962,0.001525,0.998475,,0.6393443,0.7550765,0.0040465,0.999271,35.57508,63.06235,,1.362574,30.65157,58.09937,,0.7300099,40.53905,67.99156,,2.074488,-27.48726,-37.31638,-17.59416,1,2020-09-13,19:00:03 13 Sep 2020,40000
2020,President,Trump,Biden,,23,0.0042,0.7925807,0.175225,0.824775,,0.688686,0.84908,0.5008301,0.9281951,44.41412,53.99133,,1.594557,37.66187,47.23348,,0.8512275,51.17828,60.7374,,2.435294,-9.577207,-23.07083,3.905746,1,2020-09-13,19:00:03 13 Sep 2020,40000
2020,President,Trump,Biden,,22,0.0016375,0.1151769,0.92045,0.07955,,0.258379,0.960088,0.9870305,0.1012293,56.97161,42.17793,,0.8504658,50.33107,35.59658,,0.4612914,63.53928,48.79762,,1.284841,14.79368,1.577969,27.92205,1,2020-09-13,19:00:03 13 Sep 2020,40000
2020,President,Trump,Biden,,21,0.000175,0.0134064,0.975675,0.024325,,0.2467266,0.9897225,0.9990662,0.0319096,59.08933,39.71759,,1.193077,53.2443,33.92496,,0.6415522,64.90526,45.55748,,1.81245,19.37174,7.695087,30.94059,1,2020-09-13,19:00:03 13 Sep 2020,40000
2020,President,Trump,Biden,,20,0.000225,0.0259905,0.927475,0.072525,,0.2596566,0.9982765,0.9994812,0.0959608,54.87547,43.2308,,1.89372,49.75157,38.14633,,1.004972,59.96139,48.33321,,2.899298,11.64467,1.439066,21.7485,1,2020-09-13,19:00:03 13 Sep 2020,40000
2020,President,Trump,Biden,,19,0.0031,0.2827944,0.6705,0.3295,,0.3582401,0.9973444,0.9968873,0.4355678,51.05364,47.55557,,1.390784,45.77766,42.30786,,0.7446951,56.28532,52.82919,,2.118198,3.498072,-7.0261,13.94236,1,2020-09-13,19:00:03 13 Sep 2020,40000
2020,President,Trump,Biden,,18,0.0002,0.0101106,0.953975,0.046025,,0.2525485,0.9989136,0.9998962,0.0609364,55.95714,42.64158,,1.401283,51.00879,37.72395,,0.7501577,60.89041,47.57879,,2.134476,13.31556,3.490835,23.13758,1,2020-09-13,19:00:03 13 Sep 2020,40000
2020,President,Trump,Biden,,17,0.0009375,0.0238458,0.003325,0.996675,,0.9774436,0.7569168,0.0134883,0.9999006,38.68227,59.79836,,1.519371,34.04114,55.12496,,0.8114904,43.3482,64.46828,,2.317675,-21.1161,-30.38536,-11.84951,1,2020-09-13,19:00:03 13 Sep 2020,40000
2020,President,Trump,Biden,,16,2.5e-05,0.0053634,0.99475,0.00525,,0.2421714,0.9904762,0.9997925,0.0068922,62.14875,34.91314,,2.938114,56.16228,29.10472,,1.538007,68.02865,40.8179,,4.533624,27.23561,15.49722,38.83209,1,2020-09-13,19:00:03 13 Sep 2020,40000
2020,President,Trump,Biden,,28,0.002175,0.2539576,0.87355,0.12645,,0.2669567,0.937327,0.9678357,0.157096,55.6445,43.5925,,0.7629976,48.74757,36.76795,,0.41499,62.46558,50.47575,,1.150741,12.05201,-1.758848,25.70573,1,2020-09-13,19:00:03 13 Sep 2020,40000
2020,President,Trump,Biden,,13,0.0146375,0.4822375,0.660425,0.339575,,0.3597683,0.9896194,0.9860967,0.4454091,50.94052,48.21353,,0.8459523,46.65206,43.94467,,0.4589053,55.2131,52.49685,,1.277911,2.726996,-5.833832,11.26449,1,2020-09-13,19:00:03 13 Sep 2020,40000
2020,President,Trump,Biden,,12,0.1557375,2.183141,0.3891,0.6109,,0.5930352,0.9828941,0.9576676,0.7958514,48.56132,50.63743,,0.8012522,43.79124,45.8683,,0.4352524,53.31368,55.40051,,1.209394,-2.076111,-11.60641,7.426607,1,2020-09-13,19:00:03 13 Sep 2020,40000
2020,President,Trump,Biden,,11,0.0,0.0,0.0,1.0,,,0.754475,0.0,1.0,5.778931,90.72102,,3.500044,3.211227,87.35731,,1.821577,8.497378,93.82312,,5.418463,-84.94209,-90.36083,-79.19347,1,2020-09-13,19:00:03 13 Sep 2020,40000
2020,President,Trump,Biden,,10,3.75e-05,0.0113911,0.00175,0.99825,,0.9571428,0.7557225,0.0069516,0.9999006,38.54085,60.31374,,1.145409,34.24921,55.96662,,0.6165949,42.87635,64.63567,,1.738873,-21.77289,-30.35997,-13.12103,1,2020-09-13,19:00:03 13 Sep 2020,40000
2020,President,Trump,Biden,,09,0.0008375,0.0719472,0.0125,0.9875,,0.936,0.7632405,0.0485578,0.9989728,39.92587,59.13056,,0.9435679,34.75828,53.94051,,0.5104467,45.11928,64.30524,,1.42792,-19.20469,-29.53539,-8.855206,1,2020-09-13,19:00:03 13 Sep 2020,40000
2020,President,Trump,Biden,,08,0.0312125,1.518789,0.13975,0.86025,,0.8193202,0.8484161,0.4752023,0.9673614,44.57676,53.49238,,1.930864,39.29708,48.15357,,1.024088,49.92632,58.77977,,2.957117,-8.915625,-19.42805,1.709728,1,2020-09-13,19:00:03 13 Sep 2020,40000
2020,President,Trump,Biden,,06,0.0023,0.0227866,0.0028,0.9972,,0.6875,0.7557411,0.0079892,0.9988734,34.5015,63.54877,,1.949732,28.97111,57.94891,,1.033798,40.08707,69.11067,,2.9865,-29.04728,-40.07544,-17.93953,1,2020-09-13,19:00:03 13 Sep 2020,40000
2020,President,Trump,Biden,,05,0.0004625,0.0566477,0.936325,0.063675,,0.2564815,0.9874362,0.9966798,0.0833361,56.43787,41.93378,,1.628347,50.43567,35.9996,,0.8679565,62.37775,47.93699,,2.486655,14.50409,2.552078,26.32067,1,2020-09-13,19:00:03 13 Sep 2020,40000
2020,President,Trump,Biden,,04,0.0603875,3.053952,0.340975,0.659025,,0.5908791,0.9362695,0.8361693,0.8178203,47.65677,51.0047,,1.338526,42.28032,45.65674,,0.7174835,53.02058,56.35722,,2.037247,-3.347928,-14.05615,7.343216,1,2020-09-13,19:00:03 13 Sep 2020,40000
2020,President,Trump,Biden,,02,0.0019625,0.877583,0.8,0.2,,0.29225,0.9635,0.9703258,0.2554094,53.17289,44.56055,,2.266567,46.42707,37.82375,,1.196322,59.8862,51.31512,,3.480724,8.612341,-4.834444,22.03227,1,2020-09-13,19:00:03 13 Sep 2020,40000
2020,President,Trump,Biden,,01,0.00025,0.0167192,0.979,0.021,,0.2455822,0.975,0.9978212,0.0271381,59.81792,39.39221,,0.7898689,53.99897,33.61028,,0.4292241,65.57631,45.18836,,1.191951,20.42571,8.813744,31.95459,1,2020-09-13,19:00:03 13 Sep 2020,40000
2020,President,Trump,Biden,,27,0.051925,2.41091,0.1672,0.8328,,0.8560108,0.8776717,0.5940029,0.9687862,45.71241,52.72289,,1.564698,41.05007,47.96733,,0.8349851,50.44718,57.40037,,2.387954,-7.010485,-16.33031,2.458271,1,2020-09-13,19:00:03 13 Sep 2020,40000
2020,President,Trump,Biden,,42,0.3055875,6.926465,0.24785,0.75215,,0.8490014,0.9566243,0.873314,0.9536764,47.35785,51.90725,,0.7348974,42.98855,47.54018,,0.4000884,51.73587,56.26538,,1.107684,-4.549407,-13.2746,4.188774,1,2020-09-13,19:00:03 13 Sep 2020,40000
2020,President,Trump,Biden,,29,0.0006,0.0301749,0.89725,0.10275,,0.2681248,0.996107,0.9984437,0.1356573,54.36303,44.18113,,1.455834,49.17345,38.97064,,0.7785192,59.55508,49.34734,,2.219095,10.1819,-0.1398869,20.58539,1,2020-09-13,19:00:03 13 Sep 2020,40000
2020,President,Trump,Biden,,56,0.0,0.0,0.99795,0.00205,,0.2413949,0.9756098,0.9997925,0.0026508,68.40347,28.22896,,3.367566,61.66861,21.74193,,1.754944,75.05804,34.83704,,5.209552,40.17451,26.99118,53.19178,1,2020-09-13,19:00:03 13 Sep 2020,40000
2020,President,Trump,Biden,,55,0.0968,4.514285,0.220775,0.779225,,0.8415808,0.9249575,0.7711143,0.9553,46.63863,52.35876,,1.002605,41.8215,47.50535,,0.5415664,51.4956,57.19032,,1.518737,-5.720129,-15.3607,3.979393,1,2020-09-13,19:00:03 13 Sep 2020,40000
2020,President,Trump,Biden,,54,0.0001,0.020877,0.99335,0.00665,,0.242412,0.9736842,0.9993775,0.0085821,66.04886,32.11171,,1.839432,58.75215,24.90951,,0.9770072,73.31888,39.40596,,2.814729,33.93715,19.40876,48.37718,1,2020-09-13,19:00:03 13 Sep 2020,40000
2020,President,Trump,Biden,,53,0.0012625,0.0499898,0.01005,0.98995,,0.6542289,0.7586242,0.0272878,0.9953942,36.62621,61.10471,,2.269085,30.62945,55.02392,,1.19761,42.67888,67.13501,,3.484657,-24.4785,-36.42936,-12.39115,1,2020-09-13,19:00:03 13 Sep 2020,40000
2020,President,Trump,Biden,,51,0.0143625,0.4847256,0.049,0.951,,0.9591837,0.7912723,0.1950612,0.9973823,43.87035,55.08884,,1.04082,39.60188,50.79869,,0.5616754,48.16527,59.36156,,1.577582,-11.21849,-19.73525,-2.655401,1,2020-09-13,19:00:03 13 Sep 2020,40000
2020,President,Trump,Biden,,50,0.0002625,0.1173863,0.00765,0.99235,,0.5653595,0.7569658,0.0179498,0.9956261,31.05375,66.2639,,2.682346,23.25419,58.30706,,1.408277,38.98832,74.1614,,4.131936,-35.21015,-50.85455,-19.45423,1,2020-09-13,19:00:03 13 Sep 2020,40000
2020,President,Trump,Biden,,49,0.0005375,0.0633418,0.954725,0.045275,,0.2510409,0.9712866,0.9947084,0.0582856,56.74466,39.91517,,3.340168,50.44969,33.72303,,1.741147,63.01475,46.16528,,5.166371,16.82949,4.516224,29.15118,1,2020-09-13,19:00:03 13 Sep 2020,40000
2020,President,Trump,Biden,,48,0.0154625,0.2328178,0.6856,0.3144,,0.3508606,0.9987277,0.9983399,0.4161834,51.24117,47.74265,,1.016173,46.51009,42.9857,,0.5487087,56.01369,52.482,,1.539617,3.498522,-5.95145,12.99258,1,2020-09-13,19:00:03 13 Sep 2020,40000
2020,President,Trump,Biden,,47,0.000525,0.0294608,0.954725,0.045275,,0.251617,0.9839867,0.9969911,0.0590477,57.50258,41.39502,,1.102396,51.60768,35.5876,,0.5940301,63.34622,47.28055,,1.672561,16.10756,4.341345,27.76786,1,2020-09-13,19:00:03 13 Sep 2020,40000
2020,President,Trump,Biden,,46,0.0001,0.0349513,0.96675,0.03325,,0.2485648,0.9796993,0.9973024,0.0431757,59.48316,39.04072,,1.476122,52.77407,32.33115,,0.7890552,66.21887,45.73194,,2.25058,20.44244,7.087629,33.85381,1,2020-09-13,19:00:03 13 Sep 2020,40000
2020,President,Trump,Biden,,45,0.001425,0.0913833,0.87075,0.12925,,0.2761987,0.996325,0.9981324,0.1706816,53.71877,45.38497,,0.8962595,48.93948,40.64569,,0.4854802,58.46709,50.15383,,1.355177,8.333807,-1.198702,17.81812,1,2020-09-13,19:00:03 13 Sep 2020,40000
2020,President,Trump,Biden,,44,0.0001625,0.0504629,0.009875,0.990125,,0.9265823,0.7612675,0.0379747,0.9990391,37.34005,61.23357,,1.426376,31.21914,55.04255,,0.7632081,43.53876,67.37294,,2.173391,-23.89353,-36.14894,-11.52201,1,2020-09-13,19:00:03 13 Sep 2020,40000
2020,President,Trump,Biden,,30,0.001075,0.301976,0.8722,0.1278,,0.2736471,0.9812207,0.9905582,0.1662083,54.60595,43.25703,,2.137019,48.10765,36.80661,,1.129985,61.09691,49.72145,,3.278556,11.34893,-1.579397,24.22422,1,2020-09-13,19:00:03 13 Sep 2020,40000
2020,President,Trump,Biden,,41,0.00825,0.5589136,0.0867,0.9133,,0.7214533,0.799792,0.2595974,0.9681566,42.12662,55.41825,,2.455132,35.98759,49.17685,,1.292618,48.37928,61.56615,,3.775769,-13.29164,-25.51674,-0.849596,1,2020-09-13,19:00:03 13 Sep 2020,40000
2020,President,Trump,Biden,,39,0.0262625,0.6560663,0.549075,0.450925,,0.4370988,0.9977823,0.9960573,0.5963418,49.93358,49.03315,,1.033266,45.14539,44.23203,,0.5577027,54.72812,53.82928,,1.565945,0.9004257,-8.663465,10.47584,1,2020-09-13,19:00:03 13 Sep 2020,40000
2020,President,Trump,Biden,,38,2.5e-05,0.0103379,0.989,0.011,,0.2435288,0.9886364,0.999585,0.014414,60.67377,36.64054,,2.685682,54.62671,30.71923,,1.409972,66.67059,42.65066,,4.137172,24.03323,12.10797,35.87185,1,2020-09-13,19:00:03 13 Sep 2020,40000
2020,President,Trump,Biden,,37,0.0476125,1.353069,0.46155,0.53845,,0.5029791,0.9831461,0.9634779,0.7016469,49.27976,49.95155,,0.768685,44.70309,45.35026,,0.4180041,53.87493,54.51635,,1.159467,-0.6717945,-9.799685,8.504299,1,2020-09-13,19:00:03 13 Sep 2020,40000
2020,President,Trump,Biden,,36,0.0005,0.0089034,0.001025,0.998975,,0.8048781,0.7550489,0.0034239,0.9997349,36.42404,62.51138,,1.064579,31.71628,57.71982,,0.5741622,41.19443,67.24773,,1.614218,-26.08735,-35.49128,-16.52009,1,2020-09-13,19:00:03 13 Sep 2020,40000
2020,President,Trump,Biden,,35,0.0078875,1.367184,0.061425,0.938575,,0.8709809,0.7956477,0.2220378,0.9897943,42.51065,55.59073,,1.898615,37.18304,50.23159,,1.007491,47.86647,60.93686,,2.906925,-13.08007,-23.72198,-2.413492,1,2020-09-13,19:00:03 13 Sep 2020,40000
2020,President,Trump,Biden,,34,0.0068875,0.2530448,0.02855,0.97145,,0.706655,0.7681044,0.0837311,0.9889989,40.36333,58.79412,,0.8425456,34.43056,52.90231,,0.457104,46.24552,64.70889,,1.272681,-18.43079,-30.27445,-6.669355,1,2020-09-13,19:00:03 13 Sep 2020,40000
2020,President,Trump,Biden,,33,0.020125,3.729192,0.27375,0.72625,,0.6627398,0.9132875,0.752957,0.8791212,46.36789,52.54253,,1.08958,39.64245,45.78354,,0.5872998,53.11551,59.27512,,1.652783,-6.174648,-19.61841,7.294321,1,2020-09-13,19:00:03 13 Sep 2020,40000
2020,President,Trump,Biden,,32,0.0333125,3.868491,0.200675,0.799325,,0.8122586,0.8978826,0.6764889,0.9512575,45.89185,52.29079,,1.817363,41.00126,47.35194,,0.9656255,50.83218,57.19863,,2.780365,-6.398942,-16.12989,3.437872,1,2020-09-13,19:00:03 13 Sep 2020,40000
2020,President,Trump,Biden,,31,0.0,0.0,0.98555,0.01445,,0.2444574,0.9982699,0.9998962,0.0191193,58.38448,39.8218,,1.793719,53.36602,34.80497,,0.9530932,63.43748,44.85417,,2.746315,18.56268,8.542067,28.56867,1,2020-09-13,19:00:03 13 Sep 2020,40000
2020,President,Trump,Biden,,40,6.25e-05,0.0054836,0.993025,0.006975,,0.2425165,0.9820789,0.9994812,0.0090792,62.90812,35.91179,,1.180093,57.07648,30.12654,,0.6347597,68.71529,41.74433,,1.792386,26.99633,15.34327,38.55499,1,2020-09-13,19:00:03 13 Sep 2020,40000
2020,President,Trump,Biden,,21,0.000175,0.0129141,0.976575,0.023425,,0.2508256,0.9914621,0.9991842,0.030976,59.06217,39.73844,,1.199392,53.17455,33.87372,,0.647836,64.95786,45.6188,,1.822463,19.32373,7.560705,31.07844,1,2020-09-12,19:00:04 12 Sep 2020,40000
2020,President,Trump,Biden,,17,0.0007375,0.0184181,0.004225,0.995775,,0.9467456,0.7527303,0.0163165,0.9996999,38.69028,59.76223,,1.547493,33.998,55.04737,,0.8297796,43.42328,64.44894,,2.361655,-21.07194,-30.42166,-11.6729,1,2020-09-12,19:00:04 12 Sep 2020,40000
2020,President,Trump,Biden,,18,0.0001,0.0051891,0.9527,0.0473,,0.2572426,0.9984144,0.999694,0.0629856,55.95144,42.63765,,1.410903,50.95845,37.64974,,0.7585745,60.94734,47.61855,,2.149776,13.31379,3.37718,23.2786,1,2020-09-12,19:00:04 12 Sep 2020,40000
2020,President,Trump,Biden,,19,0.00335,0.3035346,0.6696,0.3304,,0.3648073,0.997276,0.9964308,0.4394652,51.0944,47.50454,,1.401061,45.77567,42.17245,,0.7534367,56.42762,52.82227,,2.134508,3.589869,-7.035908,14.21739,1,2020-09-12,19:00:04 12 Sep 2020,40000
2020,President,Trump,Biden,,20,0.0001875,0.0219852,0.925025,0.074975,,0.2649388,0.9989997,0.999694,0.0998966,54.85398,43.23569,,1.910321,49.70621,38.11154,,1.018011,59.98824,48.39445,,2.925713,11.61829,1.362541,21.85547,1,2020-09-12,19:00:04 12 Sep 2020,40000
2020,President,Trump,Biden,,26,0.0608125,1.717325,0.142675,0.857325,,0.9526897,0.8667949,0.5544565,0.9911307,45.57207,53.29011,,1.137812,40.91985,48.6437,,0.6154504,50.2081,57.93541,,1.72731,-7.718037,-17.00337,1.545767,1,2020-09-12,19:00:04 12 Sep 2020,40000
2020,President,Trump,Biden,,22,0.0014625,0.1034953,0.919725,0.080275,,0.2633396,0.9620056,0.9879665,0.1029976,56.96723,42.17576,,0.857015,50.33244,35.64477,,0.4669988,63.51254,48.78939,,1.295103,14.79147,1.54953,27.8727,1,2020-09-12,19:00:04 12 Sep 2020,40000
2020,President,Trump,Biden,,23,0.004475,0.8378266,0.181275,0.818725,,0.6923183,0.8480259,0.5119315,0.9260111,44.43391,53.96204,,1.604047,37.63824,47.15977,,0.859268,51.2299,60.7659,,2.451246,-9.528136,-23.07568,4.023504,1,2020-09-12,19:00:04 12 Sep 2020,40000
2020,President,Trump,Biden,,24,0.00025,0.0121464,0.001925,0.998075,,0.6493506,0.7505448,0.0050989,0.9990997,35.59422,63.02878,,1.377002,30.66872,58.01662,,0.7408708,40.57891,67.95956,,2.097229,-27.43456,-37.26778,-17.5042,1,2020-09-12,19:00:04 12 Sep 2020,40000
2020,President,Trump,Biden,,25,0.0002875,0.0116532,0.002425,0.997575,,0.7010309,0.7508709,0.0069345,0.999033,33.19651,65.19315,,1.610339,27.21117,59.09015,,0.8624846,39.27447,71.19785,,2.459237,-31.99663,-43.92621,-19.87785,1,2020-09-12,19:00:04 12 Sep 2020,40000
2020,President,Trump,Biden,,15,0.000375,0.1202572,0.01325,0.98675,,0.4924528,0.7530783,0.0266164,0.9910973,32.30341,65.81385,,1.882749,24.27332,57.53608,,1.003747,40.53991,73.85599,,2.882791,-33.51044,-49.51355,-17.06892,1,2020-09-12,19:00:04 12 Sep 2020,40000
2020,President,Trump,Biden,,16,0.0,0.0,0.995125,0.004875,,0.2463007,0.9897436,0.999796,0.0064353,62.11957,34.92695,,2.953479,56.11551,28.97182,,1.552578,68.12756,40.87749,,4.558521,27.19262,15.39738,38.99102,1,2020-09-12,19:00:04 12 Sep 2020,40000
2020,President,Trump,Biden,,09,0.000525,0.0467097,0.01485,0.98515,,0.9292929,0.7600111,0.0562921,0.9985996,39.97416,59.07092,,0.9549199,34.74261,53.79058,,0.5189369,45.27092,64.31512,,1.445494,-19.09677,-29.54408,-8.523474,1,2020-09-12,19:00:04 12 Sep 2020,40000
2020,President,Trump,Biden,,13,0.0153375,0.5070233,0.66175,0.33825,,0.3647903,0.988544,0.9847032,0.4459671,50.94095,48.20744,,0.8516052,46.59019,43.87511,,0.4641232,55.29424,52.56293,,1.286803,2.733513,-5.956919,11.40121,1,2020-09-12,19:00:04 12 Sep 2020,40000
2020,President,Trump,Biden,,12,0.1523375,2.13257,0.396025,0.603975,,0.5940282,0.9830291,0.9596165,0.7918709,48.61115,50.58262,,0.8062226,43.76379,45.78123,,0.4399818,53.40359,55.42802,,1.217143,-1.97147,-11.67741,7.627047,1,2020-09-12,19:00:04 12 Sep 2020,40000
2020,President,Trump,Biden,,11,0.0,0.0,0.0,1.0,,,0.749775,0.0,1.0,5.773594,90.67054,,3.555869,3.19656,87.25966,,1.857492,8.552916,93.82863,,5.507692,-84.89694,-90.37106,-79.05354,1,2020-09-12,19:00:04 12 Sep 2020,40000
2020,President,Trump,Biden,,10,3.75e-05,0.0112228,0.0021,0.9979,,0.9047619,0.7511524,0.0077504,0.9997333,38.54921,60.2927,,1.158085,34.14915,55.84219,,0.6261126,42.99873,64.69579,,1.75862,-21.74349,-30.51781,-12.85063,1,2020-09-12,19:00:04 12 Sep 2020,40000
2020,President,Trump,Biden,,08,0.028875,1.399567,0.138275,0.861725,,0.8195625,0.8416838,0.462268,0.9673569,44.54748,53.50157,,1.95095,39.21301,48.15143,,1.039016,49.86723,58.84682,,2.988937,-8.954093,-19.55619,1.68866,1,2020-09-12,19:00:04 12 Sep 2020,40000
2020,President,Trump,Biden,,06,0.0022125,0.0221795,0.0035,0.9965,,0.6428571,0.7511541,0.0091781,0.9983329,34.52112,63.51202,,1.966859,28.97689,57.87597,,1.047237,40.15876,69.08795,,3.0137,-28.9909,-40.05128,-17.78979,1,2020-09-12,19:00:04 12 Sep 2020,40000
2020,President,Trump,Biden,,05,0.000625,0.0779234,0.935075,0.064925,,0.2613427,0.9880632,0.9968387,0.085559,56.41082,41.94649,,1.642695,50.38311,35.92505,,0.879305,62.45824,47.96016,,2.509467,14.46433,2.434816,26.49934,1,2020-09-12,19:00:04 12 Sep 2020,40000
2020,President,Trump,Biden,,04,0.0624875,3.161923,0.34415,0.65585,,0.5989394,0.9365709,0.8408117,0.8192458,47.70544,50.95993,,1.334632,42.32933,45.54095,,0.7187222,53.11762,56.32039,,2.031627,-3.254497,-13.96931,7.578144,1,2020-09-12,19:00:04 12 Sep 2020,40000
2020,President,Trump,Biden,,02,0.0021,0.9480527,0.79805,0.20195,,0.2979137,0.9631097,0.9698144,0.2594112,53.15037,44.56608,,2.283549,46.35651,37.79911,,1.210388,59.95122,51.36773,,3.508399,8.584293,-4.98476,22.08629,1,2020-09-12,19:00:04 12 Sep 2020,40000
2020,President,Trump,Biden,,01,0.0003375,0.0224248,0.978775,0.021225,,0.2498787,0.9729093,0.9976545,0.0275416,59.75407,39.45143,,0.7944975,53.89779,33.64585,,0.433747,65.54756,45.29733,,1.199166,20.30264,8.629747,31.90273,1,2020-09-12,19:00:04 12 Sep 2020,40000
2020,President,Trump,Biden,,28,0.0027,0.3123316,0.870825,0.129175,,0.2716103,0.9316818,0.9648175,0.1605148,55.61929,43.61283,,0.76788,48.68024,36.70415,,0.4195825,62.54429,50.5523,,1.158355,12.00645,-1.879457,25.83672,1,2020-09-12,19:00:04 12 Sep 2020,40000
2020,President,Trump,Biden,,27,0.0545125,2.521234,0.181625,0.818375,,0.8456985,0.8833053,0.6265551,0.9641226,45.87968,52.55415,,1.566166,41.10635,47.79208,,0.8395021,50.63127,57.33173,,2.390642,-6.674463,-16.2123,2.785419,1,2020-09-12,19:00:04 12 Sep 2020,40000
2020,President,Trump,Biden,,29,0.000675,0.0337815,0.891625,0.108375,,0.2745549,0.9967705,0.9985723,0.1440766,54.33906,44.19288,,1.468063,49.04603,38.97913,,0.7883918,59.57971,49.47332,,2.238434,10.14618,-0.3916035,20.57723,1,2020-09-12,19:00:04 12 Sep 2020,40000
2020,President,Trump,Biden,,56,1.25e-05,0.0060356,0.997775,0.002225,,0.2455714,0.9438202,0.9994901,0.0028008,68.3004,28.26524,,3.434362,61.55838,21.74186,,1.796189,74.96927,34.81826,,5.315915,40.03516,26.88624,53.06759,1,2020-09-12,19:00:04 12 Sep 2020,40000
2020,President,Trump,Biden,,42,0.3005,6.805704,0.256775,0.743225,,0.8492844,0.9598708,0.8895574,0.9514855,47.39763,51.86277,,0.7395964,42.96118,47.44413,,0.4045144,51.81382,56.29586,,1.115015,-4.465146,-13.3235,4.372375,1,2020-09-12,19:00:04 12 Sep 2020,40000
2020,President,Trump,Biden,,30,0.0012375,0.3430431,0.86785,0.13215,,0.2792245,0.9780552,0.9884765,0.1723851,54.58482,43.26558,,2.149601,48.00216,36.70597,,1.141493,61.16405,49.84228,,3.29913,11.31923,-1.767061,24.43695,1,2020-09-12,19:00:04 12 Sep 2020,40000
2020,President,Trump,Biden,,55,0.09875,4.600807,0.230525,0.769475,,0.8388461,0.9282628,0.7888028,0.9526525,46.72287,52.26997,,1.00715,41.78909,47.33828,,0.546558,51.65836,57.20666,,1.525877,-5.5471,-15.41486,4.319769,1,2020-09-12,19:00:04 12 Sep 2020,40000
2020,President,Trump,Biden,,54,0.0001,0.0213411,0.992575,0.007425,,0.246732,0.96633,0.9989802,0.0095695,65.98544,32.15672,,1.857847,58.56546,24.92635,,0.9908589,73.2851,39.54526,,2.844033,33.82871,19.05387,48.32195,1,2020-09-12,19:00:04 12 Sep 2020,40000
2020,President,Trump,Biden,,53,0.0013,0.0521964,0.011575,0.988425,,0.6933045,0.754989,0.0327351,0.9952986,36.62037,61.08315,,2.296478,30.58634,54.97355,,1.21703,42.6702,67.12994,,3.528617,-24.46277,-36.4428,-12.37559,1,2020-09-12,19:00:04 12 Sep 2020,40000
2020,President,Trump,Biden,,51,0.012875,0.4334721,0.0507,0.9493,,0.9659764,0.7881597,0.1997757,0.9978994,43.85269,55.09489,,1.052425,39.52864,50.7826,,0.5704546,48.17194,59.43554,,1.595647,-11.2422,-19.91639,-2.620966,1,2020-09-12,19:00:04 12 Sep 2020,40000
2020,President,Trump,Biden,,50,0.00015,0.0629855,0.0084,0.9916,,0.6369048,0.7531263,0.0218234,0.9960321,31.09027,66.17395,,2.73578,23.26213,58.12295,,1.44169,39.11885,74.06023,,4.217078,-35.08368,-50.72574,-19.08992,1,2020-09-12,19:00:04 12 Sep 2020,40000
2020,President,Trump,Biden,,49,0.0007875,0.0917326,0.9519,0.0481,,0.256382,0.9771309,0.995513,0.0626855,56.6872,39.94048,,3.372326,50.30775,33.63683,,1.764872,63.01603,46.2412,,5.218063,16.74673,4.241957,29.1952,1,2020-09-12,19:00:04 12 Sep 2020,40000
2020,President,Trump,Biden,,47,0.0006375,0.0344601,0.953375,0.046625,,0.2563,0.9828418,0.9967367,0.0611183,57.47178,41.41746,,1.110764,51.58735,35.55764,,0.6012144,63.33018,47.29768,,1.685583,16.05431,4.309914,27.77634,1,2020-09-12,19:00:04 12 Sep 2020,40000
2020,President,Trump,Biden,,46,0.0004,0.1444658,0.965025,0.034975,,0.2530504,0.9728377,0.9961248,0.0453803,59.43906,39.05651,,1.504425,52.62837,32.32767,,0.8073401,66.17113,45.85144,,2.294824,20.38256,6.837803,33.84116,1,2020-09-12,19:00:04 12 Sep 2020,40000
2020,President,Trump,Biden,,45,0.0013125,0.0847133,0.8689,0.1311,,0.2812752,0.9940885,0.9969407,0.1738188,53.71618,45.38266,,0.9011676,48.94402,40.5799,,0.4904485,58.50671,50.16308,,1.362846,8.333514,-1.212097,17.89479,1,2020-09-12,19:00:04 12 Sep 2020,40000
2020,President,Trump,Biden,,44,0.0004625,0.1412752,0.011725,0.988275,,0.8976546,0.7574562,0.0429329,0.9983995,37.41191,61.13456,,1.453532,31.22954,54.86147,,0.7808155,43.66615,67.34061,,2.215909,-23.72265,-36.09805,-11.23375,1,2020-09-12,19:00:04 12 Sep 2020,40000
2020,President,Trump,Biden,,48,0.0169,0.2534961,0.68265,0.31735,,0.3583462,0.9983457,0.9978585,0.4225601,51.24081,47.73439,,1.024798,46.43886,42.93193,,0.5558744,56.04372,52.55859,,1.553055,3.50641,-6.07098,13.09322,1,2020-09-12,19:00:04 12 Sep 2020,40000
2020,President,Trump,Biden,,41,0.0076625,0.5191647,0.086775,0.913225,,0.715932,0.7942457,0.2534163,0.9673902,42.12363,55.41048,,2.465889,35.8942,49.13529,,1.303862,48.36559,61.65398,,3.793551,-13.28685,-25.68312,-0.8521004,1,2020-09-12,19:00:04 12 Sep 2020,40000
2020,President,Trump,Biden,,35,0.007775,1.34885,0.063325,0.936675,,0.8756415,0.7923506,0.226188,0.9898636,42.48715,55.59334,,1.919508,37.12021,50.14021,,1.022762,47.94812,60.99113,,2.940007,-13.10619,-23.81639,-2.25548,1,2020-09-12,19:00:04 12 Sep 2020,40000
2020,President,Trump,Biden,,40,7.5e-05,0.0073774,0.9931,0.0069,,0.2467526,0.9855072,0.9995921,0.0090694,62.85672,35.95573,,1.187544,56.99084,30.1209,,0.6416059,68.71416,41.83506,,1.804137,26.90099,15.19208,38.59788,1,2020-09-12,19:00:04 12 Sep 2020,40000
2020,President,Trump,Biden,,32,0.034,3.96874,0.201525,0.798475,,0.8114378,0.8923886,0.6670406,0.9503518,45.90679,52.25887,,1.834342,40.94248,47.27222,,0.9786955,50.89863,57.23077,,2.807459,-6.352078,-16.23333,3.575861,1,2020-09-12,19:00:04 12 Sep 2020,40000
2020,President,Trump,Biden,,33,0.0205875,3.825678,0.278225,0.721775,,0.6616946,0.9100828,0.7509688,0.8760962,46.39917,52.50224,,1.098598,39.53658,45.65687,,0.5948075,53.24957,59.35286,,1.666829,-6.103069,-19.79414,7.567125,1,2020-09-12,19:00:04 12 Sep 2020,40000
2020,President,Trump,Biden,,34,0.0074625,0.2708865,0.03155,0.96845,,0.7163233,0.7650111,0.0921885,0.9881298,40.46479,58.6846,,0.8506075,34.55382,52.76351,,0.4635928,46.36509,64.61029,,1.285273,-18.21981,-30.05571,-6.409613,1,2020-09-12,19:00:04 12 Sep 2020,40000
2020,President,Trump,Biden,,31,0.0,0.0,0.98555,0.01445,,0.2486683,0.9948097,0.999694,0.0191724,58.37292,39.80993,,1.81715,53.23512,34.73738,,0.9684206,63.45184,44.91308,,2.781932,18.56299,8.373707,28.65861,1,2020-09-12,19:00:04 12 Sep 2020,40000
2020,President,Trump,Biden,,36,0.0006375,0.0117067,0.00155,0.99845,,0.8548387,0.7507136,0.0054049,0.9996999,36.47701,62.44654,,1.076455,31.72578,57.64067,,0.5831306,41.27795,67.2057,,1.632705,-25.96953,-35.47109,-16.39294,1,2020-09-12,19:00:04 12 Sep 2020,40000
2020,President,Trump,Biden,,37,0.0496125,1.408049,0.463625,0.536375,,0.5079536,0.9813563,0.9606363,0.702044,49.27351,49.95376,,0.7727314,44.66062,45.32288,,0.4221652,53.9073,54.56334,,1.165795,-0.6802465,-9.899485,8.569698,1,2020-09-12,19:00:04 12 Sep 2020,40000
2020,President,Trump,Biden,,38,0.0,0.0,0.988725,0.011275,,0.2478444,0.9911308,0.9995921,0.0149045,60.66278,36.6277,,2.709512,54.51935,30.61548,,1.428289,66.76781,42.70661,,4.175923,24.03508,11.95837,36.06665,1,2020-09-12,19:00:04 12 Sep 2020,40000
2020,President,Trump,Biden,,39,0.02795,0.7019502,0.548875,0.451125,,0.4445457,0.9974508,0.995309,0.6001467,49.9391,49.01957,,1.041332,45.12688,44.23238,,0.5645975,54.75645,53.85193,,1.578542,0.9195271,-8.694553,10.50654,1,2020-09-12,19:00:04 12 Sep 2020,40000
2020,President,Trump,Biden,,15,0.0003,0.1009896,0.011675,0.988325,,0.490364,0.757519,0.0238046,0.992181,32.24589,65.87189,,1.88222,24.17139,57.64425,,0.997534,40.45718,73.95712,,2.881481,-33.62599,-49.71043,-17.23012,1,2020-09-11,19:00:03 11 Sep 2020,40000
2020,President,Trump,Biden,,26,0.0607375,1.712351,0.137175,0.862825,,0.9478768,0.8665141,0.5406445,0.9908227,45.50402,53.36065,,1.135327,40.84276,48.72363,,0.6104752,50.14122,57.99648,,1.723891,-7.856627,-17.10754,1.418514,1,2020-09-11,19:00:03 11 Sep 2020,40000
2020,President,Trump,Biden,,25,0.0002375,0.0100981,0.001625,0.998375,,0.7538462,0.7554025,0.0050936,0.9994699,33.12096,65.27327,,1.605772,27.08193,59.1956,,0.8550489,39.18065,71.33237,,2.451595,-32.15231,-44.23393,-20.00511,1,2020-09-11,19:00:03 11 Sep 2020,40000
2020,President,Trump,Biden,,24,0.000275,0.0139129,0.001875,0.998125,,0.5733333,0.755191,0.0044699,0.9989398,35.52752,63.09821,,1.374272,30.5278,58.13343,,0.7350565,40.49823,68.10483,,2.092939,-27.5707,-37.55556,-17.6659,1,2020-09-11,19:00:03 11 Sep 2020,40000
2020,President,Trump,Biden,,23,0.004275,0.8028633,0.176875,0.823125,,0.6937103,0.8514503,0.5101871,0.928801,44.40696,53.99461,,1.598435,37.66001,47.22512,,0.8508322,51.19765,60.74734,,2.439705,-9.587649,-23.04648,3.93264,1,2020-09-11,19:00:03 11 Sep 2020,40000
2020,President,Trump,Biden,,22,0.0017375,0.122747,0.918325,0.081675,,0.2587047,0.9623508,0.9878379,0.1041646,56.90363,42.24081,,0.8555604,50.23764,35.66558,,0.4634387,63.48014,48.91823,,1.2929,14.66283,1.319506,27.83433,1,2020-09-11,19:00:03 11 Sep 2020,40000
2020,President,Trump,Biden,,21,0.0002625,0.0191427,0.97645,0.02355,,0.24607,0.9904459,0.9990644,0.0309114,59.05062,39.75341,,1.195975,53.14238,33.88818,,0.6421727,64.92254,45.65815,,1.817496,19.29721,7.507776,31.01083,1,2020-09-11,19:00:03 11 Sep 2020,40000
2020,President,Trump,Biden,,20,0.000125,0.0149289,0.922925,0.077075,,0.2603678,0.9974051,0.9991684,0.1018785,54.83196,43.26332,,1.904716,49.64867,38.17144,,1.009094,59.98895,48.41765,,2.916512,11.56864,1.253189,21.77416,1,2020-09-11,19:00:03 11 Sep 2020,40000
2020,President,Trump,Biden,,19,0.0031875,0.2858864,0.665425,0.334575,,0.3603336,0.9978331,0.9969854,0.4424345,51.04179,47.56252,,1.395684,45.73265,42.3007,,0.7461829,56.32706,52.86105,,2.126032,3.479268,-7.110443,13.99636,1,2020-09-11,19:00:03 11 Sep 2020,40000
2020,President,Trump,Biden,,18,0.0001625,0.008615,0.9527,0.0473,,0.2523879,0.9989429,0.9997921,0.062618,55.91673,42.67562,,1.40765,50.89021,37.72103,,0.7523977,60.90123,47.67668,,2.144527,13.24111,3.235979,23.17329,1,2020-09-11,19:00:03 11 Sep 2020,40000
2020,President,Trump,Biden,,17,0.0006375,0.0162792,0.00365,0.99635,,0.9589041,0.7571887,0.014553,0.9998012,38.6342,59.82133,,1.544462,33.92797,55.10834,,0.8233348,43.33961,64.54163,,2.35646,-21.18713,-30.60173,-11.82692,1,2020-09-11,19:00:03 11 Sep 2020,40000
2020,President,Trump,Biden,,16,7.5e-05,0.0140359,0.99515,0.00485,,0.2415716,0.9793814,0.9995842,0.0062949,62.08841,34.96191,,2.94968,56.02335,29.06188,,1.542162,68.07029,40.92746,,4.55009,27.1265,15.23912,38.84869,1,2020-09-11,19:00:03 11 Sep 2020,40000
2020,President,Trump,Biden,,28,0.0024,0.2805309,0.869425,0.130575,,0.2677632,0.9394984,0.9679834,0.162575,55.5755,43.65802,,0.7664852,48.65679,36.82798,,0.4163434,62.40057,50.58121,,1.156106,11.91748,-1.903685,25.5372,1,2020-09-11,19:00:03 11 Sep 2020,40000
2020,President,Trump,Biden,,13,0.01615,0.5331336,0.657775,0.342225,,0.3603816,0.9891884,0.9856549,0.44863,50.88811,48.26178,,0.8500996,46.56561,43.96206,,0.4605561,55.19135,52.58386,,1.284508,2.626333,-6.01329,11.20719,1,2020-09-11,19:00:03 11 Sep 2020,40000
2020,President,Trump,Biden,,12,0.1536875,2.146454,0.38565,0.61435,,0.5987294,0.9838447,0.9600832,0.8010138,48.52455,50.67067,,0.8047808,43.68351,45.85062,,0.4366112,53.34151,55.50019,,1.214849,-2.146121,-11.81426,7.453514,1,2020-09-11,19:00:03 11 Sep 2020,40000
2020,President,Trump,Biden,,11,0.0,0.0,0.0,1.0,,,0.754575,0.0,1.0,5.785175,90.66494,,3.549888,3.184526,87.26862,,1.844018,8.524954,93.83146,,5.494731,-84.87976,-90.40971,-79.10825,1,2020-09-11,19:00:03 11 Sep 2020,40000
2020,President,Trump,Biden,,10,0.0001625,0.051457,0.00215,0.99785,,0.9651163,0.7561257,0.0086279,0.9999006,38.49072,60.35424,,1.155033,34.09464,55.96139,,0.6207801,42.8868,64.74988,,1.754279,-21.86352,-30.62992,-13.11235,1,2020-09-11,19:00:03 11 Sep 2020,40000
2020,President,Trump,Biden,,09,0.000825,0.0711098,0.0128,0.9872,,0.9199219,0.7633205,0.0489605,0.9986416,39.89743,59.15008,,0.9524863,34.63033,53.90063,,0.5145208,45.16887,64.43343,,1.442053,-19.25265,-29.80151,-8.74157,1,2020-09-11,19:00:03 11 Sep 2020,40000
2020,President,Trump,Biden,,08,0.0278875,1.357247,0.13885,0.86115,,0.8170688,0.8475295,0.4717256,0.9672332,44.53458,53.51781,,1.947607,39.19705,48.15339,,1.031119,49.90305,58.86658,,2.983293,-8.983224,-19.64383,1.695723,1,2020-09-11,19:00:03 11 Sep 2020,40000
2020,President,Trump,Biden,,06,0.0019375,0.019271,0.002875,0.997125,,0.5826087,0.7555472,0.0069647,0.9984097,34.43097,63.60275,,1.966276,28.82093,57.97439,,1.040716,40.04484,69.25125,,3.012359,-29.17178,-40.40429,-17.98111,1,2020-09-11,19:00:03 11 Sep 2020,40000
2020,President,Trump,Biden,,05,0.000475,0.0605391,0.933375,0.066625,,0.256676,0.9857411,0.9961538,0.0870357,56.3873,41.97333,,1.639371,50.26448,35.92006,,0.8724109,62.43018,48.07248,,2.503759,14.41398,2.212833,26.50153,1,2020-09-11,19:00:03 11 Sep 2020,40000
2020,President,Trump,Biden,,04,0.066475,3.361499,0.32785,0.67215,,0.604621,0.9328647,0.8242204,0.8309644,47.50627,51.1321,,1.361631,42.12164,45.75168,,0.7284856,52.88641,56.52235,,2.073408,-3.625836,-14.40681,7.107037,1,2020-09-11,19:00:03 11 Sep 2020,40000
2020,President,Trump,Biden,,02,0.0021625,0.9749874,0.7983,0.2017,,0.2934361,0.9682697,0.9740125,0.2588212,53.13925,44.58175,,2.279008,46.40883,37.88472,,1.201282,59.86476,51.28677,,3.499973,8.557502,-4.813301,21.93461,1,2020-09-11,19:00:03 11 Sep 2020,40000
2020,President,Trump,Biden,,01,0.0004,0.0259358,0.97875,0.02125,,0.2451852,0.9741176,0.997817,0.0274327,59.74606,39.46086,,0.7930858,53.87817,33.69332,,0.4304252,65.53522,45.3122,,1.196895,20.2852,8.561846,31.82177,1,2020-09-11,19:00:03 11 Sep 2020,40000
2020,President,Trump,Biden,,27,0.0734875,3.418663,0.20575,0.79425,,0.8162819,0.9040604,0.6983368,0.9515952,46.19479,52.27974,,1.525464,41.37373,47.52802,,0.8135037,50.9725,57.08326,,2.326994,-6.08495,-15.68847,3.403975,1,2020-09-11,19:00:03 11 Sep 2020,40000
2020,President,Trump,Biden,,29,0.001025,0.0514689,0.88975,0.11025,,0.269823,0.9956916,0.9982328,0.1454792,54.31582,44.21946,,1.46472,49.01691,38.97044,,0.7820156,59.56046,49.50117,,2.232825,10.09636,-0.4805984,20.54621,1,2020-09-11,19:00:03 11 Sep 2020,40000
2020,President,Trump,Biden,,56,5e-05,0.0242261,0.997925,0.002075,,0.2409249,0.9638554,0.9996881,0.0026505,68.31197,28.26091,,3.427118,61.5353,21.77662,,1.782489,74.9454,34.89434,,5.300982,40.05107,26.74744,53.04106,1,2020-09-11,19:00:03 11 Sep 2020,40000
2020,President,Trump,Biden,,42,0.29755,6.739361,0.250475,0.749525,,0.8461922,0.9588406,0.881289,0.9524236,47.34972,51.91232,,0.7379659,42.94967,47.4932,,0.4012253,51.77799,56.29525,,1.11237,-4.562594,-13.33275,4.275434,1,2020-09-11,19:00:03 11 Sep 2020,40000
2020,President,Trump,Biden,,55,0.088475,4.128218,0.21615,0.78385,,0.8488318,0.9227531,0.7628898,0.9585528,46.53247,52.46586,,1.001669,41.59412,47.55453,,0.5403866,51.46543,57.40605,,1.517806,-5.933386,-15.78601,3.886719,1,2020-09-11,19:00:03 11 Sep 2020,40000
2020,President,Trump,Biden,,54,3.75e-05,0.0076944,0.9933,0.0067,,0.2419964,0.9813433,0.9994802,0.0087135,65.99603,32.15409,,1.84988,58.60802,24.89761,,0.9809074,73.2827,39.51873,,2.831138,33.84194,19.08822,48.31592,1,2020-09-11,19:00:03 11 Sep 2020,40000
2020,President,Trump,Biden,,53,0.001025,0.0415898,0.01005,0.98995,,0.6716418,0.7589525,0.0280665,0.995693,36.58544,61.12246,,2.292099,30.61376,55.05091,,1.207988,42.61806,67.13297,,3.520414,-24.53702,-36.49834,-12.46943,1,2020-09-11,19:00:03 11 Sep 2020,40000
2020,President,Trump,Biden,,51,0.0134375,0.4520695,0.04755,0.95245,,0.9684542,0.7907239,0.1914761,0.9980784,43.8234,55.12701,,1.049589,39.47842,50.79341,,0.5655502,48.14921,59.45933,,1.591726,-11.30361,-19.9549,-2.649351,1,2020-09-11,19:00:03 11 Sep 2020,40000
2020,President,Trump,Biden,,50,0.00025,0.1072897,0.007375,0.992625,,0.5830508,0.7570835,0.0178794,0.9959248,31.04536,66.22465,,2.729987,23.19977,58.1448,,1.430953,39.09629,74.06546,,4.205849,-35.17929,-50.75851,-19.08415,1,2020-09-11,19:00:03 11 Sep 2020,40000
2020,President,Trump,Biden,,49,0.000775,0.0871746,0.9505,0.0495,,0.2515518,0.9717172,0.9941788,0.0637445,56.65643,39.97254,,3.371032,50.28438,33.7449,,1.754352,62.89973,46.27536,,5.212544,16.68389,4.220568,29.02217,1,2020-09-11,19:00:03 11 Sep 2020,40000
2020,President,Trump,Biden,,48,0.0165125,0.2481489,0.680675,0.319325,,0.3527381,0.9986691,0.9983368,0.422622,51.18839,47.78819,,1.023421,46.33945,42.99385,,0.5518135,55.99536,52.62298,,1.551362,3.400198,-6.280642,12.9934,1,2020-09-11,19:00:03 11 Sep 2020,40000
2020,President,Trump,Biden,,47,0.0008,0.0437052,0.952275,0.047725,,0.2519493,0.9869041,0.9976091,0.0624192,57.44578,41.44592,,1.108294,51.51455,35.59333,,0.5963272,63.32719,47.37822,,1.682246,15.99986,4.1464,27.68495,1,2020-09-11,19:00:03 11 Sep 2020,40000
2020,President,Trump,Biden,,46,0.0002125,0.0790349,0.965525,0.034475,,0.2482587,0.9760696,0.9966736,0.0445946,59.43229,39.06634,,1.501369,52.65031,32.38636,,0.8010167,66.11768,45.86462,,2.289632,20.36595,6.8258,33.67344,1,2020-09-11,19:00:03 11 Sep 2020,40000
2020,President,Trump,Biden,,45,0.00135,0.0870089,0.8666,0.1334,,0.2768867,0.9956896,0.9977131,0.1760262,53.67575,45.42493,,0.8993178,48.88779,40.68862,,0.4865161,58.42149,50.22916,,1.360161,8.250828,-1.336735,17.71719,1,2020-09-11,19:00:03 11 Sep 2020,40000
2020,President,Trump,Biden,,44,0.00025,0.0719669,0.0106,0.9894,,0.8820755,0.7614211,0.0388773,0.9983765,37.31624,61.23316,,1.450601,31.04452,54.94018,,0.7746922,43.60822,67.47758,,2.210948,-23.91692,-36.40498,-11.35084,1,2020-09-11,19:00:03 11 Sep 2020,40000
2020,President,Trump,Biden,,30,0.0007875,0.2198855,0.870075,0.129925,,0.2736546,0.9811429,0.9900208,0.1689362,54.57138,43.28389,,2.144738,48.05117,36.78871,,1.132424,61.05478,49.84757,,3.290456,11.28749,-1.765678,24.20456,1,2020-09-11,19:00:03 11 Sep 2020,40000
2020,President,Trump,Biden,,41,0.0091625,0.6186529,0.0852,0.9148,,0.7244718,0.7995464,0.2566528,0.9693205,42.1008,55.43697,,2.462224,35.97216,49.21886,,1.294923,48.34233,61.58677,,3.786417,-13.33617,-25.55268,-0.9436474,1,2020-09-11,19:00:03 11 Sep 2020,40000
2020,President,Trump,Biden,,39,0.024975,0.6254842,0.54575,0.45425,,0.4384333,0.9971932,0.9949064,0.6003048,49.90204,49.05923,,1.038722,45.0737,44.26929,,0.5598467,54.71903,53.88535,,1.574963,0.8428061,-8.798964,10.43211,1,2020-09-11,19:00:03 11 Sep 2020,40000
2020,President,Trump,Biden,,38,1.25e-05,0.004588,0.98935,0.01065,,0.2429373,0.9859155,0.9993763,0.0139151,60.63662,36.6626,,2.700782,54.44131,30.59975,,1.416143,66.77271,42.7976,,4.160128,23.97402,11.75267,35.99844,1,2020-09-11,19:00:03 11 Sep 2020,40000
2020,President,Trump,Biden,,37,0.0480125,1.363259,0.458475,0.541525,,0.5046077,0.9823646,0.9619542,0.7049995,49.24113,49.98768,,0.771189,44.59456,45.3431,,0.4188353,53.88337,54.63303,,1.163324,-0.746556,-10.02353,8.547024,1,2020-09-11,19:00:03 11 Sep 2020,40000
2020,President,Trump,Biden,,36,0.000375,0.0070554,0.0013,0.9987,,0.8461539,0.755357,0.0045738,0.9997349,36.38081,62.54492,,1.074274,31.58603,57.73724,,0.5784981,41.18423,67.33967,,1.629783,-26.16412,-35.71958,-16.59244,1,2020-09-11,19:00:03 11 Sep 2020,40000
2020,President,Trump,Biden,,35,0.008625,1.502473,0.061425,0.938575,,0.8799349,0.7963136,0.2247401,0.9904913,42.43169,55.65031,,1.917993,36.97064,50.19718,,1.015913,47.8924,61.14281,,2.937189,-13.21862,-24.14401,-2.376945,1,2020-09-11,19:00:03 11 Sep 2020,40000
2020,President,Trump,Biden,,34,0.0067125,0.2442989,0.02775,0.97225,,0.7153153,0.7680895,0.0825364,0.9896631,40.34747,58.80366,,0.8488669,34.48022,52.91344,,0.4599054,46.23165,64.66301,,1.282612,-18.45619,-30.20305,-6.66456,1,2020-09-11,19:00:03 11 Sep 2020,40000
2020,President,Trump,Biden,,33,0.0172625,3.206584,0.2498,0.7502,,0.6848479,0.9022261,0.7113305,0.896995,45.9612,52.98764,,1.051158,39.17757,46.22195,,0.5663735,52.73683,59.78184,,1.594146,-7.026442,-20.57626,6.485268,1,2020-09-11,19:00:03 11 Sep 2020,40000
2020,President,Trump,Biden,,32,0.0290625,3.375545,0.186375,0.813625,,0.82723,0.8884621,0.6410603,0.9579896,45.64862,52.48755,,1.863829,40.66038,47.51631,,0.9880801,50.63762,57.4918,,2.85285,-6.838921,-16.79278,3.097694,1,2020-09-11,19:00:03 11 Sep 2020,40000
2020,President,Trump,Biden,,31,0.0,0.0,0.985575,0.014425,,0.2439946,0.9982669,0.999896,0.0190836,58.33633,39.85078,,1.812889,53.19136,34.8091,,0.9613432,63.39907,44.97894,,2.775724,18.48555,8.275425,28.54519,1,2020-09-11,19:00:03 11 Sep 2020,40000
2020,President,Trump,Biden,,40,8.75e-05,0.0081172,0.9928,0.0072,,0.2420931,0.9791667,0.9993763,0.009343,62.85294,35.96173,,1.185333,56.89522,30.11111,,0.6366144,68.73041,41.90231,,1.80106,26.89121,15.03231,38.61247,1,2020-09-11,19:00:03 11 Sep 2020,40000
2020,President,Trump,Biden,,22,0.0013875,0.1003515,0.9231,0.0769,,0.2666829,0.9642393,0.9895488,0.0994368,57.05066,42.09069,,0.8586414,50.4172,35.50025,,0.4662377,63.64211,48.74384,,1.297037,14.95997,1.661644,28.1347,1,2020-09-10,21:47:02 10 Sep 2020,40000
2020,President,Trump,Biden,,18,0.0001875,0.0100868,0.95465,0.04535,,0.2604881,0.9977949,0.999598,0.0606812,56.01396,42.57622,,1.409822,51.02909,37.61859,,0.7556856,60.96591,47.59292,,2.147596,13.43774,3.450891,23.30361,1,2020-09-10,21:47:02 10 Sep 2020,40000
2020,President,Trump,Biden,,19,0.0031125,0.2768324,0.67425,0.32575,,0.3680386,0.9980046,0.9974877,0.4359662,51.15002,47.45102,,1.39896,45.79288,42.13012,,0.7500293,56.47997,52.8249,,2.13078,3.699006,-7.022551,14.29749,1,2020-09-10,21:47:02 10 Sep 2020,40000
2020,President,Trump,Biden,,20,0.000225,0.0263245,0.926525,0.073475,,0.2683144,0.9976183,0.9992965,0.0982969,54.93456,43.15672,,1.908725,49.7469,37.99493,,1.014215,60.10734,48.32033,,2.922404,11.77785,1.467976,22.06324,1,2020-09-10,21:47:02 10 Sep 2020,40000
2020,President,Trump,Biden,,21,0.000175,0.0124554,0.975175,0.024825,,0.2546466,0.9818731,0.9981911,0.0326874,59.12791,39.67229,,1.199808,53.25207,33.82262,,0.6459826,65.01828,45.5743,,1.822762,19.45562,7.702555,31.19711,1,2020-09-10,21:47:02 10 Sep 2020,40000
2020,President,Trump,Biden,,27,0.0689625,3.197383,0.210375,0.789625,,0.8255496,0.8995093,0.6981208,0.9524943,46.25937,52.21349,,1.527149,41.43015,47.43542,,0.8166841,51.025,57.03407,,2.329287,-5.95412,-15.60025,3.525194,1,2020-09-10,21:47:02 10 Sep 2020,40000
2020,President,Trump,Biden,,23,0.00495,0.9338116,0.179475,0.820525,,0.7081766,0.8456781,0.5109034,0.9305351,44.47818,53.91989,,1.601934,37.73905,47.14059,,0.855796,51.28476,60.65394,,2.444043,-9.441708,-22.88126,4.149132,1,2020-09-10,21:47:02 10 Sep 2020,40000
2020,President,Trump,Biden,,24,0.000225,0.0113898,0.002125,0.997875,,0.6352941,0.7465113,0.0054266,0.9989607,35.62612,62.99751,,1.376379,30.61715,57.91755,,0.7382665,40.67451,68.00855,,2.095832,-27.37139,-37.34233,-17.29712,1,2020-09-10,21:47:02 10 Sep 2020,40000
2020,President,Trump,Biden,,25,0.0003125,0.0131259,0.002325,0.997675,,0.7526882,0.7468615,0.0070345,0.9992289,33.23658,65.15488,,1.608542,27.19217,58.99895,,0.8589104,39.38473,71.21901,,2.455568,-31.91829,-44.00391,-19.6432,1,2020-09-10,21:47:02 10 Sep 2020,40000
2020,President,Trump,Biden,,26,0.0624,1.764207,0.145125,0.854875,,0.9505599,0.8641614,0.5545171,0.9906799,45.62326,53.23923,,1.137515,40.94595,48.58341,,0.6132984,50.26879,57.92166,,1.726572,-7.615969,-16.9726,1.652878,1,2020-09-10,21:47:02 10 Sep 2020,40000
2020,President,Trump,Biden,,16,2.5e-05,0.0055203,0.9952,0.0048,,0.2499749,1.0,1.0,0.0064369,62.18699,34.8583,,2.954715,56.14318,28.99304,,1.548687,68.149,40.83307,,4.559316,27.32869,15.4667,39.01675,1,2020-09-10,21:47:02 10 Sep 2020,40000
2020,President,Trump,Biden,,17,0.0007375,0.0183156,0.00415,0.99585,,0.933735,0.7485314,0.0155763,0.9996312,38.71594,59.73879,,1.545269,34.02431,54.99837,,0.8260899,43.45225,64.47636,,2.357379,-21.02285,-30.42419,-11.54858,1,2020-09-10,21:47:02 10 Sep 2020,40000
2020,President,Trump,Biden,,09,0.000575,0.0498201,0.014575,0.985425,,0.9176672,0.7555116,0.0537634,0.9983908,40.01817,59.0276,,0.9542369,34.69172,53.67274,,0.516786,45.36111,64.348,,1.44397,-19.00943,-29.65433,-8.320471,1,2020-09-10,21:47:02 10 Sep 2020,40000
2020,President,Trump,Biden,,15,0.000425,0.1420293,0.0122,0.9878,,0.522541,0.7490129,0.0256256,0.9921886,32.35745,65.75733,,1.885217,24.25951,57.48907,,1.002081,40.64126,73.87247,,2.885782,-33.39988,-49.56593,-16.9271,1,2020-09-10,21:47:02 10 Sep 2020,40000
2020,President,Trump,Biden,,13,0.0154375,0.5095596,0.666975,0.333025,,0.3680798,0.9895654,0.9868355,0.4419338,50.99788,48.1496,,0.8525264,46.64153,43.80448,,0.4629985,55.36455,52.50572,,1.28764,2.848275,-5.855801,11.54667,1,2020-09-10,21:47:02 10 Sep 2020,40000
2020,President,Trump,Biden,,12,0.1541375,2.160666,0.3975,0.6025,,0.6030189,0.9842739,0.9635212,0.7952595,48.65716,50.53683,,0.8060099,43.81295,45.69207,,0.4383482,53.50082,55.36291,,1.216191,-1.879674,-11.51636,7.805571,1,2020-09-10,21:47:02 10 Sep 2020,40000
2020,President,Trump,Biden,,11,0.0,0.0,0.0,1.0,,,0.7457,0.0,1.0,5.788191,90.66103,,3.550773,3.209051,87.29898,,1.849843,8.532589,93.80696,,5.498337,-84.87284,-90.35712,-79.09298,1,2020-09-10,21:47:02 10 Sep 2020,40000
2020,President,Trump,Biden,,10,0.0001625,0.0468507,0.00275,0.99725,,0.9181818,0.7475307,0.0101497,0.9996983,38.60351,60.23909,,1.157404,34.1712,55.77503,,0.6237397,43.06759,64.67043,,1.757276,-21.63557,-30.48373,-12.73712,1,2020-09-10,21:47:02 10 Sep 2020,40000
2020,President,Trump,Biden,,08,0.0283625,1.379616,0.14185,0.85815,,0.8205851,0.8401794,0.4678927,0.9668767,44.62388,53.42532,,1.950802,39.24012,48.07765,,1.035926,49.93533,58.82901,,2.987978,-8.801436,-19.51076,1.791052,1,2020-09-10,21:47:02 10 Sep 2020,40000
2020,President,Trump,Biden,,06,0.002075,0.0209256,0.003525,0.996475,,0.6099291,0.746958,0.0086423,0.9981561,34.53302,63.49773,,1.969254,28.93958,57.78475,,1.045443,40.20979,69.14704,,3.016784,-28.96472,-40.12605,-17.59056,1,2020-09-10,21:47:02 10 Sep 2020,40000
2020,President,Trump,Biden,,05,0.000525,0.0661968,0.9344,0.0656,,0.2651434,0.984375,0.9958798,0.0865965,56.50757,41.84812,,1.64431,50.41496,35.7897,,0.8774556,62.52251,47.92841,,2.511105,14.65944,2.501982,26.70342,1,2020-09-10,21:47:02 10 Sep 2020,40000
2020,President,Trump,Biden,,04,0.0649125,3.280191,0.340225,0.659775,,0.6068043,0.9303929,0.8298663,0.8231863,47.62234,51.01371,,1.363948,42.20316,45.62518,,0.7317882,53.00614,56.45023,,2.076597,-3.391377,-14.23766,7.340899,1,2020-09-10,21:47:02 10 Sep 2020,40000
2020,President,Trump,Biden,,02,0.0019875,0.888777,0.802175,0.197825,,0.3025213,0.9681537,0.9754798,0.2568392,53.20773,44.50779,,2.284483,46.40955,37.78719,,1.207309,59.92863,51.29957,,3.508756,8.699936,-4.824207,22.05354,1,2020-09-10,21:47:02 10 Sep 2020,40000
2020,President,Trump,Biden,,01,0.0003625,0.0240818,0.978925,0.021075,,0.2536456,0.9774615,0.9980906,0.0276251,59.86214,39.34235,,0.7955124,54.02162,33.48468,,0.4327854,65.72649,45.16975,,1.200082,20.5198,8.841705,32.25633,1,2020-09-10,21:47:02 10 Sep 2020,40000
2020,President,Trump,Biden,,28,0.0020875,0.248104,0.87515,0.12485,,0.2751243,0.934121,0.9678424,0.1563967,55.71294,43.51806,,0.7690039,48.81996,36.56748,,0.4187277,62.67387,50.42253,,1.159432,12.19488,-1.611416,26.12319,1,2020-09-10,21:47:02 10 Sep 2020,40000
2020,President,Trump,Biden,,29,0.0006875,0.0356462,0.895225,0.104775,,0.2773046,0.9947507,0.9978896,0.139768,54.41066,44.12113,,1.468215,49.14646,38.84201,,0.7860654,59.70474,49.41766,,2.237998,10.28952,-0.2513638,20.82953,1,2020-09-10,21:47:02 10 Sep 2020,40000
2020,President,Trump,Biden,,35,0.0078625,1.369918,0.064625,0.935375,,0.87853,0.7890953,0.2282183,0.9898083,42.56847,55.51041,,1.92112,37.18449,50.08625,,1.020612,47.96178,60.88858,,2.941717,-12.94193,-23.6614,-2.170277,1,2020-09-10,21:47:02 10 Sep 2020,40000
2020,President,Trump,Biden,,30,0.0010625,0.29028,0.87265,0.12735,,0.2816421,0.9754613,0.9879409,0.1665884,54.64178,43.20857,,2.149642,48.11204,36.73109,,1.138202,61.14902,49.72914,,3.298173,11.43321,-1.573709,24.35744,1,2020-09-10,21:47:02 10 Sep 2020,40000
2020,President,Trump,Biden,,44,0.0002,0.0625855,0.012075,0.987925,,0.8861284,0.7534479,0.0430108,0.9981896,37.4315,61.11709,,1.451409,31.17883,54.78897,,0.7773265,43.73696,67.38875,,2.211995,-23.68558,-36.1602,-11.06729,1,2020-09-10,21:47:02 10 Sep 2020,40000
2020,President,Trump,Biden,,56,2.5e-05,0.0135411,0.998275,0.001725,,0.2491548,0.9710145,0.999799,0.0022462,68.35778,28.21362,,3.428597,61.70615,21.7328,,1.788262,74.97795,34.78214,,5.305639,40.14417,27.05086,53.0847,1,2020-09-10,21:47:02 10 Sep 2020,40000
2020,President,Trump,Biden,,55,0.0865375,4.032054,0.222525,0.777475,,0.8582182,0.9201903,0.7676615,0.9594005,46.61062,52.38637,,1.003009,41.69176,47.48923,,0.542501,51.49287,57.31851,,1.519088,-5.775747,-15.59529,3.99814,1,2020-09-10,21:47:02 10 Sep 2020,40000
2020,President,Trump,Biden,,54,6.25e-05,0.013182,0.993,0.007,,0.2502518,0.9607143,0.9988946,0.0090184,66.09344,32.05407,,1.852487,58.76376,24.78395,,0.9851771,73.36055,39.38586,,2.834807,34.03938,19.44893,48.56814,1,2020-09-10,21:47:02 10 Sep 2020,40000
2020,President,Trump,Biden,,53,0.0012625,0.0515511,0.01115,0.98885,,0.7286996,0.7510745,0.03266,0.9959769,36.67602,61.02866,,2.29532,30.65297,54.92162,,1.212863,42.74292,67.1154,,3.52571,-24.35264,-36.41636,-12.21574,1,2020-09-10,21:47:02 10 Sep 2020,40000
2020,President,Trump,Biden,,51,0.0141,0.4760094,0.053025,0.946975,,0.9674682,0.7856596,0.2062104,0.9977202,43.93213,55.0159,,1.051978,39.60645,50.68604,,0.5682877,48.25701,59.33838,,1.594597,-11.08377,-19.70813,-2.425722,1,2020-09-10,21:47:02 10 Sep 2020,40000
2020,President,Trump,Biden,,50,0.000225,0.0948988,0.0079,0.9921,,0.5981013,0.7484376,0.0189931,0.9957423,31.06906,66.19965,,2.7313,23.21627,58.18381,,1.435348,38.98553,74.05284,,4.208556,-35.13059,-50.78806,-19.27224,1,2020-09-10,21:47:02 10 Sep 2020,40000
2020,President,Trump,Biden,,31,1.25e-05,0.0019331,0.985425,0.014575,,0.252353,0.9931389,0.999598,0.0194113,58.43009,39.75454,,1.815369,53.29653,34.66048,,0.9642566,63.55395,44.86638,,2.779656,18.67554,8.476553,28.84321,1,2020-09-10,21:47:02 10 Sep 2020,40000
2020,President,Trump,Biden,,48,0.01495,0.2241382,0.6899,0.3101,,0.3600884,0.9988713,0.9985931,0.4153815,51.31266,47.66165,,1.025696,46.46207,42.85725,,0.5544521,56.08489,52.51679,,1.554063,3.651009,-6.01285,13.22756,1,2020-09-10,21:47:02 10 Sep 2020,40000
2020,President,Trump,Biden,,47,0.000725,0.0411686,0.95535,0.04465,,0.2598001,0.9871221,0.9976887,0.0591055,57.56095,41.32707,,1.111978,51.64215,35.4068,,0.5998657,63.51031,47.2481,,1.687164,16.23388,4.402422,28.08665,1,2020-09-10,21:47:02 10 Sep 2020,40000
2020,President,Trump,Biden,,46,0.0002,0.0726306,0.96595,0.03405,,0.2564315,0.9684288,0.9956788,0.0442202,59.48834,39.00945,,1.502206,52.74333,32.23937,,0.8037304,66.29478,45.77383,,2.290619,20.47889,7.021067,34.05653,1,2020-09-10,21:47:02 10 Sep 2020,40000
2020,President,Trump,Biden,,45,0.0011375,0.0743131,0.8709,0.1291,,0.2849638,0.9953524,0.9975882,0.1723213,53.77701,45.32026,,0.902737,48.96803,40.55632,,0.4895759,58.52972,50.12181,,1.364791,8.45675,-1.154409,17.96221,1,2020-09-10,21:47:02 10 Sep 2020,40000
2020,President,Trump,Biden,,49,0.0006875,0.0805197,0.95255,0.04745,,0.2599076,0.9736565,0.9951764,0.0619552,56.76657,39.85868,,3.374746,50.39922,33.59065,,1.76109,63.09771,46.20045,,5.220736,16.90789,4.301643,29.38421,1,2020-09-10,21:47:02 10 Sep 2020,40000
2020,President,Trump,Biden,,42,0.3013375,6.824928,0.259275,0.740725,,0.8530518,0.9598029,0.8890564,0.9533995,47.44405,51.81659,,0.739359,42.99453,47.396,,0.4029889,51.86487,56.25986,,1.113991,-4.372538,-13.24657,4.448469,1,2020-09-10,21:47:02 10 Sep 2020,40000
2020,President,Trump,Biden,,40,0.0001,0.0102859,0.99285,0.00715,,0.2503399,0.9685315,0.9990956,0.0092866,62.94114,35.87123,,1.187623,57.02089,29.98224,,0.6395936,68.83122,41.80756,,1.803949,27.0699,15.21148,38.85059,1,2020-09-10,21:47:02 10 Sep 2020,40000
2020,President,Trump,Biden,,39,0.02475,0.6180342,0.55655,0.44345,,0.4446591,0.9970685,0.9947744,0.5929328,50.01019,48.94863,,1.041176,45.19382,44.13871,,0.5626024,54.83501,53.7833,,1.577934,1.061563,-8.58511,10.67148,1,2020-09-10,21:47:02 10 Sep 2020,40000
2020,President,Trump,Biden,,38,3.75e-05,0.0169356,0.98885,0.01115,,0.2514537,0.9887893,0.9994975,0.0147848,60.71838,36.57576,,2.705866,54.55733,30.54404,,1.422421,66.81105,42.64978,,4.168633,24.14262,11.97911,36.18526,1,2020-09-10,21:47:02 10 Sep 2020,40000
2020,President,Trump,Biden,,37,0.0519125,1.483178,0.4585,0.5415,,0.5195747,0.9795937,0.9575922,0.711345,49.24529,49.97448,,0.7802367,44.58491,45.31107,,0.4246864,53.90385,54.63239,,1.176645,-0.729192,-10.03661,8.583334,1,2020-09-10,21:47:02 10 Sep 2020,40000
2020,President,Trump,Biden,,36,0.0008625,0.0161194,0.0017,0.9983,,0.8088235,0.7466443,0.0055271,0.9995642,36.50217,62.42162,,1.076216,31.67073,57.55514,,0.5810388,41.36219,67.26124,,1.631975,-25.91945,-35.57662,-16.22961,1,2020-09-10,21:47:02 10 Sep 2020,40000
2020,President,Trump,Biden,,34,0.0075125,0.2735048,0.0322,0.9678,,0.7406833,0.7619085,0.0958698,0.988836,40.47823,58.67255,,0.8492215,34.53086,52.72295,,0.4612477,46.4402,64.60677,,1.282562,-18.19433,-30.05105,-6.281776,1,2020-09-10,21:47:02 10 Sep 2020,40000
2020,President,Trump,Biden,,33,0.0169125,3.142987,0.256175,0.743825,,0.6914219,0.8978254,0.7119887,0.8955679,46.07092,52.87541,,1.053673,39.27658,46.09216,,0.5691797,52.863,59.67702,,1.597211,-6.804496,-20.38868,6.749737,1,2020-09-10,21:47:02 10 Sep 2020,40000
2020,President,Trump,Biden,,32,0.0307625,3.580523,0.194575,0.805425,,0.826288,0.8847503,0.6462667,0.9556122,45.78379,52.34944,,1.866766,40.75181,47.35254,,0.992553,50.79956,57.38397,,2.857044,-6.565647,-16.56345,3.398436,1,2020-09-10,21:47:02 10 Sep 2020,40000
2020,President,Trump,Biden,,41,0.0069,0.4643613,0.07485,0.92515,,0.7064129,0.7826028,0.2125414,0.9709334,41.49376,56.08923,,2.417016,35.02782,49.61945,,1.275169,47.94073,62.60183,,3.716043,-14.59547,-27.4835,-1.737381,1,2020-09-10,21:47:02 10 Sep 2020,40000
2020,President,Trump,Biden,,21,7.5e-05,0.0054755,0.975725,0.024275,,0.2595762,0.9855819,0.99862,0.0322646,59.13415,39.66128,,1.204568,53.15562,33.75896,,0.6479436,65.03629,45.61667,,1.825631,19.47287,7.556376,31.28684,1,2020-09-09,23:52:03  9 Sep 2020,40000
2020,President,Trump,Biden,,17,0.0008,0.0204554,0.00485,0.99515,,0.9381443,0.7448375,0.0179399,0.9995954,38.72041,59.72812,,1.551478,33.95564,54.93896,,0.8287883,43.50311,64.50921,,2.361557,-21.00771,-30.53361,-11.4883,1,2020-09-09,23:52:03  9 Sep 2020,40000
2020,President,Trump,Biden,,18,0.0002125,0.0110007,0.951825,0.048175,,0.2664093,0.9989621,0.9998029,0.0649,55.98637,42.5962,,1.417432,50.8731,37.46367,,0.7590507,61.1048,47.7033,,2.154182,13.39017,3.211258,23.60931,1,2020-09-09,23:52:03  9 Sep 2020,40000
2020,President,Trump,Biden,,19,0.003575,0.3231969,0.66915,0.33085,,0.3783905,0.9987154,0.9983243,0.445602,51.09675,47.49096,,1.412293,45.66475,42.07512,,0.7563744,56.51353,52.94149,,2.146231,3.605799,-7.280277,14.40306,1,2020-09-09,23:52:03  9 Sep 2020,40000
2020,President,Trump,Biden,,20,0.00015,0.0178676,0.9259,0.0741,,0.2736527,0.9966262,0.9990143,0.0995921,54.95761,43.12257,,1.919824,49.71357,37.90588,,1.019163,60.15408,48.36623,,2.933063,11.83505,1.371145,22.18033,1,2020-09-09,23:52:03  9 Sep 2020,40000
2020,President,Trump,Biden,,26,0.061725,1.739151,0.15035,0.84965,,0.9549385,0.8650621,0.5660917,0.9912006,45.59146,53.24591,,1.16263,40.84418,48.49506,,0.6259848,50.35682,57.99822,,1.76092,-7.654459,-17.10818,1.809095,1,2020-09-09,23:52:03  9 Sep 2020,40000
2020,President,Trump,Biden,,22,0.0016,0.1126458,0.9219,0.0781,,0.2715316,0.9564661,0.9869887,0.1007383,57.04813,42.08887,,0.8629951,50.36664,35.46315,,0.4682533,63.67812,48.73182,,1.300652,14.95926,1.653177,28.2085,1,2020-09-09,23:52:03  9 Sep 2020,40000
2020,President,Trump,Biden,,23,0.0052875,0.990932,0.208125,0.791875,,0.7012613,0.8585951,0.5754559,0.9168943,44.95253,53.48727,,1.560197,38.09803,46.59189,,0.8326271,51.88193,60.37341,,2.374812,-8.534746,-22.26786,5.28273,1,2020-09-09,23:52:03  9 Sep 2020,40000
2020,President,Trump,Biden,,24,0.0003125,0.0152798,0.0018,0.9982,,0.6666667,0.7422611,0.0047314,0.9991909,35.6505,62.9692,,1.380301,30.65314,57.92591,,0.7397078,40.68053,67.98444,,2.096792,-27.3187,-37.32412,-17.24618,1,2020-09-09,23:52:03  9 Sep 2020,40000
2020,President,Trump,Biden,,25,0.00025,0.0107735,0.002275,0.997725,,0.8021978,0.7427648,0.0071957,0.9993932,33.25591,65.1287,,1.61539,27.16398,58.90911,,0.8619127,39.42509,71.2422,,2.460631,-31.87279,-44.09773,-19.54782,1,2020-09-09,23:52:03  9 Sep 2020,40000
2020,President,Trump,Biden,,15,0.0005,0.1667814,0.011875,0.988125,,0.5326316,0.744845,0.0249384,0.9925491,32.37803,65.72746,,1.89452,24.36251,57.46018,,1.006129,40.63864,73.79718,,2.893763,-33.34943,-49.42191,-16.86724,1,2020-09-09,23:52:03  9 Sep 2020,40000
2020,President,Trump,Biden,,16,0.0,0.0,0.9953,0.0047,,0.2547975,0.9946808,0.9999014,0.0063046,62.18887,34.85623,,2.954905,56.11189,28.88238,,1.547493,68.23491,40.89745,,4.548505,27.33264,15.32767,39.21257,1,2020-09-09,23:52:03  9 Sep 2020,40000
2020,President,Trump,Biden,,28,0.002625,0.3069443,0.873575,0.126425,,0.2812294,0.9351394,0.9686545,0.1594349,55.70343,43.52502,,0.7715409,48.74963,36.62571,,0.419784,62.59867,50.47177,,1.160723,12.17841,-1.695715,25.96853,1,2020-09-09,23:52:03  9 Sep 2020,40000
2020,President,Trump,Biden,,13,0.014775,0.4845328,0.677425,0.322575,,0.3699302,0.9899248,0.9880729,0.4306328,51.09085,48.05719,,0.8519531,46.70806,43.68352,,0.4624103,55.47226,52.46677,,1.283741,3.033659,-5.763565,11.79641,1,2020-09-09,23:52:03  9 Sep 2020,40000
2020,President,Trump,Biden,,12,0.1596875,2.23518,0.396825,0.603175,,0.6136206,0.982675,0.9600788,0.7993324,48.64365,50.55055,,0.8058025,43.73392,45.63984,,0.4379595,53.55636,55.45869,,1.213099,-1.906903,-11.72116,7.905869,1,2020-09-09,23:52:03  9 Sep 2020,40000
2020,President,Trump,Biden,,11,0.0,0.0,0.0,1.0,,,0.741525,0.0,1.0,5.794086,90.64403,,3.561885,3.225116,87.24202,,1.853673,8.540498,93.78699,,5.501442,-84.84995,-90.31657,-79.05626,1,2020-09-09,23:52:03  9 Sep 2020,40000
2020,President,Trump,Biden,,10,3.75e-05,0.0111654,0.0023,0.9977,,0.9565217,0.7431342,0.0086742,0.9998651,38.64565,60.1912,,1.163146,34.21838,55.71786,,0.626255,43.09702,64.6405,,1.761715,-21.54555,-30.40655,-12.62801,1,2020-09-09,23:52:03  9 Sep 2020,40000
2020,President,Trump,Biden,,09,0.0008375,0.0731803,0.0161,0.9839,,0.9270186,0.7524901,0.0588467,0.9984491,40.04405,58.99775,,0.9581975,34.69518,53.58658,,0.5185325,45.43335,64.33931,,1.446522,-18.95371,-29.64409,-8.167221,1,2020-09-09,23:52:03  9 Sep 2020,40000
2020,President,Trump,Biden,,08,0.02665,1.296977,0.140425,0.859575,,0.8383479,0.8367507,0.4641695,0.9699606,44.47418,53.59146,,1.93436,39.04648,48.12745,,1.026647,49.93895,59.0251,,2.955641,-9.117277,-19.92647,1.737717,1,2020-09-09,23:52:03  9 Sep 2020,40000
2020,President,Trump,Biden,,06,0.0021625,0.0212915,0.00325,0.99675,,0.7,0.7429646,0.0089699,0.9986851,34.53535,63.49015,,1.9745,28.9491,57.83744,,1.047303,40.16863,69.13075,,3.018011,-28.9548,-40.12877,-17.73286,1,2020-09-09,23:52:03  9 Sep 2020,40000
2020,President,Trump,Biden,,05,0.000425,0.0512435,0.93355,0.06645,,0.2705801,0.9841986,0.9959586,0.0881966,56.50066,41.84874,,1.650604,50.3404,35.74373,,0.8801372,62.62703,47.97511,,2.515251,14.65192,2.385904,26.84873,1,2020-09-09,23:52:03  9 Sep 2020,40000
2020,President,Trump,Biden,,04,0.060975,3.084759,0.3551,0.6449,,0.6010983,0.9328966,0.8415968,0.8113347,47.77705,50.84793,,1.375014,42.30933,45.32137,,0.7369518,53.30115,56.32649,,2.088626,-3.070878,-14.01357,7.944017,1,2020-09-09,23:52:03  9 Sep 2020,40000
2020,President,Trump,Biden,,02,0.00195,0.8691654,0.79955,0.20045,,0.3084548,0.9644549,0.9724002,0.2607127,53.23496,44.47366,,2.291378,46.41244,37.68246,,1.209793,60.05662,51.31996,,3.511294,8.761301,-4.877563,22.30758,1,2020-09-09,23:52:03  9 Sep 2020,40000
2020,President,Trump,Biden,,01,0.00045,0.0308763,0.978325,0.021675,,0.2584008,0.9619377,0.9967472,0.0281177,59.82955,39.37262,,0.7978266,53.96726,33.57416,,0.4337305,65.64449,45.22337,,1.200896,20.45693,8.742746,32.03191,1,2020-09-09,23:52:03  9 Sep 2020,40000
2020,President,Trump,Biden,,27,0.0736125,3.418974,0.216325,0.783675,,0.8339304,0.9014898,0.7112864,0.9527326,46.28672,52.18224,,1.531041,41.4127,47.28744,,0.8181811,51.18903,57.07439,,2.329892,-5.89551,-15.62682,3.866123,1,2020-09-09,23:52:03  9 Sep 2020,40000
2020,President,Trump,Biden,,29,0.000975,0.0479598,0.893825,0.106175,,0.283249,0.9957617,0.9982257,0.1425778,54.42752,44.09907,,1.473415,49.0804,38.75704,,0.788206,59.77031,49.41017,,2.240685,10.32845,-0.2940998,20.98681,1,2020-09-09,23:52:03  9 Sep 2020,40000
2020,President,Trump,Biden,,30,0.0010125,0.2771209,0.87885,0.12115,,0.2856005,0.9775072,0.9896501,0.1597047,54.88488,42.98535,,2.129771,48.25409,36.39009,,1.127055,61.47202,49.59652,,3.259626,11.89953,-1.302423,25.01335,1,2020-09-09,23:52:03  9 Sep 2020,40000
2020,President,Trump,Biden,,42,0.298125,6.758048,0.26415,0.73585,,0.8518834,0.9585174,0.8872351,0.9511817,47.44504,51.81283,,0.7421334,42.9451,47.28101,,0.4041643,51.99406,56.31986,,1.115727,-4.367794,-13.35769,4.695566,1,2020-09-09,23:52:03  9 Sep 2020,40000
2020,President,Trump,Biden,,55,0.0873125,4.084381,0.2274,0.7726,,0.8603782,0.9202692,0.7714145,0.9588348,46.58801,52.39842,,1.013575,41.53747,47.35397,,0.5477057,51.65123,57.45681,,1.531582,-5.810409,-15.87648,4.306616,1,2020-09-09,23:52:03  9 Sep 2020,40000
2020,President,Trump,Biden,,54,0.0,0.0,0.99285,0.00715,,0.2553508,0.986014,0.9996057,0.0095074,66.07865,32.06206,,1.859288,58.60937,24.76297,,0.9879713,73.41619,39.50532,,2.839062,34.0166,19.12496,48.59563,1,2020-09-09,23:52:03  9 Sep 2020,40000
2020,President,Trump,Biden,,53,0.0013,0.0520593,0.011825,0.988175,,0.7209302,0.7471349,0.0336126,0.9956508,36.71368,60.98105,,2.305269,30.65797,54.83674,,1.216893,42.84307,67.07807,,3.532957,-24.26736,-36.31808,-12.05794,1,2020-09-09,23:52:03  9 Sep 2020,40000
2020,President,Trump,Biden,,51,0.01395,0.4695105,0.056575,0.943425,,0.9699514,0.7842436,0.2163627,0.9977748,43.93949,55.00351,,1.057,39.54813,50.55081,,0.5705477,48.38659,59.42041,,1.598307,-11.06402,-19.82943,-2.187531,1,2020-09-09,23:52:03  9 Sep 2020,40000
2020,President,Trump,Biden,,50,0.000275,0.1164129,0.0071,0.9929,,0.6302817,0.7442341,0.0176442,0.9965274,31.17299,66.08397,,2.743041,23.35237,57.96262,,1.440025,39.23661,74.00019,,4.21656,-34.91098,-50.55712,-18.76763,1,2020-09-09,23:52:03  9 Sep 2020,40000
2020,President,Trump,Biden,,49,0.0005375,0.0619581,0.9524,0.0476,,0.2649097,0.9716387,0.9947758,0.0623715,56.75436,39.86069,,3.384954,50.31073,33.49786,,1.76463,63.16895,46.21918,,5.223455,16.89367,4.237236,29.52185,1,2020-09-09,23:52:03  9 Sep 2020,40000
2020,President,Trump,Biden,,48,0.0144375,0.2169008,0.689175,0.310825,,0.3672507,0.9982305,0.99793,0.4184282,51.3155,47.65683,,1.027665,46.4537,42.73762,,0.5551209,56.23017,52.5172,,1.553235,3.658673,-6.045357,13.48888,1,2020-09-09,23:52:03  9 Sep 2020,40000
2020,President,Trump,Biden,,47,0.000775,0.0424189,0.95315,0.04685,,0.2653045,0.9834579,0.9970429,0.0621355,57.54821,41.3352,,1.11659,51.58707,35.36552,,0.601844,63.51673,47.27356,,1.690006,16.21301,4.335188,28.12676,1,2020-09-09,23:52:03  9 Sep 2020,40000
2020,President,Trump,Biden,,46,0.000125,0.0438779,0.964575,0.035425,,0.2619807,0.9738885,0.9963529,0.0465257,59.5233,38.96817,,1.508533,52.60529,32.15804,,0.8064787,66.36583,45.87144,,2.29503,20.55512,6.78261,34.17906,1,2020-09-09,23:52:03  9 Sep 2020,40000
2020,President,Trump,Biden,,45,0.0011125,0.0721644,0.872075,0.127925,,0.2899407,0.9939418,0.9969443,0.171471,53.77344,45.32062,,0.9059464,48.95003,40.53238,,0.4909573,58.57043,50.14272,,1.36639,8.452819,-1.170216,18.02008,1,2020-09-09,23:52:03  9 Sep 2020,40000
2020,President,Trump,Biden,,44,0.0003875,0.1182526,0.0127,0.9873,,0.9114173,0.7499747,0.0456382,0.9985503,37.45176,61.09076,,1.457478,31.13228,54.7181,,0.7799079,43.80513,67.4209,,2.216053,-23.63901,-36.27745,-10.93957,1,2020-09-09,23:52:03  9 Sep 2020,40000
2020,President,Trump,Biden,,56,0.0,0.0,0.998325,0.001675,,0.2540005,0.9701493,0.9998029,0.0021914,68.3718,28.1851,,3.4431,61.61311,21.6735,,1.793931,75.01269,34.82784,,5.314786,40.1867,26.97731,53.15134,1,2020-09-09,23:52:03  9 Sep 2020,40000
2020,President,Trump,Biden,,41,0.0066,0.4458356,0.079325,0.920675,,0.720769,0.7815733,0.2254312,0.9703988,41.52709,56.04467,,2.42824,35.03522,49.44419,,1.279681,48.09328,62.57623,,3.724789,-14.51759,-27.47208,-1.467922,1,2020-09-09,23:52:03  9 Sep 2020,40000
2020,President,Trump,Biden,,39,0.0256875,0.6419878,0.558975,0.441025,,0.4516302,0.9973357,0.9953672,0.5931695,50.02511,48.92948,,1.045417,45.10673,44.00895,,0.5644576,54.9581,53.83898,,1.580522,1.095631,-8.714016,10.95728,1,2020-09-09,23:52:03  9 Sep 2020,40000
2020,President,Trump,Biden,,38,6.25e-05,0.024257,0.988675,0.011325,,0.2563532,0.9845474,0.99931,0.0150366,60.73943,36.54208,,2.718492,54.52682,30.42361,,1.427546,66.92543,42.68047,,4.178196,24.19735,11.93731,36.41446,1,2020-09-09,23:52:03  9 Sep 2020,40000
2020,President,Trump,Biden,,37,0.051925,1.473708,0.456475,0.543525,,0.5327784,0.9800837,0.958896,0.7183844,49.21736,49.99917,,0.7834702,44.49616,45.26941,,0.4261152,53.93477,54.70428,,1.178953,-0.7818162,-10.19597,8.655806,1,2020-09-09,23:52:03  9 Sep 2020,40000
2020,President,Trump,Biden,,36,0.0006,0.0112265,0.001575,0.998425,,0.8888889,0.7425195,0.00552,0.999764,36.52546,62.39413,,1.08042,31.65947,57.4677,,0.5828542,41.40742,67.26468,,1.634307,-25.86867,-35.60548,-16.06476,1,2020-09-09,23:52:03  9 Sep 2020,40000
2020,President,Trump,Biden,,35,0.0077125,1.348626,0.068375,0.931625,,0.8819013,0.7874681,0.2377526,0.9893463,42.59291,55.47922,,1.927868,37.15019,49.94687,,1.023305,48.08475,60.95403,,2.945558,-12.88631,-23.78092,-1.885107,1,2020-09-09,23:52:03  9 Sep 2020,40000
2020,President,Trump,Biden,,34,0.007175,0.2628624,0.033075,0.966925,,0.7460318,0.758306,0.0972893,0.9888068,40.50168,58.64716,,0.8511571,34.52195,52.60756,,0.4619889,46.54402,64.65154,,1.282522,-18.14548,-30.11077,-6.063723,1,2020-09-09,23:52:03  9 Sep 2020,40000
2020,President,Trump,Biden,,33,0.0163375,3.037352,0.262,0.738,,0.7071565,0.902168,0.7305076,0.8978794,46.10247,52.83445,,1.063086,39.18099,45.92208,,0.5737463,53.03148,59.77061,,1.607647,-6.731976,-20.57652,7.094316,1,2020-09-09,23:52:03  9 Sep 2020,40000
2020,President,Trump,Biden,,32,0.03095,3.583941,0.20055,0.79945,,0.833084,0.8866096,0.6587481,0.9558679,45.79325,52.33231,,1.874439,40.77061,47.24796,,0.9957812,50.88303,57.37112,,2.862583,-6.539058,-16.55672,3.579615,1,2020-09-09,23:52:03  9 Sep 2020,40000
2020,President,Trump,Biden,,31,0.0,0.0,0.985725,0.014275,,0.2571965,0.9929947,0.9996057,0.019116,58.44406,39.73294,,1.822991,53.21797,34.55618,,0.9662834,63.66568,44.94641,,2.78422,18.71112,8.296926,29.06059,1,2020-09-09,23:52:03  9 Sep 2020,40000
2020,President,Trump,Biden,,40,6.25e-05,0.0062157,0.99275,0.00725,,0.2552506,0.9689655,0.9991128,0.0094737,62.92558,35.88457,,1.189851,56.93095,29.96394,,0.6402407,68.8567,41.87263,,1.802911,27.04101,15.06957,38.86612,1,2020-09-09,23:52:03  9 Sep 2020,40000
2020,President,Trump,Biden,,21,0.0002125,0.0166075,0.976875,0.023125,,0.2889571,0.9913514,0.999292,0.032206,59.25873,39.53637,,1.204897,53.31216,33.66673,,0.6435848,65.14101,45.45396,,1.840039,19.72236,7.858574,31.44195,1,2020-09-08,22:02:02  8 Sep 2020,40000
2020,President,Trump,Biden,,17,0.0005125,0.0131037,0.004975,0.995025,,0.9798995,0.7153087,0.0172582,0.9998946,38.91118,59.53106,,1.557757,34.14996,54.71023,,0.8261229,43.73447,64.32318,,2.389436,-20.61988,-30.14429,-11.01672,1,2020-09-08,22:02:02  8 Sep 2020,40000
2020,President,Trump,Biden,,18,0.0001,0.0051684,0.9548,0.0452,,0.2957687,0.9983407,0.9997345,0.0633934,56.10741,42.4791,,1.413494,50.99411,37.44511,,0.7516797,61.14967,47.60227,,2.164366,13.62831,3.436802,23.66748,1,2020-09-08,22:02:02  8 Sep 2020,40000
2020,President,Trump,Biden,,19,0.003825,0.3491393,0.679575,0.320425,,0.4143398,0.9971913,0.9968139,0.4488814,51.22894,47.36246,,1.408597,45.85355,41.92665,,0.7491478,56.6855,52.76227,,2.156735,3.866472,-6.878891,14.69451,1,2020-09-08,22:02:02  8 Sep 2020,40000
2020,President,Trump,Biden,,20,0.000175,0.0195237,0.928225,0.071775,,0.3041289,0.9975618,0.9993805,0.1005865,55.06028,43.02629,,1.913422,49.8318,37.85001,,1.008714,60.27087,48.2365,,2.945636,12.03399,1.649029,22.36012,1,2020-09-08,22:02:02  8 Sep 2020,40000
2020,President,Trump,Biden,,26,0.0659,1.860248,0.173975,0.826025,,0.9560282,0.8528192,0.5888132,0.9896393,45.94759,52.8907,,1.161715,41.17187,48.10464,,0.6211225,50.72281,57.66576,,1.773043,-6.943113,-16.48244,2.608025,1,2020-09-08,22:02:02  8 Sep 2020,40000
2020,President,Trump,Biden,,22,0.0011875,0.0836058,0.923525,0.076475,,0.3021846,0.9529258,0.9879636,0.1023777,57.19788,41.94032,,0.8618026,50.4314,35.24418,,0.464338,63.88992,48.69116,,1.309083,15.25756,1.742056,28.65109,1,2020-09-08,22:02:02  8 Sep 2020,40000
2020,President,Trump,Biden,,23,0.00625,1.16867,0.216575,0.783425,,0.7263073,0.8335195,0.5568634,0.9173603,45.09282,53.34734,,1.559841,38.21912,46.50444,,0.8270462,51.95063,60.23319,,2.391647,-8.254527,-22.01678,5.428841,1,2020-09-08,22:02:02  8 Sep 2020,40000
2020,President,Trump,Biden,,24,0.0002625,0.0132358,0.001675,0.998325,,0.7313433,0.7125686,0.0043367,0.9993678,35.75422,62.87098,,1.374808,30.72253,57.7459,,0.7316691,40.83421,67.94823,,2.104105,-27.11676,-37.19068,-16.92475,1,2020-09-08,22:02:02  8 Sep 2020,40000
2020,President,Trump,Biden,,25,0.0003,0.0126906,0.002375,0.997625,,0.8210526,0.7131187,0.0069033,0.999438,33.40066,64.98788,,1.611463,27.27811,58.723,,0.8537655,39.61249,71.11653,,2.473494,-31.58722,-43.84339,-19.16742,1,2020-09-08,22:02:02  8 Sep 2020,40000
2020,President,Trump,Biden,,15,0.0004875,0.1628762,0.013375,0.986625,,0.5570093,0.7155201,0.026374,0.9917465,32.52017,65.59533,,1.884494,24.38992,57.13261,,0.9939077,40.96626,73.76222,,2.900439,-33.07516,-49.37579,-16.23018,1,2020-09-08,22:02:02  8 Sep 2020,40000
2020,President,Trump,Biden,,16,0.0,0.0,0.994675,0.005325,,0.283937,0.9906103,0.999823,0.0074105,62.31107,34.72775,,2.96118,56.19465,28.81987,,1.540274,68.29764,40.72293,,4.594832,27.58332,15.58827,39.39429,1,2020-09-08,22:02:02  8 Sep 2020,40000
2020,President,Trump,Biden,,09,0.0008625,0.0761358,0.016675,0.983325,,0.928036,0.7226756,0.0547836,0.9983142,40.18696,58.85843,,0.9546096,34.81664,53.40721,,0.5130037,45.64233,64.25351,,1.452499,-18.67147,-29.42964,-7.767565,1,2020-09-08,22:02:02  8 Sep 2020,40000
2020,President,Trump,Biden,,13,0.01795,0.592907,0.68425,0.31575,,0.4070515,0.9866192,0.9860165,0.4376427,51.18181,47.96357,,0.8546211,46.77931,43.58418,,0.4605655,55.57728,52.37038,,1.298016,3.218246,-5.545698,11.97456,1,2020-09-08,22:02:02  8 Sep 2020,40000
2020,President,Trump,Biden,,12,0.1410125,1.975753,0.4502,0.5498,,0.6060085,0.981948,0.9658377,0.7584378,49.12598,50.06706,,0.8069567,44.22397,45.16362,,0.435503,54.02872,54.97466,,1.224432,-0.9410719,-10.73453,8.852375,1,2020-09-08,22:02:02  8 Sep 2020,40000
2020,President,Trump,Biden,,11,0.0,0.0,0.0,1.0,,,0.711825,0.0,1.0,5.844188,90.57946,,3.576352,3.247415,87.15182,,1.848622,8.600255,93.76108,,5.568523,-84.73528,-90.2749,-78.91863,1,2020-09-08,22:02:02  8 Sep 2020,40000
2020,President,Trump,Biden,,10,3.75e-05,0.0117351,0.002325,0.997675,,0.9139785,0.7132834,0.0075228,0.999719,38.76804,60.07471,,1.157252,34.3018,55.58023,,0.6187987,43.26492,64.54808,,1.766121,-21.30667,-30.22906,-12.33799,1,2020-09-08,22:02:02  8 Sep 2020,40000
2020,President,Trump,Biden,,08,0.0211625,1.028211,0.14145,0.85855,,0.8589607,0.8064761,0.4301265,0.972711,44.4646,53.61587,,1.919535,39.0196,48.1453,,1.011845,49.96828,59.0817,,2.955187,-9.151275,-20.01251,1.764452,1,2020-09-08,22:02:02  8 Sep 2020,40000
2020,President,Trump,Biden,,06,0.001925,0.0190106,0.00335,0.99665,,0.7014925,0.7132143,0.0083193,0.9985952,34.66705,63.36463,,1.968317,29.03745,57.59608,,1.036821,40.38263,69.0284,,3.031433,-28.69758,-39.94784,-17.29832,1,2020-09-08,22:02:02  8 Sep 2020,40000
2020,President,Trump,Biden,,05,0.0003875,0.0485247,0.936875,0.063125,,0.300547,0.9853466,0.9968139,0.087381,56.62045,41.73248,,1.647071,50.49413,35.68388,,0.8720835,62.66655,47.87632,,2.529258,14.88798,2.642488,26.96166,1,2020-09-08,22:02:02  8 Sep 2020,40000
2020,President,Trump,Biden,,04,0.065775,3.327445,0.3879,0.6121,,0.6197473,0.9245222,0.8510488,0.7949988,48.12731,50.4963,,1.376389,42.61874,44.96268,,0.7324874,53.66229,55.99886,,2.106565,-2.368988,-13.35332,8.691746,1,2020-09-08,22:02:02  8 Sep 2020,40000
2020,President,Trump,Biden,,02,0.002525,1.150363,0.806625,0.193375,,0.3404618,0.9586296,0.9722099,0.2604221,53.36051,44.35524,,2.284257,46.47092,37.42795,,1.197928,60.29829,51.24095,,3.527206,9.005274,-4.716385,22.81826,1,2020-09-08,22:02:02  8 Sep 2020,40000
2020,President,Trump,Biden,,01,0.0005,0.0326418,0.979575,0.020425,,0.2877779,0.9718482,0.9979644,0.0278861,59.94427,39.25865,,0.7970857,54.06495,33.46738,,0.4303067,65.74318,45.1198,,1.209218,20.68562,8.950012,32.27235,1,2020-09-08,22:02:02  8 Sep 2020,40000
2020,President,Trump,Biden,,29,0.0010125,0.0510778,0.897125,0.102875,,0.3143653,0.9953827,0.9984069,0.1438556,54.51394,44.01597,,1.470097,49.16461,38.73643,,0.780925,59.80066,49.35986,,2.252483,10.49796,-0.1839733,21.03717,1,2020-09-08,22:02:02  8 Sep 2020,40000
2020,President,Trump,Biden,,27,0.0689625,3.200179,0.227875,0.772125,,0.8535381,0.8802007,0.6885565,0.9547642,46.44635,52.06897,,1.484686,41.55595,47.1531,,0.7884498,51.3553,56.96889,,2.275244,-5.622624,-15.38783,4.161945,1,2020-09-08,22:02:02  8 Sep 2020,40000
2020,President,Trump,Biden,,28,0.00295,0.3449257,0.87585,0.12415,,0.3126391,0.9281111,0.9693778,0.1618727,55.82859,43.40072,,0.7706957,48.83008,36.45081,,0.4163955,62.7944,50.39575,,1.168563,12.42787,-1.586296,26.34575,1,2020-09-08,22:02:02  8 Sep 2020,40000
2020,President,Trump,Biden,,56,1.25e-05,0.0062018,0.998525,0.001475,,0.2828923,1.0,1.0,0.0020721,68.44894,28.09287,,3.458191,61.63193,21.64409,,1.789606,75.11958,34.68572,,5.381276,40.35607,27.13291,53.36898,1,2020-09-08,22:02:02  8 Sep 2020,40000
2020,President,Trump,Biden,,42,0.3194375,7.242454,0.308725,0.691275,,0.8416876,0.9646667,0.9199044,0.9368173,47.884,51.35999,,0.7560142,43.37901,46.83479,,0.4086573,52.43256,55.86807,,1.145975,-3.475996,-12.47866,5.616716,1,2020-09-08,22:02:02  8 Sep 2020,40000
2020,President,Trump,Biden,,30,0.00085,0.2378975,0.88155,0.11845,,0.3174806,0.9774166,0.9907957,0.1626453,55.00486,42.86866,,2.126483,48.35442,36.26939,,1.1176,61.61154,49.50032,,3.279576,12.13621,-1.115845,25.27845,1,2020-09-08,22:02:02  8 Sep 2020,40000
2020,President,Trump,Biden,,55,0.0669625,3.118141,0.22565,0.77435,,0.8908708,0.8886808,0.7116559,0.9667404,46.56985,52.43417,,0.9959839,41.53246,47.39564,,0.5346449,51.6084,57.47432,,1.516495,-5.864324,-15.92983,4.199244,1,2020-09-08,22:02:02  8 Sep 2020,40000
2020,President,Trump,Biden,,54,6.25e-05,0.0135717,0.992675,0.007325,,0.2844083,0.9795222,0.999469,0.0100797,66.16772,31.98064,,1.851643,58.77901,24.76569,,0.9770838,73.41955,39.38713,,2.849128,34.18708,19.42113,48.61259,1,2020-09-08,22:02:02  8 Sep 2020,40000
2020,President,Trump,Biden,,53,0.0014625,0.0584369,0.012175,0.987825,,0.7474332,0.7175107,0.0322152,0.9957153,36.83138,60.87539,,2.293227,30.71476,54.58819,,1.202489,43.06297,67.02504,,3.541317,-24.04401,-36.2259,-11.58724,1,2020-09-08,22:02:02  8 Sep 2020,40000
2020,President,Trump,Biden,,51,0.0107125,0.3639647,0.05945,0.94055,,0.970143,0.7550104,0.2041774,0.9976118,44.04635,54.90092,,1.052734,39.65447,50.44131,,0.5643216,48.48274,59.32797,,1.604195,-10.85457,-19.65318,-1.945112,1,2020-09-08,22:02:02  8 Sep 2020,40000
2020,President,Trump,Biden,,50,0.0003125,0.1384211,0.00855,0.99145,,0.628655,0.7147864,0.0190282,0.9955748,31.32001,65.92508,,2.754909,23.41042,57.70871,,1.43631,39.46607,73.88246,,4.269087,-34.60506,-50.40516,-18.34117,1,2020-09-08,22:02:02  8 Sep 2020,40000
2020,President,Trump,Biden,,49,0.0005125,0.058255,0.952925,0.047075,,0.2950914,0.9729156,0.9954863,0.0643417,56.88785,39.74145,,3.370705,50.49329,33.46449,,1.745854,63.22278,46.10703,,5.242546,17.1464,4.565462,29.63316,1,2020-09-08,22:02:02  8 Sep 2020,40000
2020,President,Trump,Biden,,47,0.0004625,0.0249446,0.95615,0.04385,,0.2948282,0.9868871,0.9979644,0.0607944,57.68081,41.20397,,1.115217,51.72359,35.34988,,0.5969149,63.53175,47.14153,,1.700951,16.47684,4.585127,28.15409,1,2020-09-08,22:02:02  8 Sep 2020,40000
2020,President,Trump,Biden,,46,0.0002125,0.0774939,0.967875,0.032125,,0.29105,0.9758755,0.9972564,0.0440417,59.64714,38.83815,,1.514711,52.78923,32.08416,,0.8039241,66.43633,45.66347,,2.322108,20.80899,7.162258,34.35607,1,2020-09-08,22:02:02  8 Sep 2020,40000
2020,President,Trump,Biden,,45,0.0013875,0.0898081,0.878875,0.121125,,0.320751,0.99484,0.9979644,0.1692832,53.92064,45.17265,,0.9067163,49.10246,40.37293,,0.487909,58.7266,49.99473,,1.378423,8.747994,-0.9041958,18.34863,1,2020-09-08,22:02:02  8 Sep 2020,40000
2020,President,Trump,Biden,,44,0.0003,0.0908896,0.013525,0.986475,,0.9316081,0.7206467,0.0446057,0.9987005,37.67392,60.86267,,1.463415,31.31686,54.44775,,0.7774744,44.0893,67.22182,,2.242075,-23.18876,-35.87312,-10.37943,1,2020-09-08,22:02:02  8 Sep 2020,40000
2020,President,Trump,Biden,,48,0.014825,0.2236852,0.7228,0.2772,,0.3902186,0.9984668,0.9984955,0.3888245,51.69803,47.2952,,1.006769,46.82453,42.42512,,0.5402822,56.55856,52.16582,,1.533192,4.402828,-5.35076,14.12933,1,2020-09-08,22:02:02  8 Sep 2020,40000
2020,President,Trump,Biden,,41,0.0067125,0.4477801,0.08655,0.91345,,0.7403235,0.7548853,0.2268342,0.9687072,41.68255,55.87855,,2.438901,35.14133,49.17048,,1.276521,48.38029,62.485,,3.770454,-14.196,-27.25631,-0.9001904,1,2020-09-08,22:02:02  8 Sep 2020,40000
2020,President,Trump,Biden,,35,0.0072875,1.273526,0.07285,0.92715,,0.9015099,0.760179,0.2324985,0.990131,42.73298,55.34658,,1.920442,37.21996,49.83229,,1.01231,48.25303,60.90132,,2.956604,-12.6136,-23.60674,-1.618288,1,2020-09-08,22:02:02  8 Sep 2020,40000
2020,President,Trump,Biden,,40,5e-05,0.0050803,0.9925,0.0075,,0.2844836,0.9833333,0.9995575,0.0103607,63.07902,35.71259,,1.208393,57.14556,29.83127,,0.645401,68.96381,41.64738,,1.845466,27.36644,15.53128,39.10521,1,2020-09-08,22:02:02  8 Sep 2020,40000
2020,President,Trump,Biden,,32,0.0277125,3.202015,0.2115,0.7885,,0.8514184,0.8633798,0.63749,0.9563797,45.94464,52.19134,,1.864025,40.89899,47.09093,,0.9834266,51.04852,57.25211,,2.868467,-6.246701,-16.27814,3.891237,1,2020-09-08,22:02:02  8 Sep 2020,40000
2020,President,Trump,Biden,,33,0.01895,3.526677,0.270475,0.729525,,0.7361124,0.8793736,0.7048411,0.9012398,46.24607,52.69385,,1.060079,39.31474,45.79147,,0.5681596,53.15705,59.61017,,1.615541,-6.447783,-20.29019,7.342585,1,2020-09-08,22:02:02  8 Sep 2020,40000
2020,President,Trump,Biden,,34,0.007525,0.2734289,0.03505,0.96495,,0.7631955,0.7291828,0.0946986,0.9884803,40.6267,58.5243,,0.8490028,34.56135,52.42596,,0.4576136,46.72404,64.6021,,1.289351,-17.8976,-30.04577,-5.70195,1,2020-09-08,22:02:02  8 Sep 2020,40000
2020,President,Trump,Biden,,31,1.25e-05,0.0021189,0.9861,0.0139,,0.2864314,0.9982014,0.9999115,0.0194922,58.57297,39.60516,,1.821869,53.38173,34.46249,,0.9607404,63.74352,44.77943,,2.807013,18.96781,8.671295,29.23349,1,2020-09-08,22:02:02  8 Sep 2020,40000
2020,President,Trump,Biden,,36,0.00055,0.0101504,0.0015,0.9985,,0.9333333,0.7127942,0.0049562,0.9998595,36.66962,62.25481,,1.075573,31.77942,57.32244,,0.5762517,41.60422,67.11742,,1.639526,-25.58519,-35.33504,-15.73088,1,2020-09-08,22:02:02  8 Sep 2020,40000
2020,President,Trump,Biden,,37,0.059875,1.703127,0.478275,0.521725,,0.5671423,0.9778619,0.9602619,0.7167141,49.42068,49.79369,,0.7856227,44.7516,45.05835,,0.4242658,54.15147,54.46638,,1.191555,-0.3730061,-9.700356,9.095469,1,2020-09-08,22:02:02  8 Sep 2020,40000
2020,President,Trump,Biden,,38,7.5e-05,0.0345797,0.989325,0.010675,,0.2853966,0.9882904,0.9995575,0.0148211,60.8468,36.44314,,2.710056,54.62741,30.32505,,1.41367,67.04534,42.61291,,4.198199,24.40366,12.09349,36.58948,1,2020-09-08,22:02:02  8 Sep 2020,40000
2020,President,Trump,Biden,,39,0.0337,0.8449779,0.569675,0.430325,,0.4937464,0.996979,0.9957519,0.6027113,50.11858,48.8385,,1.042919,45.19453,43.93793,,0.559191,55.03591,53.77802,,1.589034,1.280085,-8.598587,11.08194,1,2020-09-08,22:02:02  8 Sep 2020,40000
2020,President,Trump,Biden,,16,6.25e-05,0.011312,0.994375,0.005625,,0.2864362,0.9911111,0.9998245,0.0078491,62.35313,34.68418,,2.962696,56.19464,28.67711,,1.54817,68.42549,40.74778,,4.572712,27.66895,15.54622,39.65788,1,2020-09-07,21:01:02  7 Sep 2020,40000
2020,President,Trump,Biden,,27,0.0686625,3.19179,0.233225,0.766775,,0.8424268,0.8802126,0.6896884,0.9502305,46.51875,52.00052,,1.480738,41.58128,47.08909,,0.7901601,51.4362,56.93889,,2.258427,-5.481772,-15.32511,4.302649,1,2020-09-07,21:01:02  7 Sep 2020,40000
2020,President,Trump,Biden,,26,0.0707125,1.994394,0.17505,0.82495,,0.9558697,0.8521122,0.5873629,0.9896871,45.97526,52.88078,,1.143963,41.18565,48.08866,,0.6147434,50.7494,57.67412,,1.737563,-6.905523,-16.46054,2.624487,1,2020-09-07,21:01:02  7 Sep 2020,40000
2020,President,Trump,Biden,,25,0.0001375,0.0058441,0.002825,0.997175,,0.761062,0.7116103,0.0075472,0.9990497,33.43764,64.95195,,1.610403,27.28734,58.6563,,0.8573235,39.7191,71.15552,,2.459572,-31.51431,-43.85843,-18.96236,1,2020-09-07,21:01:02  7 Sep 2020,40000
2020,President,Trump,Biden,,24,0.000325,0.0173653,0.0023,0.9977,,0.6739131,0.7111607,0.005441,0.998944,35.73718,62.88531,,1.377515,30.70939,57.76449,,0.7365206,40.83829,67.91803,,2.09851,-27.14813,-37.19003,-16.95686,1,2020-09-07,21:01:02  7 Sep 2020,40000
2020,President,Trump,Biden,,23,0.0058875,1.10099,0.2205,0.7795,,0.7270975,0.8347017,0.5627907,0.9160537,45.17682,53.24701,,1.576181,38.27252,46.34163,,0.8396924,52.10527,60.15101,,2.407337,-8.07019,-21.84925,5.72946,1,2020-09-07,21:01:02  7 Sep 2020,40000
2020,President,Trump,Biden,,22,0.0017375,0.1223673,0.9231,0.0769,,0.3044361,0.9483095,0.9864853,0.1026715,57.20599,41.93638,,0.8576298,50.4921,35.31486,,0.4642838,63.85453,48.65305,,1.296887,15.26961,1.865673,28.53162,1,2020-09-07,21:01:02  7 Sep 2020,40000
2020,President,Trump,Biden,,21,0.0003625,0.0268563,0.9766,0.0234,,0.2912144,0.9797009,0.9983326,0.0322762,59.35941,39.44376,,1.19683,53.31137,33.49445,,0.6423595,65.30504,45.46567,,1.819232,19.91566,7.881464,31.80142,1,2020-09-07,21:01:02  7 Sep 2020,40000
2020,President,Trump,Biden,,20,0.0001875,0.022282,0.930025,0.069975,,0.3061477,0.9978564,0.9994735,0.098307,55.13997,42.95452,,1.905517,49.88453,37.74814,,1.009445,60.37997,48.21751,,2.918316,12.18544,1.736408,22.57164,1,2020-09-07,21:01:02  7 Sep 2020,40000
2020,President,Trump,Biden,,19,0.003275,0.2953904,0.6861,0.3139,,0.414116,0.9975311,0.9973673,0.4408504,51.33973,47.2624,,1.397874,45.87305,41.84206,,0.7471037,56.7821,52.74215,,2.130028,4.077325,-6.840115,14.93601,1,2020-09-07,21:01:02  7 Sep 2020,40000
2020,President,Trump,Biden,,18,0.000125,0.0062572,0.9557,0.0443,,0.2980276,0.9988713,0.9998245,0.0622998,56.17961,42.41383,,1.406563,51.06863,37.32976,,0.7516205,61.25714,47.53305,,2.143484,13.76578,3.556801,23.88904,1,2020-09-07,21:01:02  7 Sep 2020,40000
2020,President,Trump,Biden,,17,0.00085,0.0215224,0.004825,0.995175,,0.9585492,0.7135177,0.0162352,0.9997184,38.92838,59.51298,,1.558638,34.11082,54.63773,,0.8305339,43.78862,64.34611,,2.379248,-20.5846,-30.17984,-10.88039,1,2020-09-07,21:01:02  7 Sep 2020,40000
2020,President,Trump,Biden,,28,0.00275,0.3199211,0.8767,0.1233,,0.3135337,0.9168694,0.9648969,0.1591637,55.82412,43.40826,,0.767616,48.85457,36.59766,,0.4166872,62.63451,50.38004,,1.15872,12.41586,-1.511522,26.01595,1,2020-09-07,21:01:02  7 Sep 2020,40000
2020,President,Trump,Biden,,15,0.00055,0.1816769,0.013925,0.986075,,0.5601436,0.7141445,0.0273804,0.991447,32.56503,65.55005,,1.884926,24.35682,57.14754,,0.9988585,40.93846,73.76941,,2.886263,-32.98502,-49.41523,-16.2355,1,2020-09-07,21:01:02  7 Sep 2020,40000
2020,President,Trump,Biden,,13,0.015775,0.5190665,0.6863,0.3137,,0.4095512,0.9868505,0.9866608,0.4358523,51.20918,47.93833,,0.8524952,46.7947,43.51345,,0.461572,55.62641,52.34475,,1.289006,3.270849,-5.551073,12.08091,1,2020-09-07,21:01:02  7 Sep 2020,40000
2020,President,Trump,Biden,,12,0.1641625,2.290605,0.42595,0.57405,,0.6412138,0.9787475,0.9587538,0.7910317,48.88359,50.29957,,0.8168371,43.931,45.3504,,0.4427331,53.8298,55.26067,,1.234245,-1.415977,-11.31054,8.483589,1,2020-09-07,21:01:02  7 Sep 2020,40000
2020,President,Trump,Biden,,11,0.0,0.0,0.0,1.0,,,0.710275,0.0,1.0,5.811866,90.60986,,3.578272,3.215702,87.20568,,1.857968,8.546509,93.7905,,5.542239,-84.798,-90.31552,-78.98421,1,2020-09-07,21:01:02  7 Sep 2020,40000
2020,President,Trump,Biden,,10,0.0001,0.0315146,0.00235,0.99765,,0.9787234,0.711898,0.0080737,0.9999296,38.78191,60.06234,,1.155754,34.29258,55.573,,0.6209058,43.27417,64.56596,,1.755789,-21.28042,-30.27584,-12.30434,1,2020-09-07,21:01:02  7 Sep 2020,40000
2020,President,Trump,Biden,,09,0.0004875,0.0431884,0.017075,0.982925,,0.9267936,0.7213674,0.0555507,0.9982753,40.23625,58.8075,,0.9562501,34.81068,53.29708,,0.5162746,45.72421,64.25027,,1.448417,-18.57124,-29.42502,-7.596596,1,2020-09-07,21:01:02  7 Sep 2020,40000
2020,President,Trump,Biden,,08,0.0233125,1.135308,0.14195,0.85805,,0.8640366,0.8060719,0.4305397,0.9737778,44.50223,53.5786,,1.919164,39.00132,48.08089,,1.01646,49.97852,59.06536,,2.939564,-9.07637,-19.99016,1.862503,1,2020-09-07,21:01:02  7 Sep 2020,40000
2020,President,Trump,Biden,,06,0.002075,0.0203522,0.00315,0.99685,,0.6904762,0.7115414,0.0076349,0.9986273,34.67048,63.35912,,1.970404,29.00108,57.62187,,1.042783,40.39929,69.05743,,3.019333,-28.68865,-40.01941,-17.26574,1,2020-09-07,21:01:02  7 Sep 2020,40000
2020,President,Trump,Biden,,05,0.0004125,0.0516644,0.9369,0.0631,,0.3029939,0.9841521,0.9964897,0.0874309,56.67086,41.68889,,1.640243,50.49292,35.58947,,0.8727407,62.80053,47.83938,,2.505887,14.98197,2.674137,27.18696,1,2020-09-07,21:01:02  7 Sep 2020,40000
2020,President,Trump,Biden,,04,0.061925,3.119653,0.397975,0.602025,,0.6124128,0.927121,0.8555507,0.7858224,48.21656,50.40593,,1.377515,42.65798,44.84026,,0.7365206,53.76245,55.97416,,2.09851,-2.189374,-13.29262,8.896532,1,2020-09-07,21:01:02  7 Sep 2020,40000
2020,President,Trump,Biden,,02,0.0021625,0.9666547,0.8071,0.1929,,0.3436997,0.9608606,0.9737604,0.2609553,53.42046,44.30338,,2.276155,46.47405,37.49983,,1.199348,60.24318,51.21381,,3.496512,9.117077,-4.645277,22.68266,1,2020-09-07,21:01:02  7 Sep 2020,40000
2020,President,Trump,Biden,,01,0.000375,0.0243452,0.9796,0.0204,,0.2899398,0.9571078,0.9970163,0.0274894,59.96668,39.23947,,0.7938522,54.13593,33.42202,,0.4305764,65.80694,45.05815,,1.198975,20.72721,9.084217,32.36751,1,2020-09-07,21:01:02  7 Sep 2020,40000
2020,President,Trump,Biden,,29,0.00075,0.0381737,0.90325,0.09675,,0.3147246,0.99354,0.9978938,0.1353349,54.72284,43.8143,,1.462862,49.34089,38.48637,,0.7808849,60.06937,49.21695,,2.230707,10.90855,0.1754398,21.55929,1,2020-09-07,21:01:02  7 Sep 2020,40000
2020,President,Trump,Biden,,35,0.0076875,1.335671,0.0733,0.9267,,0.9103001,0.7596579,0.2342255,0.9911302,42.75548,55.3234,,1.921122,37.23621,49.81094,,1.017466,48.25647,60.81886,,2.942613,-12.56792,-23.53881,-1.604393,1,2020-09-07,21:01:02  7 Sep 2020,40000
2020,President,Trump,Biden,,30,0.00125,0.340572,0.8837,0.1163,,0.3189996,0.9737747,0.9895568,0.1594453,55.08712,42.79675,,2.116127,48.41598,36.20569,,1.117518,61.69645,49.46222,,3.24672,12.29037,-0.9934082,25.46744,1,2020-09-07,21:01:02  7 Sep 2020,40000
2020,President,Trump,Biden,,44,0.00025,0.0777121,0.013475,0.986525,,0.9239332,0.7189377,0.0437034,0.9985569,37.7051,60.83064,,1.464258,31.33691,54.36551,,0.7816096,44.16896,67.17708,,2.232871,-23.12553,-35.81158,-10.25148,1,2020-09-07,21:01:02  7 Sep 2020,40000
2020,President,Trump,Biden,,31,1.25e-05,0.0018986,0.985275,0.014725,,0.2891071,0.9983022,0.9999123,0.0206962,58.64315,39.53814,,1.81872,53.36585,34.35663,,0.963854,63.85577,44.81084,,2.786388,19.10501,8.594513,29.43432,1,2020-09-07,21:01:02  7 Sep 2020,40000
2020,President,Trump,Biden,,55,0.07205,3.363286,0.2351,0.7649,,0.8834538,0.8942345,0.7290917,0.9630073,46.67851,52.32462,,0.9968693,41.63702,47.24255,,0.537632,51.76287,57.39246,,1.510924,-5.646102,-15.74801,4.498135,1,2020-09-07,21:01:02  7 Sep 2020,40000
2020,President,Trump,Biden,,54,6.25e-05,0.0118053,0.992975,0.007025,,0.2865883,0.9537367,0.9989469,0.009433,66.25256,31.89561,,1.851822,58.77503,24.59521,,0.9818293,73.59241,39.35305,,2.834744,34.35696,19.47515,48.96664,1,2020-09-07,21:01:02  7 Sep 2020,40000
2020,President,Trump,Biden,,53,0.0010375,0.0407,0.011225,0.988775,,0.7505568,0.7155572,0.0295744,0.9961283,36.8717,60.83548,,2.292822,30.76894,54.68822,,1.207858,43.02892,67.0097,,3.522581,-23.96378,-36.18901,-11.71305,1,2020-09-07,21:01:02  7 Sep 2020,40000
2020,President,Trump,Biden,,51,0.0123125,0.414328,0.062775,0.937225,,0.9737157,0.7561685,0.2145678,0.9977825,44.09256,54.85704,,1.050399,39.68219,50.42078,,0.5657288,48.53684,59.2982,,1.593351,-10.76448,-19.5993,-1.913898,1,2020-09-07,21:01:02  7 Sep 2020,40000
2020,President,Trump,Biden,,50,0.0001875,0.0862296,0.0087,0.9913,,0.6350574,0.713331,0.0193945,0.9955651,31.36234,65.88104,,2.756621,23.46081,57.74694,,1.443799,39.47933,73.85013,,4.249165,-34.5187,-50.30414,-18.32882,1,2020-09-07,21:01:02  7 Sep 2020,40000
2020,President,Trump,Biden,,49,0.0008,0.0929364,0.952325,0.047675,,0.2978238,0.9732564,0.9956121,0.0653268,56.93227,39.69678,,3.370948,50.45058,33.34531,,1.753931,63.38302,46.15593,,5.215273,17.23548,4.469086,29.89633,1,2020-09-07,21:01:02  7 Sep 2020,40000
2020,President,Trump,Biden,,47,0.0007375,0.0387794,0.956525,0.043475,,0.2969604,0.9804485,0.997104,0.060012,57.73849,41.1527,,1.108809,51.72933,35.22439,,0.5963421,63.68745,47.15813,,1.683351,16.5858,4.598549,28.43748,1,2020-09-07,21:01:02  7 Sep 2020,40000
2020,President,Trump,Biden,,46,0.0001,0.0353542,0.967225,0.032775,,0.2936493,0.9740656,0.9970163,0.0449474,59.71597,38.76844,,1.51559,52.77071,31.88089,,0.8082317,66.61438,45.70229,,2.31249,20.94753,7.086618,34.69808,1,2020-09-07,21:01:02  7 Sep 2020,40000
2020,President,Trump,Biden,,45,0.0016875,0.1074886,0.8783,0.1217,,0.3229534,0.9897289,0.9956999,0.1695822,53.95708,45.1422,,0.9007081,49.09779,40.31573,,0.4870136,58.77473,49.99098,,1.363028,8.81488,-0.8896294,18.45099,1,2020-09-07,21:01:02  7 Sep 2020,40000
2020,President,Trump,Biden,,48,0.0145125,0.2171771,0.717075,0.282925,,0.3963672,0.9975259,0.9977183,0.3973461,51.64643,47.33215,,1.02142,46.71134,42.38065,,0.5505273,56.58774,52.26993,,1.548724,4.314276,-5.529448,14.19323,1,2020-09-07,21:01:02  7 Sep 2020,40000
2020,President,Trump,Biden,,42,0.30465,6.896046,0.301325,0.698675,,0.8525679,0.9569542,0.901799,0.9413255,47.83831,51.42201,,0.7396836,43.32609,46.89308,,0.4018844,52.3561,55.95952,,1.115895,-3.583702,-12.63189,5.452093,1,2020-09-07,21:01:02  7 Sep 2020,40000
2020,President,Trump,Biden,,40,0.0001125,0.0113122,0.992425,0.007575,,0.2868731,0.9768977,0.9993857,0.0104185,63.13731,35.6586,,1.204092,57.10969,29.72239,,0.6461543,69.08842,41.66727,,1.830434,27.4787,15.445,39.31947,1,2020-09-07,21:01:02  7 Sep 2020,40000
2020,President,Trump,Biden,,39,0.0201625,0.5070158,0.612125,0.387875,,0.4635491,0.9970351,0.9960509,0.5444722,50.52838,48.42104,,1.050573,45.60812,43.49351,,0.5658199,55.44395,53.36399,,1.593618,2.107338,-7.744358,11.93053,1,2020-09-07,21:01:02  7 Sep 2020,40000
2020,President,Trump,Biden,,38,2.5e-05,0.0096486,0.98865,0.01135,,0.2879684,0.9845815,0.9993857,0.0157333,60.9206,36.3782,,2.701198,54.63072,30.21009,,1.415686,67.15192,42.64609,,4.162202,24.54239,12.08241,36.84202,1,2020-09-07,21:01:02  7 Sep 2020,40000
2020,President,Trump,Biden,,37,0.0606,1.717437,0.4781,0.5219,,0.568082,0.9735581,0.9534006,0.7153567,49.42229,49.80865,,0.7690559,44.66373,45.06849,,0.4174498,54.1643,54.55144,,1.160929,-0.3863581,-9.874397,9.073792,1,2020-09-07,21:01:02  7 Sep 2020,40000
2020,President,Trump,Biden,,36,0.0005875,0.0108175,0.0018,0.9982,,0.8472222,0.7112803,0.0053532,0.9996128,36.68894,62.23346,,1.077605,31.80256,57.25728,,0.5799927,41.65067,67.12256,,1.63526,-25.54451,-35.28004,-15.63216,1,2020-09-07,21:01:02  7 Sep 2020,40000
2020,President,Trump,Biden,,56,3.75e-05,0.022499,0.998225,0.001775,,0.2852814,0.943662,0.999649,0.0023582,68.53342,28.00621,,3.460364,61.73827,21.45302,,1.798842,75.19067,34.68674,,5.356277,40.52722,27.22861,53.58952,1,2020-09-07,21:01:02  7 Sep 2020,40000
2020,President,Trump,Biden,,34,0.0069375,0.2491678,0.0363,0.9637,,0.7589532,0.7280533,0.0967091,0.9878216,40.64179,58.45437,,0.9038354,34.57816,52.33862,,0.4886619,46.75852,64.53876,,1.367836,-17.81258,-29.96771,-5.593729,1,2020-09-07,21:01:02  7 Sep 2020,40000
2020,President,Trump,Biden,,33,0.01665,3.078579,0.278725,0.721275,,0.7287649,0.8812519,0.713032,0.8948998,46.38028,52.5683,,1.051427,39.43644,45.63487,,0.5662676,53.32649,59.49992,,1.594934,-6.188021,-20.05601,7.686432,1,2020-09-07,21:01:02  7 Sep 2020,40000
2020,President,Trump,Biden,,41,0.0079125,0.534782,0.0829,0.9171,,0.7560313,0.7528077,0.2200088,0.9720179,41.70102,55.85851,,2.44047,35.21557,49.30788,,1.283167,48.23948,62.36869,,3.753672,-14.15748,-27.07065,-1.125193,1,2020-09-07,21:01:02  7 Sep 2020,40000
2020,President,Trump,Biden,,32,0.029125,3.390708,0.21615,0.78385,,0.8560027,0.8671621,0.6494954,0.9569885,45.98324,52.15099,,1.865768,40.86592,47.00486,,0.9890048,51.11702,57.27583,,2.856446,-6.167754,-16.3941,4.084295,1,2020-09-07,21:01:02  7 Sep 2020,40000
2020,President,Trump,Biden,,22,0.001675,0.1162301,0.92305,0.07695,,0.3057256,0.9502924,0.9870584,0.1031564,57.26674,41.87997,,0.8532889,50.49925,35.18986,,0.4607295,63.93779,48.66429,,1.292516,15.38677,1.837389,28.7479,1,2020-09-06,21:06:02  6 Sep 2020,40000
2020,President,Trump,Biden,,18,0.0001625,0.0081712,0.9523,0.0477,,0.3001155,0.9979036,0.9996502,0.0671486,56.16813,42.43147,,1.400404,50.99751,37.28041,,0.7466928,61.33699,47.61134,,2.138401,13.73665,3.422274,24.0128,1,2020-09-06,21:06:02  6 Sep 2020,40000
2020,President,Trump,Biden,,19,0.0033,0.3000072,0.6905,0.3095,,0.4133237,0.9978998,0.9982511,0.4356903,51.36219,47.24578,,1.392032,45.84955,41.75262,,0.7423477,56.85569,52.72483,,2.125425,4.116414,-6.82625,15.05191,1,2020-09-06,21:06:02  6 Sep 2020,40000
2020,President,Trump,Biden,,20,0.00015,0.0182425,0.928425,0.071575,,0.3076985,0.9968565,0.999213,0.1006524,55.16267,42.94068,,1.896652,49.79061,37.67889,,1.002886,60.44019,48.27103,,2.910966,12.22199,1.518888,22.70662,1,2020-09-06,21:06:02  6 Sep 2020,40000
2020,President,Trump,Biden,,21,0.0001875,0.0140314,0.9763,0.0237,,0.2925074,0.9852321,0.9988632,0.0329395,59.36161,39.44741,,1.190981,53.33837,33.49625,,0.637707,65.30855,45.4568,,1.813824,19.91419,7.898977,31.81722,1,2020-09-06,21:06:02  6 Sep 2020,40000
2020,President,Trump,Biden,,26,0.068575,1.931757,0.1773,0.8227,,0.9575578,0.8527106,0.5938265,0.9896315,45.95795,52.90297,,1.139072,41.1184,48.02664,,0.6105964,50.83015,57.73568,,1.733537,-6.945018,-16.58544,2.789268,1,2020-09-06,21:06:02  6 Sep 2020,40000
2020,President,Trump,Biden,,23,0.0053625,1.002823,0.220475,0.779525,,0.7329629,0.834226,0.5652326,0.9173691,45.14867,53.28225,,1.569079,38.20353,46.35309,,0.8346708,52.08192,60.22135,,2.400761,-8.133588,-22.0352,5.682751,1,2020-09-06,21:06:02  6 Sep 2020,40000
2020,President,Trump,Biden,,24,0.00035,0.0173757,0.001875,0.998125,,0.6133333,0.7094803,0.0040224,0.9989772,35.71286,62.91636,,1.370777,30.62372,57.78437,,0.7313129,40.84829,68.02192,,2.092458,-27.2035,-37.40205,-16.96587,1,2020-09-06,21:06:02  6 Sep 2020,40000
2020,President,Trump,Biden,,25,0.0002625,0.011209,0.00255,0.99745,,0.8137255,0.710211,0.0072578,0.9993299,33.42001,64.97761,,1.602383,27.20525,58.61535,,0.8512793,39.75521,71.21071,,2.45238,-31.5576,-44.00458,-18.88224,1,2020-09-06,21:06:02  6 Sep 2020,40000
2020,President,Trump,Biden,,16,3.75e-05,0.0070125,0.99365,0.00635,,0.2876516,0.988189,0.9997377,0.0088521,62.7199,34.13066,,3.149437,56.24712,27.88945,,1.640139,69.05228,40.49993,,4.877353,28.58924,15.94307,40.98664,1,2020-09-06,21:06:02  6 Sep 2020,40000
2020,President,Trump,Biden,,17,0.0004625,0.0115753,0.005575,0.994425,,0.9775785,0.7127234,0.0190626,0.9998237,38.85704,59.59253,,1.550433,33.98112,54.69202,,0.8244187,43.7412,64.49152,,2.371554,-20.73549,-30.48894,-10.99149,1,2020-09-06,21:06:02  6 Sep 2020,40000
2020,President,Trump,Biden,,01,0.0003875,0.0265006,0.978775,0.021225,,0.2911548,0.9564193,0.9967646,0.0286369,59.99047,39.21957,,0.7899519,53.99821,33.32674,,0.4273439,65.8784,45.19382,,1.195086,20.7709,8.829554,32.5481,1,2020-09-06,21:06:02  6 Sep 2020,40000
2020,President,Trump,Biden,,15,0.000275,0.086115,0.013075,0.986925,,0.5583174,0.7124908,0.0255334,0.9919591,32.45624,65.66771,,1.876051,24.32116,57.42686,,0.9923036,40.7131,73.82204,,2.878774,-33.21147,-49.46124,-16.77653,1,2020-09-06,21:06:02  6 Sep 2020,40000
2020,President,Trump,Biden,,13,0.015525,0.5092638,0.685225,0.314775,,0.4112883,0.9862601,0.9857467,0.4379475,51.2061,47.94559,,0.8483108,46.73574,43.47642,,0.458106,55.66821,52.40205,,1.284851,3.260501,-5.648151,12.1666,1,2020-09-06,21:06:02  6 Sep 2020,40000
2020,President,Trump,Biden,,12,0.1663875,2.325775,0.426375,0.573625,,0.6436822,0.979647,0.959951,0.792735,48.87175,50.31551,,0.8127432,43.85531,45.2849,,0.4393619,53.90306,55.33254,,1.230145,-1.443758,-11.46038,8.606558,1,2020-09-06,21:06:02  6 Sep 2020,40000
2020,President,Trump,Biden,,11,0.0,0.0,0.0,1.0,,,0.708875,0.0,1.0,5.753363,90.68977,,3.556866,3.135731,87.25163,,1.844881,8.527657,93.89236,,5.520768,-84.93641,-90.50949,-79.08746,1,2020-09-06,21:06:02  6 Sep 2020,40000
2020,President,Trump,Biden,,10,0.0001,0.032272,0.003325,0.996675,,0.962406,0.7111145,0.0111927,0.9998237,38.77905,60.07055,,1.150403,34.2143,55.50844,,0.6165173,43.33633,64.63911,,1.751056,-21.29149,-30.3945,-12.19801,1,2020-09-06,21:06:02  6 Sep 2020,40000
2020,President,Trump,Biden,,09,0.0008375,0.0716656,0.018425,0.981575,,0.9430122,0.7211115,0.060773,0.9985188,40.21279,58.83539,,0.9518158,34.74922,53.30482,,0.5125443,45.7197,64.30743,,1.444379,-18.6226,-29.57097,-7.598158,1,2020-09-06,21:06:02  6 Sep 2020,40000
2020,President,Trump,Biden,,08,0.020225,0.982187,0.1405,0.8595,,0.866726,0.8035777,0.4259357,0.9743255,44.44319,53.64601,,1.910798,38.91715,48.10243,,1.01015,49.97958,59.16858,,2.933075,-9.202815,-20.205,1.840944,1,2020-09-06,21:06:02  6 Sep 2020,40000
2020,President,Trump,Biden,,06,0.0016375,0.0161606,0.0028,0.9972,,0.6964286,0.7100381,0.0068206,0.9988362,33.92485,64.09917,,1.975976,28.26304,58.35956,,1.043611,39.67786,69.81178,,3.034986,-30.17432,-41.51831,-18.75575,1,2020-09-06,21:06:02  6 Sep 2020,40000
2020,President,Trump,Biden,,05,0.000675,0.0808956,0.9358,0.0642,,0.3043118,0.9816978,0.9960651,0.0889085,56.70299,41.66558,,1.631423,50.48977,35.53059,,0.8662892,62.87199,47.88286,,2.497645,15.03741,2.629847,27.30075,1,2020-09-06,21:06:02  6 Sep 2020,40000
2020,President,Trump,Biden,,04,0.06085,3.066483,0.3955,0.6045,,0.6195955,0.9277915,0.8571179,0.7911832,48.19583,50.43362,,1.370552,42.58863,44.81036,,0.7311959,53.80324,56.04305,,2.092108,-2.237783,-13.41453,8.987295,1,2020-09-06,21:06:02  6 Sep 2020,40000
2020,President,Trump,Biden,,02,0.0022375,1.008548,0.806825,0.193175,,0.3452421,0.9594927,0.9742917,0.2614706,53.40068,44.33512,,2.264199,46.49981,37.50074,,1.191181,60.23473,51.23591,,3.485848,9.065553,-4.661007,22.68475,1,2020-09-06,21:06:02  6 Sep 2020,40000
2020,President,Trump,Biden,,28,0.002875,0.3317154,0.876625,0.123375,,0.3162413,0.9276596,0.9696572,0.161453,55.88177,43.35465,,0.763576,48.86626,36.39401,,0.4134226,62.81567,50.37829,,1.154559,12.52712,-1.495724,26.45088,1,2020-09-06,21:06:02  6 Sep 2020,40000
2020,President,Trump,Biden,,27,0.065425,3.036783,0.233425,0.766575,,0.8522009,0.8810292,0.6957852,0.952742,46.49437,52.03228,,1.47335,41.51071,47.0816,,0.7845168,51.44257,57.00809,,2.251643,-5.537911,-15.45891,4.33729,1,2020-09-06,21:06:02  6 Sep 2020,40000
2020,President,Trump,Biden,,35,0.0076,1.325731,0.073425,0.926575,,0.9073885,0.7579257,0.233036,0.9906895,42.72345,55.36498,,1.911568,37.19008,49.78426,,1.010545,48.30578,60.91021,,2.934278,-12.64153,-23.64445,-1.547131,1,2020-09-06,21:06:02  6 Sep 2020,40000
2020,President,Trump,Biden,,29,0.0008125,0.0408253,0.89925,0.10075,,0.317459,0.9955335,0.9985135,0.1414918,54.7336,43.81047,,1.455929,49.22355,38.39441,,0.7754894,60.18608,49.29411,,2.224577,10.92314,-0.0428696,21.75681,1,2020-09-06,21:06:02  6 Sep 2020,40000
2020,President,Trump,Biden,,44,0.0004125,0.1241735,0.0143,0.9857,,0.9318182,0.7181698,0.0466072,0.9986246,37.64003,60.90331,,1.456663,31.21125,54.3749,,0.7758697,44.14946,67.38847,,2.225717,-23.26328,-36.1465,-10.22775,1,2020-09-06,21:06:02  6 Sep 2020,40000
2020,President,Trump,Biden,,56,2.5e-05,0.0147607,0.99795,0.00205,,0.2864372,0.9756098,0.9998251,0.0028214,68.52846,28.03076,,3.44078,61.63075,21.54302,,1.786647,75.15311,34.78848,,5.337265,40.4977,26.96738,53.50687,1,2020-09-06,21:06:02  6 Sep 2020,40000
2020,President,Trump,Biden,,55,0.0879125,4.104074,0.254375,0.745625,,0.8706634,0.9080302,0.774659,0.9551049,46.9107,52.0862,,1.003104,41.79507,46.9552,,0.5394706,52.02852,57.20449,,1.523567,-5.175501,-15.36971,5.050699,1,2020-09-06,21:06:02  6 Sep 2020,40000
2020,President,Trump,Biden,,54,7.5e-05,0.0148146,0.99255,0.00745,,0.2877689,0.9630873,0.9990381,0.0101217,66.26678,31.89017,,1.843052,58.73647,24.55942,,0.9753445,73.6433,39.36124,,2.827303,34.37661,19.38893,49.04733,1,2020-09-06,21:06:02  6 Sep 2020,40000
2020,President,Trump,Biden,,53,0.0012375,0.0498944,0.01215,0.98785,,0.7530864,0.7146075,0.0320042,0.9958385,36.83196,60.8865,,2.281538,30.67465,54.70388,,1.200037,43.01454,67.0632,,3.513015,-24.05454,-36.35975,-11.77693,1,2020-09-06,21:06:02  6 Sep 2020,40000
2020,President,Trump,Biden,,51,0.0118875,0.4009654,0.062925,0.937075,,0.9761621,0.7549289,0.2148478,0.9979545,44.065,54.88935,,1.045649,39.55287,50.37349,,0.5617701,48.57403,59.4015,,1.589237,-10.82436,-19.84526,-1.818966,1,2020-09-06,21:06:02  6 Sep 2020,40000
2020,President,Trump,Biden,,50,0.00025,0.111928,0.008325,0.991675,,0.6306306,0.7117755,0.0183631,0.9957327,31.25597,66.00259,,2.741442,23.25434,57.8942,,1.434023,39.33181,74.04831,,4.235283,-34.74663,-50.71214,-18.60852,1,2020-09-06,21:06:02  6 Sep 2020,40000
2020,President,Trump,Biden,,30,0.001,0.2712816,0.883425,0.116575,,0.3207969,0.9776968,0.9912557,0.1607829,55.07389,42.82112,,2.104993,48.40822,36.29781,,1.109758,61.61642,49.49168,,3.236612,12.25277,-1.012959,25.28124,1,2020-09-06,21:06:02  6 Sep 2020,40000
2020,President,Trump,Biden,,48,0.01675,0.250878,0.711825,0.288175,,0.4007305,0.9977444,0.9977265,0.4056075,51.62235,47.36121,,1.016442,46.64724,42.36645,,0.5464662,56.62445,52.34771,,1.544168,4.261142,-5.678955,14.25537,1,2020-09-06,21:06:02  6 Sep 2020,40000
2020,President,Trump,Biden,,47,0.0005875,0.0316997,0.955325,0.044675,,0.2982231,0.9776161,0.9965023,0.0616117,57.76309,41.13367,,1.103243,51.6719,35.11982,,0.5918775,63.79124,47.20708,,1.678211,16.62943,4.472692,28.64562,1,2020-09-06,21:06:02  6 Sep 2020,40000
2020,President,Trump,Biden,,46,0.000175,0.0644611,0.96595,0.03405,,0.2950722,0.9728341,0.9969395,0.046729,59.69984,38.79244,,1.507714,52.69106,31.90504,,0.8023137,66.6322,45.7968,,2.305076,20.9074,6.900743,34.70078,1,2020-09-06,21:06:02  6 Sep 2020,40000
2020,President,Trump,Biden,,45,0.00115,0.0740829,0.877075,0.122925,,0.3249722,0.9928818,0.9969395,0.1721742,53.95235,45.15149,,0.8961568,49.06339,40.3129,,0.4832965,58.80805,50.02746,,1.358592,8.800861,-0.9607067,18.49794,1,2020-09-06,21:06:02  6 Sep 2020,40000
2020,President,Trump,Biden,,49,0.000725,0.0841415,0.95175,0.04825,,0.298923,0.9704663,0.9951032,0.0660554,56.93736,39.71102,,3.351619,50.42587,33.3122,,1.74186,63.35349,46.14516,,5.19642,17.22634,4.438274,29.89656,1,2020-09-06,21:06:02  6 Sep 2020,40000
2020,President,Trump,Biden,,42,0.2984,6.763968,0.3051,0.6949,,0.8515241,0.9594906,0.9087093,0.9405748,47.83646,51.42743,,0.7361064,43.22375,46.80266,,0.3989085,52.47559,56.03974,,1.112388,-3.590965,-12.82714,5.663568,1,2020-09-06,21:06:02  6 Sep 2020,40000
2020,President,Trump,Biden,,40,7.5e-05,0.0067654,0.99225,0.00775,,0.2879063,0.9709678,0.999213,0.0106154,63.1629,35.63932,,1.19778,57.05071,29.6148,,0.641255,69.18841,41.73099,,1.824338,27.52357,15.3378,39.53622,1,2020-09-06,21:06:02  6 Sep 2020,40000
2020,President,Trump,Biden,,39,0.021125,0.5320083,0.609275,0.390725,,0.4678511,0.9976966,0.9970269,0.5499207,50.51441,48.43951,,1.046079,45.49553,43.45184,,0.5619956,55.51869,53.45245,,1.589902,2.074897,-7.941496,12.04392,1,2020-09-06,21:06:02  6 Sep 2020,40000
2020,President,Trump,Biden,,38,0.0,0.0,0.988225,0.011775,,0.2891295,0.985138,0.9993879,0.016364,60.93707,36.37495,,2.687991,54.63512,30.22808,,1.406932,67.16756,42.6275,,4.151046,24.56212,12.11989,36.86029,1,2020-09-06,21:06:02  6 Sep 2020,40000
2020,President,Trump,Biden,,37,0.06035,1.715885,0.47965,0.52035,,0.5702074,0.9747766,0.9566282,0.7155352,49.41245,49.82247,,0.7650839,44.58432,44.99366,,0.4142188,54.22427,54.64331,,1.156876,-0.4100185,-10.05849,9.218149,1,2020-09-06,21:06:02  6 Sep 2020,40000
2020,President,Trump,Biden,,36,0.00055,0.0100784,0.00195,0.99805,,0.9358974,0.7101347,0.0063834,0.9998237,36.66618,62.26118,,1.072633,31.68572,57.23279,,0.5758935,41.67254,67.26482,,1.630913,-25.59501,-35.57072,-15.5829,1,2020-09-06,21:06:02  6 Sep 2020,40000
2020,President,Trump,Biden,,34,0.007275,0.2683167,0.0352,0.9648,,0.7826704,0.727016,0.0963624,0.9894904,40.62001,58.48032,,0.8996673,34.51838,52.31175,,0.4851428,46.79201,64.60603,,1.363995,-17.86031,-30.09608,-5.525623,1,2020-09-06,21:06:02  6 Sep 2020,40000
2020,President,Trump,Biden,,33,0.0155625,2.876356,0.282025,0.717975,,0.7329137,0.8839445,0.7229801,0.8952919,46.3842,52.56816,,1.047637,39.38663,45.55892,,0.5628113,53.41143,59.54499,,1.592304,-6.183969,-20.13905,7.843113,1,2020-09-06,21:06:02  6 Sep 2020,40000
2020,President,Trump,Biden,,32,0.0279875,3.256726,0.217325,0.782675,,0.8601173,0.8677292,0.6538125,0.9580674,45.95669,52.18657,,1.856747,40.82161,46.98048,,0.9823841,51.15475,57.34307,,2.848643,-6.22988,-16.44803,4.132452,1,2020-09-06,21:06:02  6 Sep 2020,40000
2020,President,Trump,Biden,,31,3.75e-05,0.0065363,0.984725,0.015275,,0.2903349,1.0,1.0,0.0215482,58.6298,39.56071,,1.809483,53.36105,34.36811,,0.9575889,63.84856,44.81078,,2.777143,19.06909,8.606579,29.44174,1,2020-09-06,21:06:02  6 Sep 2020,40000
2020,President,Trump,Biden,,41,0.0064875,0.4346816,0.082025,0.917975,,0.7555623,0.7505106,0.2167716,0.9718921,41.61614,55.95642,,2.427435,35.02742,49.38265,,1.274424,48.18872,62.55513,,3.741632,-14.34029,-27.44489,-1.273706,1,2020-09-06,21:06:02  6 Sep 2020,40000
2020,President,Trump,Biden,,21,0.0002125,0.0151118,0.977375,0.022625,,0.2985292,0.9878453,0.9990584,0.0317742,59.40231,39.39901,,1.198687,53.40923,33.42673,,0.6426564,65.39888,45.3756,,1.828205,20.0033,8.039713,31.95789,1,2020-09-05,22:17:02  5 Sep 2020,40000
2020,President,Trump,Biden,,17,0.000725,0.0186042,0.00585,0.99415,,0.9871795,0.7074637,0.019774,0.9998934,38.90409,59.53459,,1.561321,34.03539,54.66038,,0.8311098,43.77617,64.38992,,2.391721,-20.6305,-30.30721,-10.93627,1,2020-09-05,22:17:02  5 Sep 2020,40000
2020,President,Trump,Biden,,18,0.00015,0.0074867,0.9541,0.0459,,0.305969,0.9972767,0.999572,0.0650768,56.21625,42.37491,,1.408836,51.05764,37.21286,,0.7520335,61.39146,47.52147,,2.154401,13.84134,3.559933,24.14182,1,2020-09-05,22:17:02  5 Sep 2020,40000
2020,President,Trump,Biden,,19,0.0035875,0.3254833,0.6922,0.3078,,0.4208321,0.9974821,0.9974319,0.436487,51.42043,47.17888,,1.400689,45.95324,41.70204,,0.7478055,56.91173,52.61907,,2.14172,4.241548,-6.660803,15.20977,1,2020-09-05,22:17:02  5 Sep 2020,40000
2020,President,Trump,Biden,,20,0.0002,0.0227394,0.930225,0.069775,,0.3136607,0.9960588,0.9990584,0.0988058,55.22498,42.86642,,1.908603,49.87986,37.62168,,1.010089,60.52983,48.16772,,2.933496,12.35857,1.750061,22.87961,1,2020-09-05,22:17:02  5 Sep 2020,40000
2020,President,Trump,Biden,,15,0.0006,0.1996715,0.01375,0.98625,,0.5163636,0.7064892,0.0243109,0.9905815,32.55157,65.55998,,1.888453,24.32122,57.26287,,0.9997375,40.87522,73.7773,,2.901969,-33.00842,-49.39954,-16.45066,1,2020-09-05,22:17:02  5 Sep 2020,40000
2020,President,Trump,Biden,,22,0.001825,0.1295172,0.92805,0.07195,,0.3113248,0.9555247,0.9892998,0.0977395,57.29643,41.84513,,0.8584338,50.63417,35.21984,,0.4641494,63.9465,48.4962,,1.302043,15.4513,2.151926,28.71175,1,2020-09-05,22:17:02  5 Sep 2020,40000
2020,President,Trump,Biden,,23,0.0049875,0.9344953,0.224825,0.775175,,0.7401312,0.8325539,0.5697654,0.9175078,45.22146,53.19925,,1.579288,38.26904,46.24536,,0.8399177,52.18377,60.17905,,2.419097,-7.977796,-21.88411,5.916382,1,2020-09-05,22:17:02  5 Sep 2020,40000
2020,President,Trump,Biden,,24,0.000225,0.0108914,0.002075,0.997925,,0.7349398,0.7043114,0.0052217,0.9992181,35.75357,62.86735,,1.379075,30.68866,57.74704,,0.7365885,40.8754,67.93909,,2.108119,-27.11378,-37.23473,-16.90025,1,2020-09-05,22:17:02  5 Sep 2020,40000
2020,President,Trump,Biden,,25,0.0002375,0.0100613,0.002525,0.997475,,0.8118812,0.7047044,0.0070193,0.9993247,33.49684,64.88812,,1.615034,27.31057,58.60347,,0.858871,39.75209,71.09962,,2.475224,-31.39128,-43.75769,-18.86505,1,2020-09-05,22:17:02  5 Sep 2020,40000
2020,President,Trump,Biden,,26,0.0671125,1.887945,0.179,0.821,,0.9540503,0.8469245,0.5847458,0.98852,45.99752,52.85673,,1.145751,41.15337,48.04413,,0.6150054,50.82011,57.68093,,1.74618,-6.859209,-16.53496,2.748085,1,2020-09-05,22:17:02  5 Sep 2020,40000
2020,President,Trump,Biden,,16,3.75e-05,0.0071065,0.994825,0.005175,,0.2934436,0.9758454,0.999572,0.0071794,62.80387,34.02324,,3.172894,56.34271,27.75025,,1.653435,69.18845,40.37754,,4.919649,28.78062,16.05059,41.31494,1,2020-09-05,22:17:02  5 Sep 2020,40000
2020,President,Trump,Biden,,28,0.0025375,0.2965303,0.87995,0.12005,,0.3219501,0.925656,0.9700394,0.1579827,55.91962,43.31217,,0.768209,48.95285,36.40577,,0.4164858,62.82654,50.26711,,1.163154,12.60744,-1.328691,26.4045,1,2020-09-05,22:17:02  5 Sep 2020,40000
2020,President,Trump,Biden,,13,0.017025,0.5602223,0.688475,0.311525,,0.4193689,0.9887649,0.988615,0.4379087,51.2326,47.91428,,0.8531274,46.78955,43.51088,,0.4613503,55.63592,52.33541,,1.293864,3.318319,-5.531729,12.10266,1,2020-09-05,22:17:02  5 Sep 2020,40000
2020,President,Trump,Biden,,12,0.1708375,2.388494,0.427125,0.572875,,0.6558384,0.9786167,0.959168,0.7970216,48.89808,50.28525,,0.8166685,43.94057,45.30175,,0.4421052,53.88817,55.2543,,1.237721,-1.387163,-11.30331,8.592752,1,2020-09-05,22:17:02  5 Sep 2020,40000
2020,President,Trump,Biden,,11,0.0,0.0,0.0,1.0,,,0.7034,0.0,1.0,5.799291,90.61766,,3.583051,3.1826,87.17409,,1.859583,8.528352,93.78767,,5.568253,-84.81837,-90.3119,-79.01942,1,2020-09-05,22:17:02  5 Sep 2020,40000
2020,President,Trump,Biden,,10,1.25e-05,0.0041739,0.003575,0.996425,,0.951049,0.705748,0.0116418,0.9997512,38.82948,60.01289,,1.157633,34.27905,55.40825,,0.6212156,43.41884,64.56978,,1.764568,-21.1834,-30.28581,-12.0183,1,2020-09-05,22:17:02  5 Sep 2020,40000
2020,President,Trump,Biden,,09,0.000975,0.0871597,0.019325,0.980675,,0.9573092,0.7164198,0.0633453,0.9988271,40.26884,58.77335,,0.9578071,34.8443,53.33267,,0.5164663,45.73281,64.18741,,1.455314,-18.50451,-29.33408,-7.614408,1,2020-09-05,22:17:02  5 Sep 2020,40000
2020,President,Trump,Biden,,08,0.022925,1.11265,0.145125,0.854875,,0.8659776,0.8006141,0.4303201,0.9730239,44.53048,53.54825,,1.921266,39.00999,48.01736,,1.016592,50.02149,59.03255,,2.9533,-9.017767,-19.9662,1.948006,1,2020-09-05,22:17:02  5 Sep 2020,40000
2020,President,Trump,Biden,,06,0.0013875,0.0138309,0.003025,0.996975,,0.6859504,0.7045814,0.0071049,0.9986494,33.9756,64.03566,,1.988742,28.30747,58.30515,,1.05121,39.70777,69.70235,,3.058872,-30.06006,-41.30679,-18.66183,1,2020-09-05,22:17:02  5 Sep 2020,40000
2020,President,Trump,Biden,,05,0.0006,0.0739189,0.93905,0.06095,,0.3099409,0.9831829,0.996576,0.0851933,56.76191,41.5968,,1.64129,50.57444,35.41025,,0.872426,62.93266,47.74905,,2.516054,15.16512,2.861065,27.50327,1,2020-09-05,22:17:02  5 Sep 2020,40000
2020,President,Trump,Biden,,04,0.0593875,3.001007,0.40335,0.59665,,0.6227842,0.9267159,0.8601267,0.7860748,48.28348,50.33883,,1.377697,42.67379,44.74355,,0.7358737,53.87003,55.9417,,2.105979,-2.05535,-13.2589,9.079807,1,2020-09-05,22:17:02  5 Sep 2020,40000
2020,President,Trump,Biden,,02,0.0022125,0.9831989,0.813325,0.186675,,0.3506593,0.9625016,0.9765451,0.2554379,53.50222,44.21942,,2.27836,46.60699,37.46859,,1.199522,60.3016,51.05252,,3.512256,9.282796,-4.410391,22.72553,1,2020-09-05,22:17:02  5 Sep 2020,40000
2020,President,Trump,Biden,,01,0.00025,0.0164366,0.9793,0.0207,,0.2973808,0.9601449,0.9971752,0.0282556,60.04445,39.16063,,0.7949243,54.08207,33.27048,,0.4306153,65.95912,45.11282,,1.204228,20.88382,8.973518,32.69787,1,2020-09-05,22:17:02  5 Sep 2020,40000
2020,President,Trump,Biden,,27,0.0659375,3.057686,0.237125,0.762875,,0.853242,0.8776667,0.6927752,0.9518766,46.55325,51.96517,,1.481577,41.58168,47.01848,,0.7897773,51.51569,56.90265,,2.267515,-5.411917,-15.27859,4.468603,1,2020-09-05,22:17:02  5 Sep 2020,40000
2020,President,Trump,Biden,,56,1.25e-05,0.0068908,0.998075,0.001925,,0.292488,0.9350649,0.999572,0.002559,68.58762,27.94587,,3.466513,61.73951,21.36956,,1.80114,75.34983,34.64481,,5.383934,40.64175,27.27516,53.81168,1,2020-09-05,22:17:02  5 Sep 2020,40000
2020,President,Trump,Biden,,29,0.0009875,0.0501392,0.900875,0.099125,,0.3236853,0.9954603,0.9984592,0.1402829,54.76372,43.77211,,1.464172,49.25911,38.35841,,0.7807465,60.20631,49.23506,,2.240418,10.99162,0.04529,21.83556,1,2020-09-05,22:17:02  5 Sep 2020,40000
2020,President,Trump,Biden,,42,0.2937,6.658044,0.308125,0.691875,,0.8559838,0.9566757,0.9030988,0.9410009,47.87119,51.38866,,0.7401564,43.28289,46.8004,,0.4016335,52.45348,55.96158,,1.120038,-3.517473,-12.67202,5.630663,1,2020-09-05,22:17:02  5 Sep 2020,40000
2020,President,Trump,Biden,,55,0.084375,3.932155,0.259425,0.740575,,0.8673027,0.904905,0.770416,0.9527296,46.93584,52.04977,,1.014391,41.78439,46.91155,,0.5462041,52.06509,57.19424,,1.542743,-5.113927,-15.4224,5.141069,1,2020-09-05,22:17:02  5 Sep 2020,40000
2020,President,Trump,Biden,,54,5e-05,0.0113957,0.993175,0.006825,,0.2938304,0.967033,0.9992296,0.009383,66.32641,31.81919,,1.854406,58.82645,24.38983,,0.9822256,73.78143,39.27944,,2.848704,34.50722,19.56427,49.35759,1,2020-09-05,22:17:02  5 Sep 2020,40000
2020,President,Trump,Biden,,53,0.00135,0.053534,0.012375,0.987625,,0.749495,0.7090748,0.0317583,0.9955928,36.93125,60.77303,,2.295727,30.79448,54.58324,,1.208389,43.1273,66.89518,,3.539505,-23.84178,-36.04029,-11.48382,1,2020-09-05,22:17:02  5 Sep 2020,40000
2020,President,Trump,Biden,,51,0.0120625,0.4065027,0.06585,0.93415,,0.9711465,0.7510036,0.2189694,0.9973699,44.12915,54.81897,,1.051881,39.6567,50.33843,,0.5658716,48.61874,59.25815,,1.600754,-10.68981,-19.60096,-1.734837,1,2020-09-05,22:17:02  5 Sep 2020,40000
2020,President,Trump,Biden,,50,0.0002625,0.1119685,0.008725,0.991275,,0.6418338,0.7064387,0.0191748,0.9955573,31.36115,65.87723,,2.761623,23.38645,57.72902,,1.445505,39.46986,73.8806,,4.271276,-34.51608,-50.42751,-18.32614,1,2020-09-05,22:17:02  5 Sep 2020,40000
2020,President,Trump,Biden,,49,0.0005,0.0604114,0.95375,0.04625,,0.3046396,0.9675676,0.9948639,0.0636196,57.02588,39.60053,,3.373589,50.51146,33.19042,,1.754476,63.49018,46.05993,,5.236896,17.42535,4.611633,30.09321,1,2020-09-05,22:17:02  5 Sep 2020,40000
2020,President,Trump,Biden,,48,0.015925,0.236672,0.71865,0.28135,,0.4054477,0.997512,0.9976888,0.3989906,51.67955,47.2869,,1.033552,46.72145,42.32942,,0.5562623,56.66619,52.24483,,1.572376,4.392655,-5.502426,14.30836,1,2020-09-05,22:17:02  5 Sep 2020,40000
2020,President,Trump,Biden,,47,0.00075,0.0402422,0.955725,0.044275,,0.3047425,0.9819311,0.9972607,0.0618069,57.80227,41.08739,,1.110345,51.77093,35.03181,,0.5964885,63.85936,47.12125,,1.691355,16.71488,4.654848,28.82145,1,2020-09-05,22:17:02  5 Sep 2020,40000
2020,President,Trump,Biden,,46,0.0001125,0.0383817,0.96635,0.03365,,0.3012884,0.9732541,0.9969183,0.0465596,59.74956,38.73213,,1.518317,52.77397,31.77979,,0.8088289,66.69932,45.70283,,2.324731,21.01743,7.080925,34.89922,1,2020-09-05,22:17:02  5 Sep 2020,40000
2020,President,Trump,Biden,,45,0.0016125,0.1050971,0.881975,0.118025,,0.330083,0.9921627,0.9968327,0.1664771,53.9976,45.10057,,0.9018283,49.13696,40.26598,,0.4870185,58.8616,49.95231,,1.368858,8.897035,-0.8252506,18.59037,1,2020-09-05,22:17:02  5 Sep 2020,40000
2020,President,Trump,Biden,,44,0.0003625,0.1089224,0.01485,0.98515,,0.9242424,0.712861,0.0469954,0.9984006,37.7028,60.83033,,1.466875,31.31405,54.38408,,0.7821493,44.16753,67.22887,,2.244626,-23.12753,-35.90417,-10.24622,1,2020-09-05,22:17:02  5 Sep 2020,40000
2020,President,Trump,Biden,,30,0.001125,0.3089271,0.88525,0.11475,,0.3263485,0.9721133,0.9892142,0.1585869,55.16207,42.72177,,2.116158,48.4601,36.08094,,1.116577,61.81585,49.39079,,3.258224,12.4403,-0.8620663,25.6878,1,2020-09-05,22:17:02  5 Sep 2020,40000
2020,President,Trump,Biden,,41,0.0059625,0.3998205,0.087025,0.912975,,0.7520827,0.746981,0.2241055,0.9695408,41.72652,55.82823,,2.445248,35.18919,49.18113,,1.284646,48.33452,62.39276,,3.7742,-14.10172,-27.12576,-0.9045944,1,2020-09-05,22:17:02  5 Sep 2020,40000
2020,President,Trump,Biden,,39,0.0222125,0.5565592,0.610775,0.389225,,0.476976,0.9981373,0.9975175,0.5523173,50.54747,48.39987,,1.052668,45.58447,43.40276,,0.5662842,55.56104,53.35501,,1.601972,2.147597,-7.763889,12.1138,1,2020-09-05,22:17:02  5 Sep 2020,40000
2020,President,Trump,Biden,,38,5e-05,0.0182036,0.988,0.012,,0.2953694,0.98125,0.9992296,0.0167401,60.98561,36.30954,,2.704846,54.63665,30.12241,,1.416722,67.25777,42.60455,,4.182028,24.67608,12.13185,37.00958,1,2020-09-05,22:17:02  5 Sep 2020,40000
2020,President,Trump,Biden,,37,0.0583875,1.656331,0.484325,0.515675,,0.5753884,0.9732875,0.9542031,0.7135342,49.47195,49.75887,,0.7691885,44.68004,44.94727,,0.4170041,54.28358,54.55081,,1.164658,-0.2869188,-9.860126,9.323299,1,2020-09-05,22:17:02  5 Sep 2020,40000
2020,President,Trump,Biden,,36,0.00055,0.0098471,0.001875,0.998125,,0.88,0.7044959,0.0056497,0.9996801,36.71748,62.20203,,1.080489,31.77339,57.24798,,0.58086,41.67574,67.1387,,1.645051,-25.48455,-35.33907,-15.60423,1,2020-09-05,22:17:02  5 Sep 2020,40000
2020,President,Trump,Biden,,35,0.008725,1.518375,0.0844,0.9156,,0.9129147,0.760403,0.2638247,0.9897996,43.03975,55.094,,1.866248,37.46146,49.49025,,0.9883178,48.63491,60.6756,,2.867228,-12.05425,-23.17496,-0.9323559,1,2020-09-05,22:17:02  5 Sep 2020,40000
2020,President,Trump,Biden,,34,0.006425,0.2336466,0.03545,0.96455,,0.7792666,0.7212172,0.09459,0.9889821,40.66831,58.42639,,0.9052982,34.62281,52.36707,,0.4888454,46.72844,64.45543,,1.374207,-17.75808,-29.81884,-5.644091,1,2020-09-05,22:17:02  5 Sep 2020,40000
2020,President,Trump,Biden,,33,0.0169125,3.129538,0.286075,0.713925,,0.7304903,0.8782786,0.7155453,0.8914202,46.44907,52.49694,,1.053996,39.46573,45.47612,,0.5669802,53.44973,59.47419,,1.604027,-6.047873,-19.97654,7.987194,1,2020-09-05,22:17:02  5 Sep 2020,40000
2020,President,Trump,Biden,,32,0.02915,3.398227,0.22025,0.77975,,0.862202,0.8638025,0.6502311,0.9575633,46.0416,52.09358,,1.864822,40.90514,46.92977,,0.987584,51.22549,57.21432,,2.864997,-6.051975,-16.25597,4.243256,1,2020-09-05,22:17:02  5 Sep 2020,40000
2020,President,Trump,Biden,,31,5e-05,0.0080102,0.985075,0.014925,,0.2963734,0.9932998,0.9996576,0.0210762,58.67414,39.50455,,1.821302,53.37267,34.30207,,0.9642462,63.92433,44.7697,,2.797929,19.16959,8.644634,29.58449,1,2020-09-05,22:17:02  5 Sep 2020,40000
2020,President,Trump,Biden,,40,6.25e-05,0.0056811,0.99245,0.00755,,0.2940954,0.9768212,0.9994008,0.0104848,63.21136,35.58348,,1.205155,57.16209,29.53791,,0.6460325,69.30231,41.60025,,1.838235,27.62789,15.55396,39.76335,1,2020-09-05,22:17:02  5 Sep 2020,40000
2020,President,Trump,Biden,,21,0.000275,0.0202368,0.97515,0.02485,,0.2936984,0.9828974,0.9985183,0.0344937,59.32104,39.48145,,1.197514,53.27328,33.49764,,0.6416938,65.30103,45.51053,,1.824606,19.8396,7.751308,31.79521,1,2020-09-04,22:34:02  4 Sep 2020,40000
2020,President,Trump,Biden,,17,0.000775,0.0192667,0.005475,0.994525,,0.9726027,0.7118474,0.0185653,0.9997882,38.88586,59.55471,,1.559422,34.04874,54.7048,,0.8296469,43.7291,64.42097,,2.386212,-20.66885,-30.33217,-11.00795,1,2020-09-04,22:34:02  4 Sep 2020,40000
2020,President,Trump,Biden,,18,0.00025,0.0127604,0.952875,0.047125,,0.3008527,0.996817,0.999477,0.0663395,56.16145,42.43105,,1.407501,51.03541,37.3294,,0.7510211,61.26142,47.57948,,2.150241,13.73041,3.493868,23.89751,1,2020-09-04,22:34:02  4 Sep 2020,40000
2020,President,Trump,Biden,,19,0.00365,0.3320674,0.687125,0.312875,,0.4161543,0.9970436,0.9969494,0.4405451,51.34285,47.25796,,1.399195,45.88509,41.7795,,0.746712,56.83012,52.73143,,2.137352,4.08489,-6.802324,15.00706,1,2020-09-04,22:34:02  4 Sep 2020,40000
2020,President,Trump,Biden,,20,0.0001125,0.0127736,0.92915,0.07085,,0.3085078,0.99753,0.9993899,0.0998093,55.15289,42.94035,,1.906764,49.85712,37.68784,,1.008632,60.42723,48.22475,,2.92718,12.21253,1.674038,22.69033,1,2020-09-04,22:34:02  4 Sep 2020,40000
2020,President,Trump,Biden,,26,0.06925,1.958519,0.1766,0.8234,,0.9583805,0.8512874,0.590081,0.9899026,45.95195,52.9034,,1.144653,41.11189,48.03301,,0.6140665,50.80728,57.75531,,1.742898,-6.951445,-16.64045,2.769741,1,2020-09-04,22:34:02  4 Sep 2020,40000
2020,President,Trump,Biden,,22,0.0018125,0.1281801,0.9252,0.0748,,0.3059879,0.9491979,0.987013,0.1002683,57.24207,41.90017,,0.8577656,50.53384,35.22315,,0.4635173,63.90886,48.58614,,1.300063,15.3419,1.949274,28.66407,1,2020-09-04,22:34:02  4 Sep 2020,40000
2020,President,Trump,Biden,,23,0.0050875,0.9571617,0.222075,0.777925,,0.7307216,0.8336279,0.5657631,0.9158311,45.16002,53.26236,,1.577611,38.27607,46.33388,,0.8392513,52.10907,60.14795,,2.413587,-8.102341,-21.83104,5.740767,1,2020-09-04,22:34:02  4 Sep 2020,40000
2020,President,Trump,Biden,,24,0.000375,0.0197163,0.002475,0.997525,,0.6565657,0.7090299,0.0056655,0.9988349,35.77118,62.85073,,1.378088,30.70094,57.73602,,0.7357545,40.89481,67.90356,,2.104562,-27.07956,-37.13946,-16.88654,1,2020-09-04,22:34:02  4 Sep 2020,40000
2020,President,Trump,Biden,,25,0.000325,0.0136494,0.002875,0.997125,,0.773913,0.7094898,0.0077573,0.999082,33.51379,64.86981,,1.61639,27.32209,58.57843,,0.8590542,39.78609,71.09157,,2.474771,-31.35602,-43.74616,-18.80237,1,2020-09-04,22:34:02  4 Sep 2020,40000
2020,President,Trump,Biden,,15,0.0005125,0.1639186,0.014125,0.985875,,0.580531,0.7122861,0.0285889,0.9917032,32.55282,65.56049,,1.886691,24.38812,57.22227,,0.9983171,40.92725,73.7047,,2.895875,-33.00768,-49.22159,-16.31917,1,2020-09-04,22:34:02  4 Sep 2020,40000
2020,President,Trump,Biden,,16,2.5e-05,0.0042288,0.9943,0.0057,,0.2883939,0.9824561,0.9997385,0.0079085,62.72079,34.11052,,3.168689,56.37397,27.89442,,1.650486,68.99901,40.42915,,4.908952,28.61027,16.07607,40.97422,1,2020-09-04,22:34:02  4 Sep 2020,40000
2020,President,Trump,Biden,,09,0.00085,0.0726902,0.01955,0.98045,,0.9526854,0.7213014,0.0649351,0.998729,40.27201,58.77089,,0.957094,34.84507,53.25882,,0.5158039,45.7757,64.20973,,1.45316,-18.49888,-29.34317,-7.48621,1,2020-09-04,22:34:02  4 Sep 2020,40000
2020,President,Trump,Biden,,13,0.0160375,0.5292251,0.68425,0.31575,,0.4133723,0.9871734,0.9861414,0.4401921,51.19336,47.95425,,0.8523909,46.76996,43.53185,,0.4606841,55.62699,52.3786,,1.291787,3.239119,-5.603851,12.09437,1,2020-09-04,22:34:02  4 Sep 2020,40000
2020,President,Trump,Biden,,12,0.1731375,2.421536,0.421375,0.578625,,0.6528033,0.9793908,0.9590343,0.8003107,48.83101,50.35325,,0.8157455,43.85278,45.38471,,0.441361,53.81052,55.32567,,1.235377,-1.522241,-11.46432,8.433971,1,2020-09-04,22:34:02  4 Sep 2020,40000
2020,President,Trump,Biden,,11,0.0,0.0,0.0,1.0,,,0.7081,0.0,1.0,5.789726,90.63177,,3.578509,3.177209,87.20525,,1.856398,8.55459,93.80255,,5.556607,-84.84204,-90.37457,-78.99856,1,2020-09-04,22:34:02  4 Sep 2020,40000
2020,President,Trump,Biden,,10,1.25e-05,0.0035766,0.003125,0.996875,,0.976,0.7102445,0.0106337,0.9998941,38.79914,60.04367,,1.157194,34.29797,55.50568,,0.6206259,43.33058,64.54324,,1.76229,-21.24453,-30.21988,-12.19896,1,2020-09-04,22:34:02  4 Sep 2020,40000
2020,President,Trump,Biden,,08,0.0211875,1.032911,0.1419,0.8581,,0.8636364,0.8031698,0.427264,0.9733089,44.4789,53.60238,,1.918725,38.98174,48.0461,,1.014777,50.01975,59.10577,,2.94583,-9.12348,-20.06703,1.914112,1,2020-09-04,22:34:02  4 Sep 2020,40000
2020,President,Trump,Biden,,06,0.0020125,0.0201307,0.002925,0.997075,,0.6324787,0.7090991,0.0064499,0.9984819,33.98276,64.0302,,1.987037,28.3529,58.24431,,1.049818,39.73999,69.69835,,3.052377,-30.04744,-41.27468,-18.57719,1,2020-09-04,22:34:02  4 Sep 2020,40000
2020,President,Trump,Biden,,05,0.0004,0.0498557,0.93765,0.06235,,0.3049112,0.9847634,0.996775,0.0867109,56.66648,41.69372,,1.639797,50.51865,35.56174,,0.8711263,62.77972,47.82274,,2.511194,14.97276,2.761143,27.16612,1,2020-09-04,22:34:02  4 Sep 2020,40000
2020,President,Trump,Biden,,04,0.061375,3.104473,0.4023,0.5977,,0.6186925,0.9313619,0.8677765,0.7861531,48.25659,50.36747,,1.375941,42.71805,44.78214,,0.7346395,53.82396,55.93186,,2.101223,-2.110883,-13.17832,9.010096,1,2020-09-04,22:34:02  4 Sep 2020,40000
2020,President,Trump,Biden,,02,0.0017875,0.7981632,0.8103,0.1897,,0.344934,0.959805,0.9744618,0.2571318,53.4358,44.28835,,2.275856,46.61341,37.48969,,1.197648,60.27762,51.13225,,3.504157,9.147451,-4.496809,22.70419,1,2020-09-04,22:34:02  4 Sep 2020,40000
2020,President,Trump,Biden,,01,0.00025,0.0167736,0.98025,0.01975,,0.2918643,0.9620253,0.9974723,0.0268324,59.97263,39.23307,,0.7943006,54.07977,33.41877,,0.4300432,65.79517,45.12006,,1.202389,20.73956,8.980061,32.37239,1,2020-09-04,22:34:02  4 Sep 2020,40000
2020,President,Trump,Biden,,28,0.00225,0.2628632,0.87585,0.12415,,0.3164355,0.9206605,0.9662687,0.1614179,55.83073,43.40163,,0.7676435,48.82153,36.47998,,0.4159616,62.75232,50.41204,,1.161375,12.4291,-1.575619,26.2589,1,2020-09-04,22:34:02  4 Sep 2020,40000
2020,President,Trump,Biden,,27,0.0662375,3.069726,0.2376,0.7624,,0.8485901,0.8828699,0.7029548,0.950572,46.5332,51.9874,,1.479403,41.59135,47.02452,,0.7882752,51.50268,56.93316,,2.261871,-5.454209,-15.29247,4.44014,1,2020-09-04,22:34:02  4 Sep 2020,40000
2020,President,Trump,Biden,,29,0.000875,0.0433053,0.901525,0.098475,,0.3175175,0.994161,0.9979953,0.1382573,54.7034,43.83372,,1.462887,49.27755,38.42642,,0.7797241,60.12444,49.23109,,2.23622,10.86968,0.0749798,21.68812,1,2020-09-04,22:34:02  4 Sep 2020,40000
2020,President,Trump,Biden,,56,0.0,0.0,0.99805,0.00195,,0.2873353,0.974359,0.9998257,0.0026832,68.50888,28.02921,,3.461909,61.76955,21.51033,,1.797907,75.16378,34.62988,,5.372057,40.47968,27.28755,53.51298,1,2020-09-04,22:34:02  4 Sep 2020,40000
2020,President,Trump,Biden,,42,0.2937875,6.654472,0.30185,0.69815,,0.8549777,0.9558118,0.8997647,0.942381,47.83518,51.42511,,0.7397167,43.27608,46.86904,,0.4011934,52.39314,55.976,,1.118428,-3.58993,-12.70351,5.516884,1,2020-09-04,22:34:02  4 Sep 2020,40000
2020,President,Trump,Biden,,30,0.0009125,0.244043,0.883075,0.116925,,0.3214903,0.9741287,0.9898021,0.160853,55.08334,42.80473,,2.111932,48.4086,36.19479,,1.113818,61.71746,49.48064,,3.247512,12.27861,-1.050253,25.45729,1,2020-09-04,22:34:02  4 Sep 2020,40000
2020,President,Trump,Biden,,55,0.0808125,3.768055,0.2511,0.7489,,0.8711669,0.9036587,0.7626601,0.9557266,46.86184,52.12422,,1.013935,41.77333,47.0327,,0.5456158,51.95599,57.20663,,1.54094,-5.262378,-15.43015,4.894102,1,2020-09-04,22:34:02  4 Sep 2020,40000
2020,President,Trump,Biden,,54,0.0001375,0.0292037,0.992375,0.007625,,0.2887769,0.9672131,0.9991284,0.0104152,66.22839,31.91871,,1.852901,58.72616,24.58026,,0.9809445,73.56124,39.33748,,2.843078,34.30967,19.40792,48.9691,1,2020-09-04,22:34:02  4 Sep 2020,40000
2020,President,Trump,Biden,,53,0.0012375,0.0482656,0.01215,0.98785,,0.7757202,0.714076,0.0328598,0.996187,36.89155,60.81484,,2.293605,30.76694,54.58096,,1.206712,43.13338,66.96992,,3.531984,-23.92329,-36.11362,-11.49564,1,2020-09-04,22:34:02  4 Sep 2020,40000
2020,President,Trump,Biden,,51,0.01265,0.4287784,0.06345,0.93655,,0.9751773,0.7544979,0.2157239,0.9979169,44.10994,54.83901,,1.051047,39.66516,50.36842,,0.5650623,48.59447,59.29485,,1.598148,-10.72907,-19.60565,-1.817886,1,2020-09-04,22:34:02  4 Sep 2020,40000
2020,President,Trump,Biden,,50,0.0002875,0.1348477,0.008525,0.991475,,0.6744868,0.7114148,0.0200471,0.9961163,31.33713,65.90485,,2.758027,23.37632,57.76758,,1.442977,39.43109,73.91402,,4.262024,-34.56772,-50.49059,-18.42138,1,2020-09-04,22:34:02  4 Sep 2020,40000
2020,President,Trump,Biden,,49,0.0004875,0.0575921,0.95615,0.04385,,0.2982796,0.9618016,0.9943345,0.0595608,56.96069,39.66914,,3.370173,50.53807,33.36565,,1.751859,63.34167,46.03735,,5.227018,17.29156,4.671806,29.8518,1,2020-09-04,22:34:02  4 Sep 2020,40000
2020,President,Trump,Biden,,47,0.0006375,0.0342651,0.9562,0.0438,,0.2992575,0.984589,0.9976466,0.0609024,57.74143,41.14915,,1.109418,51.76244,35.19817,,0.5956354,63.68702,47.13162,,1.688364,16.59227,4.639519,28.47017,1,2020-09-04,22:34:02  4 Sep 2020,40000
2020,President,Trump,Biden,,46,0.000275,0.0988029,0.96605,0.03395,,0.2956628,0.9639176,0.9958163,0.0462152,59.68927,38.79427,,1.516458,52.74769,31.92333,,0.8074432,66.57254,45.72088,,2.319437,20.89499,7.025866,34.58322,1,2020-09-04,22:34:02  4 Sep 2020,40000
2020,President,Trump,Biden,,45,0.0013625,0.0886792,0.8783,0.1217,,0.3256006,0.9930156,0.9970365,0.170668,53.94703,45.15192,,0.901054,49.0706,40.31708,,0.4863168,58.79817,50.00542,,1.366753,8.795102,-0.9166241,18.46291,1,2020-09-04,22:34:02  4 Sep 2020,40000
2020,President,Trump,Biden,,44,0.0003,0.0890151,0.014975,0.985025,,0.9248748,0.7177229,0.0482873,0.9984112,37.6917,60.84321,,1.465089,31.28874,54.37458,,0.7808647,44.1384,67.28534,,2.239641,-23.15151,-35.97427,-10.26741,1,2020-09-04,22:34:02  4 Sep 2020,40000
2020,President,Trump,Biden,,48,0.0146,0.2190266,0.714625,0.285375,,0.4006647,0.9981603,0.9982568,0.4022737,51.65501,47.31242,,1.032568,46.74252,42.35343,,0.5553811,56.58005,52.23341,,1.569647,4.342597,-5.474157,14.21136,1,2020-09-04,22:34:02  4 Sep 2020,40000
2020,President,Trump,Biden,,41,0.0064625,0.4354213,0.083975,0.916025,,0.7633224,0.751426,0.2234812,0.9720731,41.66986,55.88809,,2.442053,35.10767,49.27648,,1.282415,48.2717,62.49639,,3.765117,-14.21824,-27.32934,-1.078575,1,2020-09-04,22:34:02  4 Sep 2020,40000
2020,President,Trump,Biden,,35,0.0091375,1.595903,0.08355,0.91645,,0.9009575,0.763926,0.2624423,0.9887022,43.01295,55.12268,,1.864371,37.46844,49.53518,,0.9868428,48.5918,60.68462,,2.860997,-12.10972,-23.15273,-0.9807396,1,2020-09-04,22:34:02  4 Sep 2020,40000
2020,President,Trump,Biden,,40,1.25e-05,0.0012649,0.992825,0.007175,,0.2886209,0.9616725,0.9990412,0.0097444,63.14276,35.65315,,1.204094,57.12178,29.67987,,0.64513,69.09725,41.68839,,1.834788,27.48961,15.45074,39.39841,1,2020-09-04,22:34:02  4 Sep 2020,40000
2020,President,Trump,Biden,,32,0.0291875,3.400895,0.2176,0.7824,,0.8633962,0.8678426,0.6550161,0.9589041,46.01003,52.13012,,1.859853,40.91228,47.0052,,0.9845198,51.08971,57.26328,,2.853939,-6.120089,-16.32398,4.072256,1,2020-09-04,22:34:02  4 Sep 2020,40000
2020,President,Trump,Biden,,33,0.016425,3.042878,0.282525,0.717475,,0.7337404,0.8833409,0.7227404,0.895036,46.4203,52.52684,,1.052858,39.50725,45.56554,,0.5660112,53.38107,59.4521,,1.600945,-6.106542,-19.93608,7.798893,1,2020-09-04,22:34:02  4 Sep 2020,40000
2020,President,Trump,Biden,,34,0.008125,0.2935621,0.039175,0.960825,,0.7740906,0.7278641,0.1057265,0.987643,40.71357,58.38176,,0.9046738,34.59174,52.25535,,0.4882218,46.84324,64.51582,,1.37233,-17.6682,-29.93099,-5.431923,1,2020-09-04,22:34:02  4 Sep 2020,40000
2020,President,Trump,Biden,,31,7.5e-05,0.012655,0.985375,0.014625,,0.2910313,0.9965812,0.9998257,0.0205833,58.61766,39.56322,,1.819115,53.37329,34.37396,,0.9619938,63.83607,44.78003,,2.789651,19.05443,8.635185,29.42599,1,2020-09-04,22:34:02  4 Sep 2020,40000
2020,President,Trump,Biden,,36,0.00065,0.0122635,0.002025,0.997975,,0.9012346,0.7093364,0.0063628,0.9997175,36.73416,62.18507,,1.08077,31.7901,57.19244,,0.5806305,41.69509,67.15228,,1.644061,-25.45091,-35.34855,-15.5117,1,2020-09-04,22:34:02  4 Sep 2020,40000
2020,President,Trump,Biden,,37,0.05735,1.633219,0.4806,0.5194,,0.5706929,0.9749711,0.9562451,0.7151532,49.42755,49.80369,,0.7687625,44.6654,45.07685,,0.416553,54.16533,54.55013,,1.163096,-0.3761366,-9.894669,9.099577,1,2020-09-04,22:34:02  4 Sep 2020,40000
2020,President,Trump,Biden,,38,6.25e-05,0.028026,0.98805,0.01195,,0.2901422,0.9874477,0.999477,0.0166643,60.93132,36.36663,,2.702047,54.65798,30.16991,,1.414593,67.19321,42.59438,,4.174044,24.56469,12.15591,36.93209,1,2020-09-04,22:34:02  4 Sep 2020,40000
2020,President,Trump,Biden,,39,0.02225,0.5565159,0.606775,0.393225,,0.4706028,0.996694,0.9955548,0.5534882,50.49517,48.45269,,1.05214,45.52475,43.48275,,0.5656352,55.4714,53.40997,,1.599837,2.042485,-7.852169,11.96869,1,2020-09-04,22:34:02  4 Sep 2020,40000
2020,President,Trump,Biden,,15,0.0004375,0.1465932,0.01285,0.98715,,0.5642023,0.7048574,0.024725,0.9921574,32.56909,65.5408,,1.890104,24.33799,57.19621,,0.9980023,40.89322,73.79181,,2.882598,-32.97171,-49.43317,-16.35107,1,2020-09-03,21:55:03  3 Sep 2020,40000
2020,President,Trump,Biden,,26,0.0691875,1.950155,0.182975,0.817025,,0.9573712,0.849209,0.5974081,0.9893412,46.02262,52.83273,,1.144641,41.09939,47.94965,,0.6128525,50.90566,57.758,,1.731045,-6.81011,-16.61672,2.914547,1,2020-09-03,21:55:03  3 Sep 2020,40000
2020,President,Trump,Biden,,25,0.0001375,0.0058961,0.002625,0.997375,,0.7428572,0.7025191,0.0066502,0.9991088,33.53411,64.84552,,1.620366,27.25101,58.52385,,0.8593924,39.81504,71.15253,,2.464732,-31.31141,-43.87484,-18.73833,1,2020-09-03,21:55:03  3 Sep 2020,40000
2020,President,Trump,Biden,,24,0.000275,0.0140476,0.002075,0.997925,,0.6987952,0.702157,0.004945,0.9991444,35.76815,62.85234,,1.379514,30.62956,57.66695,,0.7349484,40.94848,68.00462,,2.092954,-27.08419,-37.36776,-16.74875,1,2020-09-03,21:55:03  3 Sep 2020,40000
2020,President,Trump,Biden,,23,0.0053625,1.007122,0.2239,0.7761,,0.7409558,0.8299188,0.5657771,0.9184372,45.21881,53.20263,,1.578569,38.2658,46.26225,,0.8384676,52.18555,60.14738,,2.401712,-7.983819,-21.86015,5.901316,1,2020-09-03,21:55:03  3 Sep 2020,40000
2020,President,Trump,Biden,,22,0.0015875,0.1117381,0.92495,0.07505,,0.3136115,0.9556962,0.9892574,0.1022744,57.30896,41.83261,,0.8584349,50.55746,35.05837,,0.4631121,64.06715,48.6027,,1.292733,15.47635,1.947304,28.99704,1,2020-09-03,21:55:03  3 Sep 2020,40000
2020,President,Trump,Biden,,21,0.000175,0.0128822,0.97695,0.02305,,0.299913,0.9902386,0.9992326,0.0325467,59.41095,39.39214,,1.196911,53.31647,33.36532,,0.6400807,65.43562,45.48981,,1.811505,20.01881,7.831982,32.06837,1,2020-09-03,21:55:03  3 Sep 2020,40000
2020,President,Trump,Biden,,20,0.00015,0.0179179,0.928025,0.071975,,0.3158051,0.9979159,0.9994885,0.1024169,55.22166,42.86994,,1.908404,49.82666,37.49494,,1.007379,60.60582,48.26911,,2.910973,12.35172,1.576357,23.0378,1,2020-09-03,21:55:03  3 Sep 2020,40000
2020,President,Trump,Biden,,19,0.003175,0.2881599,0.691875,0.308125,,0.422981,0.9978905,0.9980391,0.4384358,51.41238,47.18736,,1.400267,45.8392,41.62231,,0.7457032,56.97811,52.72991,,2.124958,4.225017,-6.880182,15.32223,1,2020-09-03,21:55:03  3 Sep 2020,40000
2020,President,Trump,Biden,,18,0.00015,0.007637,0.9535,0.0465,,0.3074725,0.9989247,0.9998295,0.0662341,56.24234,42.34993,,1.407722,51.03031,37.16199,,0.7495655,61.40797,47.56725,,2.136442,13.89241,3.456841,24.2211,1,2020-09-03,21:55:03  3 Sep 2020,40000
2020,President,Trump,Biden,,17,0.0007,0.0176282,0.0066,0.9934,,0.9772727,0.7058083,0.0219968,0.9997861,38.94045,59.49877,,1.560778,34.02081,54.56428,,0.828666,43.88422,64.43745,,2.372538,-20.55832,-30.41544,-10.72114,1,2020-09-03,21:55:03  3 Sep 2020,40000
2020,President,Trump,Biden,,16,2.5e-05,0.0056071,0.9948,0.0052,,0.2947075,0.9903846,0.9998295,0.0073435,62.8218,34.00639,,3.171812,56.39743,27.68009,,1.648516,69.22492,40.38777,,4.881722,28.8154,16.18549,41.40777,1,2020-09-03,21:55:03  3 Sep 2020,40000
2020,President,Trump,Biden,,28,0.00265,0.3070538,0.878725,0.121275,,0.3237645,0.9253762,0.9702447,0.1600242,55.89828,43.33418,,0.7675351,48.9307,36.36622,,0.4152429,62.8808,50.29388,,1.153808,12.5641,-1.359039,26.497,1,2020-09-03,21:55:03  3 Sep 2020,40000
2020,President,Trump,Biden,,13,0.0167375,0.5497729,0.6803,0.3197,,0.4247391,0.9855333,0.9854208,0.4492728,51.19996,47.94817,,0.8518659,46.68552,43.45147,,0.4596583,55.69267,52.46033,,1.282686,3.25179,-5.776245,12.25591,1,2020-09-03,21:55:03  3 Sep 2020,40000
2020,President,Trump,Biden,,12,0.1919,2.685011,0.41305,0.58695,,0.6796393,0.9777238,0.9573706,0.8183017,48.71515,50.46831,,0.8165429,43.59409,45.36028,,0.4410716,53.82214,55.60612,,1.228678,-1.753168,-12.00438,8.436148,1,2020-09-03,21:55:03  3 Sep 2020,40000
2020,President,Trump,Biden,,11,0.0,0.0,0.0,1.0,,,0.7013,0.0,1.0,5.76491,90.65627,,3.578816,3.185126,87.24887,,1.852761,8.506464,93.80068,,5.520068,-84.89137,-90.34975,-79.10309,1,2020-09-03,21:55:03  3 Sep 2020,40000
2020,President,Trump,Biden,,10,0.0001,0.0302943,0.002725,0.997275,,0.9816514,0.7031912,0.0091227,0.9999644,38.82279,60.01793,,1.159283,34.22925,55.45707,,0.6204818,43.37495,64.63988,,1.753576,-21.19514,-30.39497,-12.08323,1,2020-09-03,21:55:03  3 Sep 2020,40000
2020,President,Trump,Biden,,09,0.00065,0.0555665,0.020475,0.979525,,0.949939,0.7149383,0.0663313,0.9985741,40.3008,58.74019,,0.9590099,34.75876,53.18845,,0.5158942,45.83142,64.29532,,1.446562,-18.43939,-29.53591,-7.389942,1,2020-09-03,21:55:03  3 Sep 2020,40000
2020,President,Trump,Biden,,08,0.0219625,1.064722,0.14685,0.85315,,0.8712972,0.8006212,0.4363543,0.9739769,44.52571,53.55428,,1.920011,38.9516,47.97089,,1.013325,50.11777,59.12088,,2.928982,-9.028564,-20.10938,2.078789,1,2020-09-03,21:55:03  3 Sep 2020,40000
2020,President,Trump,Biden,,06,0.001325,0.0130011,0.002675,0.997325,,0.6261683,0.7022034,0.0057123,0.9986097,33.97895,64.03271,,1.988337,28.25465,58.22229,,1.048299,39.76226,69.82415,,3.035127,-30.05376,-41.52924,-18.54184,1,2020-09-03,21:55:03  3 Sep 2020,40000
2020,President,Trump,Biden,,05,0.0005,0.0604505,0.936925,0.063075,,0.3120047,0.9849386,0.9969307,0.0885855,56.7568,41.60305,,1.640156,50.49591,35.41398,,0.8695881,62.96816,47.88864,,2.495365,15.15375,2.621439,27.51379,1,2020-09-03,21:55:03  3 Sep 2020,40000
2020,President,Trump,Biden,,04,0.061425,3.106026,0.4098,0.5902,,0.6224988,0.930532,0.8699804,0.7831171,48.29024,50.33417,,1.375594,42.63018,44.60558,,0.7329162,54.01628,56.01153,,2.086908,-2.043927,-13.38626,9.421728,1,2020-09-03,21:55:03  3 Sep 2020,40000
2020,President,Trump,Biden,,02,0.0024,1.079238,0.8098,0.1902,,0.3524636,0.9587277,0.9733993,0.2600171,53.52921,44.19513,,2.275658,46.5561,37.2608,,1.195024,60.46232,51.18465,,3.481745,9.334074,-4.56296,23.13888,1,2020-09-03,21:55:03  3 Sep 2020,40000
2020,President,Trump,Biden,,01,0.0002625,0.0179882,0.979325,0.020675,,0.2985985,0.9600967,0.9972717,0.0283046,60.02541,39.18071,,0.7938735,54.10234,33.21642,,0.4291303,65.98277,45.09819,,1.194037,20.8447,9.039894,32.78908,1,2020-09-03,21:55:03  3 Sep 2020,40000
2020,President,Trump,Biden,,27,0.068625,3.180954,0.248475,0.751525,,0.8426401,0.882938,0.7140421,0.9461714,46.64858,51.85379,,1.497626,41.61772,46.82012,,0.7960578,51.69927,56.88748,,2.27501,-5.205212,-15.25147,4.816124,1,2020-09-03,21:55:03  3 Sep 2020,40000
2020,President,Trump,Biden,,29,0.0006125,0.0315038,0.90085,0.09915,,0.3249153,0.9944528,0.9982096,0.140596,54.76893,43.76788,,1.463187,49.24978,38.29718,,0.7782674,60.24165,49.23959,,2.221911,11.00105,0.0387192,21.92205,1,2020-09-03,21:55:03  3 Sep 2020,40000
2020,President,Trump,Biden,,56,0.0,0.0,0.998125,0.001875,,0.2936005,0.9066667,0.9994032,0.0024241,68.63005,27.90505,,3.464895,61.91687,21.36969,,1.795674,75.26582,34.51088,,5.341133,40.725,27.60978,53.73949,1,2020-09-03,21:55:03  3 Sep 2020,40000
2020,President,Trump,Biden,,42,0.2778625,6.293347,0.316125,0.683875,,0.8461052,0.958874,0.9121835,0.9350492,47.93094,51.32991,,0.7391485,43.263,46.70308,,0.4002595,52.571,55.98478,,1.110475,-3.398963,-12.72468,5.860411,1,2020-09-03,21:55:03  3 Sep 2020,40000
2020,President,Trump,Biden,,55,0.0812375,3.789887,0.26045,0.73955,,0.8674409,0.9038267,0.7704834,0.9531228,46.94719,52.03644,,1.016367,41.74412,46.83693,,0.5459142,52.16204,57.22054,,1.534365,-5.089245,-15.46022,5.331837,1,2020-09-03,21:55:03  3 Sep 2020,40000
2020,President,Trump,Biden,,54,0.0001,0.02011,0.99325,0.00675,,0.2950919,0.9777778,0.9995737,0.0094111,66.35372,31.79221,,1.854075,58.85138,24.44884,,0.9795315,73.75141,39.28486,,2.826749,34.56151,19.60245,49.28852,1,2020-09-03,21:55:03  3 Sep 2020,40000
2020,President,Trump,Biden,,53,0.0011875,0.0464996,0.012325,0.987675,,0.7586207,0.7070392,0.0318868,0.9957579,36.92981,60.77298,,2.297205,30.72663,54.54284,,1.206002,43.13812,67.01259,,3.515298,-23.84317,-36.18725,-11.48476,1,2020-09-03,21:55:03  3 Sep 2020,40000
2020,President,Trump,Biden,,51,0.0133375,0.450642,0.066425,0.933575,,0.9725254,0.7493774,0.2203086,0.9975759,44.15062,54.79669,,1.052688,39.6411,50.27267,,0.564889,48.65588,59.31957,,1.589919,-10.64607,-19.67773,-1.648315,1,2020-09-03,21:55:03  3 Sep 2020,40000
2020,President,Trump,Biden,,50,0.00015,0.0648163,0.00835,0.99165,,0.6676646,0.7044572,0.0190127,0.9961144,31.38634,65.853,,2.760667,23.41145,57.74542,,1.441151,39.45653,73.88807,,4.238699,-34.46666,-50.39643,-18.38659,1,2020-09-03,21:55:03  3 Sep 2020,40000
2020,President,Trump,Biden,,49,0.0007625,0.0894815,0.9548,0.0452,,0.3060065,0.9767699,0.9964191,0.0629545,57.04719,39.58172,,3.371092,50.5678,33.199,,1.748609,63.50525,46.0177,,5.193892,17.46547,4.665787,30.15726,1,2020-09-03,21:55:03  3 Sep 2020,40000
2020,President,Trump,Biden,,48,0.0111,0.1667511,0.74215,0.25785,,0.3946305,0.9985456,0.9988064,0.3671396,52.01133,46.95844,,1.030229,46.96744,41.90755,,0.5531586,57.05167,52.02265,,1.555565,5.052893,-5.039776,15.11415,1,2020-09-03,21:55:03  3 Sep 2020,40000
2020,President,Trump,Biden,,47,0.00065,0.0348396,0.956225,0.043775,,0.3060472,0.9862936,0.9980391,0.0615642,57.8055,41.08483,,1.109675,51.75983,35.01263,,0.5946242,63.87142,47.11752,,1.677289,16.72067,4.662092,28.83488,1,2020-09-03,21:55:03  3 Sep 2020,40000
2020,President,Trump,Biden,,46,0.000125,0.0460497,0.96625,0.03375,,0.3026391,0.9748148,0.9972717,0.0469129,59.7689,38.71311,,1.51799,52.85626,31.78386,,0.8065776,66.69887,45.63626,,2.306416,21.05579,7.228535,34.88016,1,2020-09-03,21:55:03  3 Sep 2020,40000
2020,President,Trump,Biden,,45,0.00105,0.0666401,0.87605,0.12395,,0.3339136,0.9937475,0.9976128,0.1756381,53.98362,45.11588,,0.9005084,49.05334,40.22966,,0.4852147,58.87423,50.04483,,1.357095,8.867744,-0.9580135,18.63721,1,2020-09-03,21:55:03  3 Sep 2020,40000
2020,President,Trump,Biden,,44,0.0003,0.0864218,0.014725,0.985275,,0.9269949,0.7107153,0.0465513,0.9985028,37.73183,60.80162,,1.466546,31.25574,54.30902,,0.7800045,44.23949,67.311,,2.22709,-23.06979,-36.01089,-10.10015,1,2020-09-03,21:55:03  3 Sep 2020,40000
2020,President,Trump,Biden,,30,0.00095,0.267415,0.88305,0.11695,,0.3291716,0.9769132,0.9913036,0.1629117,55.1524,42.73846,,2.10914,48.41046,36.02888,,1.110056,61.86346,49.49297,,3.222801,12.41395,-1.004938,25.80834,1,2020-09-03,21:55:03  3 Sep 2020,40000
2020,President,Trump,Biden,,41,0.00695,0.4637921,0.0853,0.9147,,0.7614303,0.7448617,0.2215023,0.9715172,41.71983,55.83514,,2.445037,35.14594,49.21878,,1.281218,48.30639,62.43072,,3.745776,-14.11531,-27.21237,-0.9738235,1,2020-09-03,21:55:03  3 Sep 2020,40000
2020,President,Trump,Biden,,39,0.0216,0.5406752,0.61075,0.38925,,0.4785919,0.9974952,0.9968454,0.5536504,50.55027,48.39674,,1.052993,45.4913,43.36871,,0.5650481,55.58975,53.44855,,1.590385,2.153526,-7.933136,12.21223,1,2020-09-03,21:55:03  3 Sep 2020,40000
2020,President,Trump,Biden,,38,7.5e-05,0.0318644,0.988475,0.011525,,0.2964415,0.9826464,0.9993179,0.0161486,60.99626,36.30178,,2.701965,54.59319,29.94938,,1.411469,67.37514,42.67654,,4.146971,24.69448,11.97532,37.31646,1,2020-09-03,21:55:03  3 Sep 2020,40000
2020,President,Trump,Biden,,37,0.059525,1.689401,0.48755,0.51245,,0.5765049,0.9749731,0.9585642,0.7124269,49.4697,49.76224,,0.7680629,44.61786,44.95335,,0.4155214,54.29156,54.61776,,1.154614,-0.2925406,-10.00174,9.341051,1,2020-09-03,21:55:03  3 Sep 2020,40000
2020,President,Trump,Biden,,36,0.00055,0.0100407,0.001775,0.998225,,0.8591549,0.7022966,0.0052008,0.9996435,36.75475,62.16162,,1.083619,31.72507,57.09017,,0.5810308,41.8148,67.19913,,1.63729,-25.40687,-35.4323,-15.27538,1,2020-09-03,21:55:03  3 Sep 2020,40000
2020,President,Trump,Biden,,35,0.0086875,1.506593,0.08775,0.91225,,0.9062678,0.7600164,0.2712081,0.9886283,43.08755,55.04552,,1.866935,37.49762,49.39655,,0.9861259,48.71138,60.69708,,2.846682,-11.95797,-23.14556,-0.729948,1,2020-09-03,21:55:03  3 Sep 2020,40000
2020,President,Trump,Biden,,34,0.0072875,0.2652637,0.0377,0.9623,,0.785809,0.7205133,0.1010316,0.9886639,40.68374,58.4098,,0.9064531,34.53544,52.19586,,0.4883349,46.90305,64.57394,,1.366186,-17.72606,-30.03537,-5.312782,1,2020-09-03,21:55:03  3 Sep 2020,40000
2020,President,Trump,Biden,,33,0.0162875,3.025495,0.287775,0.712225,,0.7379029,0.8803047,0.7241879,0.8940182,46.48129,52.46373,,1.054986,39.45723,45.454,,0.5660889,53.48763,59.49734,,1.593435,-5.98244,-20.03378,8.02091,1,2020-09-03,21:55:03  3 Sep 2020,40000
2020,President,Trump,Biden,,32,0.02685,3.11588,0.223775,0.776225,,0.8643727,0.8652775,0.659647,0.9577214,46.05032,52.09079,,1.858896,40.82168,46.85779,,0.9820033,51.27917,57.34146,,2.83422,-6.040475,-16.44839,4.353577,1,2020-09-03,21:55:03  3 Sep 2020,40000
2020,President,Trump,Biden,,31,0.0,0.0,0.98595,0.01405,,0.2973021,0.9928825,0.9996589,0.0198916,58.70132,39.47781,,1.820873,53.39012,34.21045,,0.9618043,63.99696,44.79988,,2.775161,19.22352,8.63719,29.70641,1,2020-09-03,21:55:03  3 Sep 2020,40000
2020,President,Trump,Biden,,40,7.5e-05,0.0066645,0.99345,0.00655,,0.2950073,0.9770992,0.9994885,0.0091259,63.23042,35.5657,,1.203881,57.16977,29.5629,,0.6437089,69.24498,41.64746,,1.822239,27.66471,15.56429,39.64685,1,2020-09-03,21:55:03  3 Sep 2020,40000
2020,President,Trump,Biden,,22,0.00185,0.1318812,0.925675,0.074325,,0.3117995,0.9539186,0.9887804,0.1008069,57.31703,41.82589,,0.8570773,50.51804,35.07091,,0.4573293,64.06464,48.60031,,1.305393,15.49114,1.929035,28.98633,1,2020-09-02,21:52:26  2 Sep 2020,40000
2020,President,Trump,Biden,,18,5e-05,0.0024899,0.952425,0.047575,,0.3063758,0.997898,0.9996574,0.0675008,56.23622,42.35767,,1.406104,50.97664,37.17812,,0.740804,61.42941,47.61668,,2.15937,13.87855,3.388798,24.24133,1,2020-09-02,21:52:26  2 Sep 2020,40000
2020,President,Trump,Biden,,19,0.0029,0.2626795,0.69255,0.30745,,0.4204029,0.9975606,0.9974306,0.4360715,51.4355,47.16602,,1.398482,45.81917,41.60707,,0.7368983,56.99255,52.79116,,2.147429,4.269487,-6.932501,15.34638,1,2020-09-02,21:52:26  2 Sep 2020,40000
2020,President,Trump,Biden,,20,8.75e-05,0.0101743,0.9298,0.0702,,0.3137234,0.997151,0.9993148,0.0995272,55.24491,42.84839,,1.906698,49.87718,37.51815,,0.9958936,60.63428,48.2298,,2.943043,12.39652,1.711906,23.04448,1,2020-09-02,21:52:26  2 Sep 2020,40000
2020,President,Trump,Biden,,21,5e-05,0.003047,0.9751,0.0249,,0.2990462,0.9879518,0.9989722,0.0349767,59.42322,39.38101,,1.195771,53.31452,33.35802,,0.6327183,65.46873,45.48445,,1.831318,20.04221,7.843611,32.09266,1,2020-09-02,21:52:26  2 Sep 2020,40000
2020,President,Trump,Biden,,27,0.0704375,3.285641,0.253075,0.746925,,0.8373012,0.8881079,0.7259336,0.9431629,46.69255,51.82295,,1.484503,41.61002,46.76505,,0.7809378,51.72306,56.90855,,2.281891,-5.1304,-15.25921,4.919319,1,2020-09-02,21:52:26  2 Sep 2020,40000
2020,President,Trump,Biden,,23,0.004125,0.7700996,0.227,0.773,,0.7351322,0.832665,0.5716855,0.915153,45.216,53.20732,,1.576679,38.22904,46.22179,,0.8269614,52.20718,60.22446,,2.424734,-7.991314,-21.92538,5.952946,1,2020-09-02,21:52:26  2 Sep 2020,40000
2020,President,Trump,Biden,,24,0.0003125,0.0149136,0.002225,0.997775,,0.6966292,0.7042169,0.00531,0.9990402,35.79208,62.82946,,1.378464,30.67648,57.62275,,0.7266384,41.00289,67.98605,,2.116083,-27.03738,-37.27609,-16.66869,1,2020-09-02,21:52:26  2 Sep 2020,40000
2020,President,Trump,Biden,,25,0.000225,0.0094691,0.002675,0.997325,,0.7757009,0.7046098,0.0071086,0.9991469,33.56754,64.81129,,1.621164,27.27071,58.4173,,0.8507338,39.90936,71.14291,,2.495567,-31.24376,-43.837,-18.56226,1,2020-09-02,21:52:26  2 Sep 2020,40000
2020,President,Trump,Biden,,26,0.0722125,2.035481,0.183825,0.816175,,0.9556643,0.8520844,0.6018328,0.9888032,46.04065,52.81626,,1.143083,41.13894,47.8867,,0.6055483,50.98434,57.73032,,1.749394,-6.775607,-16.58781,3.078022,1,2020-09-02,21:52:26  2 Sep 2020,40000
2020,President,Trump,Biden,,16,0.0,0.0,0.994175,0.005825,,0.29356,0.9914163,0.9998287,0.008211,62.79703,34.0379,,3.165069,56.32431,27.71525,,1.627149,69.19888,40.47191,,4.92948,28.75913,16.00357,41.384,1,2020-09-02,21:52:26  2 Sep 2020,40000
2020,President,Trump,Biden,,17,0.0005375,0.0135467,0.005975,0.994025,,0.9665272,0.7073514,0.0197842,0.9997156,38.95979,59.48285,,1.557361,34.0602,54.54045,,0.8181885,43.87464,64.39929,,2.395742,-20.52305,-30.31271,-10.72787,1,2020-09-02,21:52:26  2 Sep 2020,40000
2020,President,Trump,Biden,,09,0.0009875,0.0870299,0.02115,0.97885,,0.9373522,0.7171681,0.0679171,0.9981161,40.30063,58.74218,,0.9571893,34.70962,53.11507,,0.5093611,45.89877,64.31521,,1.460585,-18.44154,-29.60136,-7.219454,1,2020-09-02,21:52:26  2 Sep 2020,40000
2020,President,Trump,Biden,,15,0.0005125,0.1675015,0.013425,0.986575,,0.5996276,0.7074981,0.0275779,0.9924288,32.60126,65.51219,,1.886549,24.32864,57.02348,,0.9856778,41.02036,73.79614,,2.911404,-32.91093,-49.41161,-16.02262,1,2020-09-02,21:52:26  2 Sep 2020,40000
2020,President,Trump,Biden,,13,0.0157125,0.5196667,0.688775,0.311225,,0.418424,0.9873886,0.9873244,0.4369246,51.23922,47.90973,,0.8510524,46.71177,43.4371,,0.4541923,55.71411,52.43099,,1.296063,3.329498,-5.721544,12.25296,1,2020-09-02,21:52:26  2 Sep 2020,40000
2020,President,Trump,Biden,,12,0.1994375,2.787711,0.3983,0.6017,,0.6969621,0.9755692,0.9510106,0.8346071,48.58171,50.61177,,0.8065209,43.48561,45.56232,,0.4309856,53.62659,55.71149,,1.227231,-2.030061,-12.22795,8.079317,1,2020-09-02,21:52:26  2 Sep 2020,40000
2020,President,Trump,Biden,,11,0.0,0.0,0.0,1.0,,,0.703325,0.0,1.0,5.79033,90.63509,,3.574574,3.170505,87.14522,,1.830019,8.591171,93.85321,,5.5797,-84.84476,-90.40427,-78.94781,1,2020-09-02,21:52:26  2 Sep 2020,40000
2020,President,Trump,Biden,,10,8.75e-05,0.0281454,0.003,0.997,,0.975,0.7053661,0.0100206,0.9998934,38.82927,60.012,,1.158738,34.21699,55.37291,,0.6136255,43.4739,64.63776,,1.773718,-21.18273,-30.40143,-11.91204,1,2020-09-02,21:52:26  2 Sep 2020,40000
2020,President,Trump,Biden,,08,0.023325,1.133517,0.147325,0.852675,,0.8695062,0.8028851,0.4388489,0.9733765,44.52502,53.55909,,1.915892,38.9562,47.96179,,1.000554,50.11959,59.16186,,2.957488,-9.034076,-20.1103,2.106499,1,2020-09-02,21:52:26  2 Sep 2020,40000
2020,President,Trump,Biden,,06,0.001825,0.0181403,0.00245,0.99755,,0.7346939,0.7044008,0.0061665,0.9990758,34.00144,64.0113,,1.987259,28.31909,58.17429,,1.036699,39.80512,69.73608,,3.069807,-30.00986,-41.35413,-18.4458,1,2020-09-02,21:52:26  2 Sep 2020,40000
2020,President,Trump,Biden,,05,0.0006875,0.0847237,0.935,0.065,,0.3113369,0.9873077,0.9972593,0.0912452,56.76161,41.60053,,1.637857,50.4729,35.36495,,0.8592433,63.024,47.88014,,2.521698,15.16108,2.609869,27.62653,1,2020-09-02,21:52:26  2 Sep 2020,40000
2020,President,Trump,Biden,,04,0.0606625,3.063725,0.40775,0.59225,,0.625935,0.9335163,0.8743576,0.7860875,48.33295,50.29438,,1.372678,42.74088,44.67479,,0.7236722,53.92984,55.92272,,2.107037,-1.96143,-13.1395,9.249847,1,2020-09-02,21:52:26  2 Sep 2020,40000
2020,President,Trump,Biden,,02,0.0023375,1.046577,0.8101,0.1899,,0.3511912,0.9605055,0.9746488,0.2593396,53.5064,44.21977,,2.273831,46.5652,37.28575,,1.181363,60.44725,51.18531,,3.520361,9.286627,-4.546282,23.11336,1,2020-09-02,21:52:26  2 Sep 2020,40000
2020,President,Trump,Biden,,01,0.0002,0.0131545,0.979125,0.020875,,0.2973573,0.9628742,0.9974306,0.0285785,60.04427,39.16251,,0.7932167,54.02504,33.2447,,0.4240452,65.96317,45.17196,,1.206675,20.88175,8.848896,32.71292,1,2020-09-02,21:52:26  2 Sep 2020,40000
2020,President,Trump,Biden,,28,0.00295,0.3432658,0.879025,0.120975,,0.3213219,0.9200248,0.9676259,0.1582483,55.92205,43.31127,,0.7666805,48.93301,36.34618,,0.4101916,62.89278,50.28146,,1.165637,12.61078,-1.379347,26.51418,1,2020-09-02,21:52:26  2 Sep 2020,40000
2020,President,Trump,Biden,,29,0.0009,0.0455765,0.899775,0.100225,,0.3239977,0.9962584,0.9987153,0.1419685,54.76726,43.77112,,1.461622,49.25059,38.30066,,0.7692281,60.27711,49.28226,,2.246155,10.99614,-0.0098476,21.95844,1,2020-09-02,21:52:26  2 Sep 2020,40000
2020,President,Trump,Biden,,35,0.009175,1.591475,0.087325,0.912675,,0.9098197,0.7621826,0.2721823,0.989052,43.09294,55.04346,,1.863603,37.48444,49.37511,,0.9740394,48.71632,60.66978,,2.875383,-11.95053,-23.12042,-0.7003002,1,2020-09-02,21:52:26  2 Sep 2020,40000
2020,President,Trump,Biden,,30,0.000775,0.2126276,0.88595,0.11405,,0.3264575,0.9756685,0.9908359,0.1582128,55.1771,42.71637,,2.106536,48.52794,36.03965,,1.097003,61.83472,49.37974,,3.257072,12.46073,-0.7862663,25.74207,1,2020-09-02,21:52:26  2 Sep 2020,40000
2020,President,Trump,Biden,,44,0.0002875,0.0841946,0.015625,0.984375,,0.9312,0.7134222,0.0498458,0.9985071,37.71964,60.81723,,1.46313,31.27752,54.3023,,0.77,44.26786,67.27419,,2.248511,-23.09758,-36.00262,-10.06077,1,2020-09-02,21:52:26  2 Sep 2020,40000
2020,President,Trump,Biden,,56,1.25e-05,0.0057558,0.998125,0.001875,,0.2923481,0.9466667,0.9996574,0.0025237,68.58752,27.95444,,3.458042,61.72786,21.39428,,1.772424,75.34381,34.69941,,5.394359,40.63308,27.20025,53.81276,1,2020-09-02,21:52:26  2 Sep 2020,40000
2020,President,Trump,Biden,,55,0.0857375,3.998625,0.26445,0.73555,,0.8595198,0.9074502,0.7786914,0.9490278,47.00159,51.98399,,1.014423,41.81214,46.77981,,0.5390323,52.19999,57.2021,,1.549375,-4.982406,-15.36188,5.41715,1,2020-09-02,21:52:26  2 Sep 2020,40000
2020,President,Trump,Biden,,54,2.5e-05,0.0055314,0.992975,0.007025,,0.293814,0.9786477,0.9994861,0.009775,66.3151,31.83268,,1.852224,58.71295,24.44345,,0.9682661,73.75308,39.43134,,2.857523,34.48242,19.31931,49.29017,1,2020-09-02,21:52:26  2 Sep 2020,40000
2020,President,Trump,Biden,,53,0.00135,0.0540696,0.012575,0.987425,,0.7912525,0.7096488,0.034087,0.9963033,36.94567,60.76046,,2.293865,30.76874,54.48568,,1.191447,43.15504,66.97633,,3.551986,-23.81479,-36.12908,-11.37102,1,2020-09-02,21:52:26  2 Sep 2020,40000
2020,President,Trump,Biden,,51,0.013625,0.4618625,0.06805,0.93195,,0.9691404,0.7525082,0.2259335,0.9971208,44.17541,54.77385,,1.050735,39.61956,50.21545,,0.5578308,48.72526,59.33356,,1.605771,-10.59844,-19.71654,-1.497841,1,2020-09-02,21:52:26  2 Sep 2020,40000
2020,President,Trump,Biden,,50,0.0002875,0.1254325,0.009125,0.990875,,0.6739726,0.7069005,0.0210689,0.9959123,31.37124,65.87399,,2.754772,23.37185,57.61785,,1.422672,39.56628,73.9471,,4.279886,-34.50275,-50.46028,-18.11255,1,2020-09-02,21:52:26  2 Sep 2020,40000
2020,President,Trump,Biden,,31,2.5e-05,0.004501,0.98385,0.01615,,0.2966153,0.995356,0.999743,0.0228557,58.7201,39.46151,,1.818395,53.37686,34.17424,,0.9488072,64.02193,44.81641,,2.806915,19.25859,8.609491,29.79774,1,2020-09-02,21:52:26  2 Sep 2020,40000
2020,President,Trump,Biden,,48,0.012175,0.1817409,0.74705,0.25295,,0.3899672,0.997628,0.9980301,0.3587957,52.03059,46.94152,,1.027896,46.96622,41.91391,,0.5460094,57.02708,52.01363,,1.570279,5.089074,-5.052904,15.0814,1,2020-09-02,21:52:26  2 Sep 2020,40000
2020,President,Trump,Biden,,47,0.0006625,0.0365198,0.954075,0.045925,,0.3052171,0.983669,0.9976019,0.0642306,57.81426,41.07775,,1.107989,51.66729,34.98405,,0.5874295,63.91415,47.21844,,1.694817,16.73652,4.469984,28.91554,1,2020-09-02,21:52:26  2 Sep 2020,40000
2020,President,Trump,Biden,,46,8.75e-05,0.030146,0.966025,0.033975,,0.3015191,0.9801325,0.9978589,0.0473465,59.76513,38.72042,,1.514442,52.7548,31.78948,,0.7962528,66.70418,45.72344,,2.328663,21.0447,7.057734,34.90417,1,2020-09-02,21:52:26  2 Sep 2020,40000
2020,President,Trump,Biden,,45,0.0011,0.0698022,0.87985,0.12015,,0.3309087,0.9937578,0.9974306,0.169765,54.0072,45.09352,,0.8992737,49.05513,40.20132,,0.4792814,58.89762,50.02949,,1.37079,8.913674,-0.9412727,18.67952,1,2020-09-02,21:52:26  2 Sep 2020,40000
2020,President,Trump,Biden,,49,0.0005625,0.0661157,0.9525,0.0475,,0.3050656,0.9721053,0.9954607,0.0656524,57.03323,39.59727,,3.369499,50.46901,33.15598,,1.728555,63.50505,46.11888,,5.253712,17.43597,4.548288,30.20433,1,2020-09-02,21:52:26  2 Sep 2020,40000
2020,President,Trump,Biden,,42,0.268375,6.084366,0.308525,0.691475,,0.8478243,0.9530714,0.8961117,0.9370134,47.84139,51.41607,,0.742541,43.17352,46.74766,,0.3975769,52.51606,56.08041,,1.128322,-3.574677,-12.90315,5.756182,1,2020-09-02,21:52:26  2 Sep 2020,40000
2020,President,Trump,Biden,,40,0.000125,0.0125253,0.992175,0.007825,,0.2940257,0.9776358,0.9994005,0.0108769,63.22166,35.57531,,1.203031,57.10365,29.5443,,0.6364589,69.24892,41.70419,,1.842633,27.64636,15.4467,39.69691,1,2020-09-02,21:52:26  2 Sep 2020,40000
2020,President,Trump,Biden,,39,0.0201375,0.502453,0.61425,0.38575,,0.4740741,0.9980558,0.9976019,0.5473999,50.56271,48.38565,,1.051644,45.48558,43.33205,,0.5583012,55.59908,53.454,,1.607184,2.177059,-7.987679,12.27617,1,2020-09-02,21:52:26  2 Sep 2020,40000
2020,President,Trump,Biden,,38,8.75e-05,0.0353981,0.987625,0.012375,,0.295431,0.989899,0.9995718,0.0174173,61.01688,36.28197,,2.701145,54.61607,29.99783,,1.395843,67.36444,42.69188,,4.194974,24.73491,12.03498,37.28294,1,2020-09-02,21:52:26  2 Sep 2020,40000
2020,President,Trump,Biden,,37,0.0532375,1.50841,0.495475,0.504525,,0.5653666,0.9757197,0.9596608,0.6999254,49.58041,49.65061,,0.7689794,44.70419,44.78771,,0.4113924,54.45018,54.53157,,1.169191,-0.0701988,-9.81012,9.660566,1,2020-09-02,21:52:26  2 Sep 2020,40000
2020,President,Trump,Biden,,36,0.000375,0.0069065,0.002025,0.997975,,0.8518519,0.7044515,0.0059096,0.9995735,36.77672,62.1401,,1.083184,31.79496,57.06979,,0.5746119,41.8249,67.13709,,1.656242,-25.36338,-35.30287,-15.26628,1,2020-09-02,21:52:26  2 Sep 2020,40000
2020,President,Trump,Biden,,34,0.0071625,0.2590678,0.0385,0.9615,,0.7688312,0.7224129,0.1014046,0.9875947,40.70802,58.38758,,0.9044086,34.55937,52.22556,,0.4819506,46.82166,64.54252,,1.378752,-17.67956,-29.97263,-5.424871,1,2020-09-02,21:52:26  2 Sep 2020,40000
2020,President,Trump,Biden,,33,0.014275,2.644536,0.29015,0.70985,,0.729278,0.8816299,0.7249058,0.8898091,46.48462,52.46257,,1.052807,39.41109,45.36148,,0.558903,53.59834,59.56565,,1.608993,-5.977959,-20.15702,8.234459,1,2020-09-02,21:52:26  2 Sep 2020,40000
2020,President,Trump,Biden,,32,0.02875,3.336888,0.227525,0.772475,,0.8626525,0.8708049,0.6724049,0.9564213,46.06953,52.07809,,1.852378,40.87101,46.82616,,0.9683441,51.28625,57.29893,,2.857765,-6.008564,-16.39659,4.390036,1,2020-09-02,21:52:26  2 Sep 2020,40000
2020,President,Trump,Biden,,41,0.0067375,0.4497805,0.085275,0.914725,,0.7683964,0.747629,0.2244776,0.9723457,41.72807,55.83285,,2.439084,35.14536,49.21687,,1.264435,48.30008,62.41704,,3.781085,-14.10478,-27.20803,-0.9924278,1,2020-09-02,21:52:26  2 Sep 2020,40000
2020,President,Trump,Biden,,21,3.75e-05,0.0030102,0.977075,0.022925,,0.3141263,0.9858233,0.9989423,0.0328441,59.57022,39.23504,,1.194737,53.43506,33.15388,,0.6337855,65.66055,45.35751,,1.828469,20.33518,8.094324,32.50434,1,2020-09-01,19:06:02  1 Sep 2020,40000
2020,President,Trump,Biden,,17,0.0007,0.017593,0.00735,0.99265,,0.9863946,0.6930943,0.0235964,0.9998547,39.16013,59.2913,,1.548564,34.2659,54.32101,,0.8158894,44.10669,64.19519,,2.379285,-20.13117,-29.88413,-10.27882,1,2020-09-01,19:06:02  1 Sep 2020,40000
2020,President,Trump,Biden,,18,0.0001,0.0047142,0.95665,0.04335,,0.3210683,0.9976932,0.9996746,0.0628542,56.44062,42.15701,,1.402364,51.15231,36.95609,,0.7408487,61.65805,47.43418,,2.151494,14.28361,3.758392,24.69205,1,2020-09-01,19:06:02  1 Sep 2020,40000
2020,President,Trump,Biden,,19,0.0030375,0.2757173,0.70595,0.29405,,0.4342021,0.9974494,0.9976404,0.4262462,51.63363,46.97073,,1.395635,46.03819,41.39191,,0.7373886,57.2207,52.56337,,2.141019,4.662896,-6.482841,15.84058,1,2020-09-01,19:06:02  1 Sep 2020,40000
2020,President,Trump,Biden,,20,0.000275,0.0321171,0.934775,0.065225,,0.3285283,0.9977003,0.9995118,0.094572,55.45042,42.64772,,1.901866,50.07713,37.22763,,0.9964154,60.8921,48.02921,,2.932293,12.8027,2.101271,23.62099,1,2020-09-01,19:06:02  1 Sep 2020,40000
2020,President,Trump,Biden,,26,0.0709625,1.999756,0.19555,0.80445,,0.9561493,0.8450183,0.6085435,0.9879014,46.17819,52.68036,,1.141455,41.28362,47.75382,,0.6062214,51.11382,57.58127,,1.745672,-6.502167,-16.27028,3.373825,1,2020-09-01,19:06:02  1 Sep 2020,40000
2020,President,Trump,Biden,,22,0.001575,0.1104376,0.927725,0.072275,,0.327306,0.9484608,0.9882832,0.0996221,57.45803,41.68581,,0.8561517,50.64026,34.94183,,0.457985,64.21014,48.50064,,1.303396,15.77222,2.175314,29.27121,1,2020-09-01,19:06:02  1 Sep 2020,40000
2020,President,Trump,Biden,,23,0.0042375,0.7955458,0.236775,0.763225,,0.7502903,0.8246913,0.5781937,0.9147289,45.45311,52.97266,,1.574222,38.52457,45.97279,,0.8282639,52.41029,59.92367,,2.418856,-7.519551,-21.3392,6.383556,1,2020-09-01,19:06:02  1 Sep 2020,40000
2020,President,Trump,Biden,,24,0.0002375,0.0122478,0.00255,0.99745,,0.7647059,0.6892576,0.0063466,0.999128,35.97456,62.64906,,1.376389,30.81142,57.43425,,0.7274781,41.17272,67.83395,,2.111062,-26.6745,-36.99437,-16.28139,1,2020-09-01,19:06:02  1 Sep 2020,40000
2020,President,Trump,Biden,,25,0.0001875,0.0074503,0.00245,0.99755,,0.8469388,0.6894141,0.0067535,0.999455,33.75901,64.61906,,1.621935,27.4474,58.13279,,0.8534585,40.22224,70.93301,,2.493737,-30.86005,-43.42876,-17.97861,1,2020-09-01,19:06:02  1 Sep 2020,40000
2020,President,Trump,Biden,,15,0.0006,0.1934715,0.014675,0.985325,,0.6320273,0.6929186,0.0301871,0.992225,32.86364,65.2612,,1.875164,24.47615,56.81454,,0.9828267,41.29038,73.70706,,2.890413,-32.39756,-49.16998,-15.55493,1,2020-09-01,19:06:02  1 Sep 2020,40000
2020,President,Trump,Biden,,16,3.75e-05,0.0076642,0.9944,0.0056,,0.3088797,0.9821429,0.9996746,0.007993,62.98794,33.86702,,3.145042,56.47462,27.55029,,1.623513,69.44553,40.31094,,4.891084,29.12092,16.26285,41.78322,1,2020-09-01,19:06:02  1 Sep 2020,40000
2020,President,Trump,Biden,,28,0.001925,0.2221661,0.88205,0.11795,,0.3385012,0.9241204,0.9717656,0.1584072,56.04261,43.19081,,0.7665763,49.07065,36.28455,,0.4111555,62.96915,50.1824,,1.164965,12.8518,-1.091867,26.67753,1,2020-09-01,19:06:02  1 Sep 2020,40000
2020,President,Trump,Biden,,13,0.016875,0.5577127,0.696925,0.303075,,0.4352334,0.986637,0.9872254,0.4345662,51.33944,47.80981,,0.8507444,46.80515,43.29539,,0.4551633,55.85212,52.34438,,1.295034,3.529626,-5.507868,12.55912,1,2020-09-01,19:06:02  1 Sep 2020,40000
2020,President,Trump,Biden,,12,0.2165875,3.024468,0.398475,0.601525,,0.7246377,0.968372,0.9397885,0.846534,48.58558,50.60914,,0.8052827,43.47083,45.51037,,0.4314165,53.68289,55.72994,,1.224788,-2.023556,-12.25593,8.165108,1,2020-09-01,19:06:02  1 Sep 2020,40000
2020,President,Trump,Biden,,11,0.0,0.0,0.0,1.0,,,0.6881,0.0,1.0,5.849476,90.59095,,3.559576,3.218386,87.12061,,1.830319,8.644049,93.79087,,5.548436,-84.74147,-90.28613,-78.8018,1,2020-09-01,19:06:02  1 Sep 2020,40000
2020,President,Trump,Biden,,10,0.0001,0.0289384,0.0037,0.9963,,0.972973,0.690555,0.0117168,0.9998547,38.9915,59.85122,,1.157281,34.40881,55.21545,,0.6144129,43.6105,64.43684,,1.770258,-20.85972,-30.00186,-11.64434,1,2020-09-01,19:06:02  1 Sep 2020,40000
2020,President,Trump,Biden,,09,0.00095,0.0816927,0.0236,0.9764,,0.9512712,0.7035539,0.0730675,0.9983287,40.53019,58.51638,,0.9534289,35.00829,52.95056,,0.5086584,46.06689,64.06779,,1.453938,-17.98618,-29.04469,-6.893814,1,2020-09-01,19:06:02  1 Sep 2020,40000
2020,President,Trump,Biden,,08,0.0216625,1.054019,0.15895,0.84105,,0.8828248,0.7968908,0.4567128,0.9740227,44.73346,53.3597,,1.906836,39.18767,47.73463,,0.9989443,50.3481,58.92327,,2.940091,-8.626245,-19.67443,2.569954,1,2020-09-01,19:06:02  1 Sep 2020,40000
2020,President,Trump,Biden,,06,0.001525,0.0154937,0.002875,0.997125,,0.6956522,0.6892315,0.0065094,0.9987647,34.18645,63.83279,,1.98076,28.41757,58.00206,,1.036526,39.97835,69.63333,,3.056038,-29.64634,-41.19749,-18.07088,1,2020-09-01,19:06:02  1 Sep 2020,40000
2020,President,Trump,Biden,,05,0.0007875,0.0979426,0.939875,0.060125,,0.3258944,0.9837838,0.9969081,0.0859613,56.95633,41.40758,,1.636095,50.66597,35.164,,0.8607025,63.21799,47.6885,,2.515844,15.54875,3.01215,28.03942,1,2020-09-01,19:06:02  1 Sep 2020,40000
2020,President,Trump,Biden,,04,0.05365,2.719761,0.449175,0.550825,,0.6102855,0.9365497,0.8921888,0.7497094,48.7452,49.91549,,1.339315,43.05817,44.24355,,0.7083752,54.41631,55.60794,,2.053352,-1.170283,-12.49655,10.15622,1,2020-09-01,19:06:02  1 Sep 2020,40000
2020,President,Trump,Biden,,02,0.001975,0.8857857,0.820775,0.179225,,0.3648077,0.9559214,0.9745321,0.2489827,53.76825,43.96368,,2.268071,46.76077,37.05872,,1.182323,60.7188,50.94363,,3.506897,9.804575,-4.099447,23.60461,1,2020-09-01,19:06:02  1 Sep 2020,40000
2020,President,Trump,Biden,,01,0.0002875,0.0192602,0.981025,0.018975,,0.3123774,0.9578393,0.9973962,0.0264133,60.15765,39.04989,,0.7924591,54.16213,33.1411,,0.424707,66.08516,45.04633,,1.204973,21.10776,9.107048,32.94496,1,2020-09-01,19:06:02  1 Sep 2020,40000
2020,President,Trump,Biden,,27,0.0739625,3.431687,0.269125,0.730875,,0.8438458,0.8857876,0.7391375,0.9408516,46.90365,51.61623,,1.480116,41.84199,46.5326,,0.780789,52.00859,56.68077,,2.272591,-4.712587,-14.81564,5.449715,1,2020-09-01,19:06:02  1 Sep 2020,40000
2020,President,Trump,Biden,,56,1.25e-05,0.0064738,0.99835,0.00165,,0.3076326,0.9242424,0.9995931,0.0022162,68.78876,27.77422,,3.437028,61.93526,21.20521,,1.769311,75.54364,34.46275,,5.353934,41.01453,27.58228,54.21786,1,2020-09-01,19:06:02  1 Sep 2020,40000
2020,President,Trump,Biden,,29,0.0008875,0.04425,0.904175,0.095825,,0.3390937,0.9929559,0.9978845,0.1382793,54.93557,43.60499,,1.459444,49.35516,38.06992,,0.7701769,60.49247,49.1703,,2.240385,11.33058,0.2332039,22.38154,1,2020-09-01,19:06:02  1 Sep 2020,40000
2020,President,Trump,Biden,,42,0.2478,5.607584,0.314075,0.685925,,0.8699355,0.9458031,0.8892596,0.9428135,47.897,51.36077,,0.7422303,43.22092,46.66404,,0.3983966,52.56373,56.03414,,1.127388,-3.463767,-12.80426,5.888159,1,2020-09-01,19:06:02  1 Sep 2020,40000
2020,President,Trump,Biden,,55,0.098525,4.597945,0.306375,0.693625,,0.8347613,0.9223284,0.832384,0.9297341,47.47171,51.5223,,1.005997,42.25466,46.28868,,0.5359761,52.71663,56.74581,,1.535441,-4.050587,-14.48629,6.404306,1,2020-09-01,19:06:02  1 Sep 2020,40000
2020,President,Trump,Biden,,54,0.0001125,0.0229101,0.993275,0.006725,,0.3090534,0.9553903,0.999105,0.0093373,66.53516,31.61712,,1.847722,58.94286,24.17524,,0.9688538,74.02123,39.17468,,2.847385,34.91804,19.82037,49.81317,1,2020-09-01,19:06:02  1 Sep 2020,40000
2020,President,Trump,Biden,,53,0.0013875,0.055089,0.01325,0.98675,,0.8018868,0.6947048,0.034581,0.9962215,37.15445,60.56023,,2.285318,30.96867,54.3291,,1.191057,43.35735,66.7873,,3.53399,-23.40578,-35.71568,-11.02332,1,2020-09-01,19:06:02  1 Sep 2020,40000
2020,President,Trump,Biden,,51,0.013725,0.4632154,0.078625,0.921375,,0.9710652,0.744458,0.2484947,0.9968391,44.37738,54.57504,,1.047578,39.82227,49.96672,,0.5575632,48.97108,59.15737,,1.599938,-10.19766,-19.30907,-1.018875,1,2020-09-01,19:06:02  1 Sep 2020,40000
2020,President,Trump,Biden,,50,0.0002375,0.100594,0.0097,0.9903,,0.7113402,0.6920125,0.0224573,0.9959309,31.63396,65.6283,,2.737751,23.75202,57.48112,,1.41923,39.71228,73.61183,,4.24688,-33.99434,-49.79677,-17.8462,1,2020-09-01,19:06:02  1 Sep 2020,40000
2020,President,Trump,Biden,,49,0.00055,0.0640357,0.956425,0.043575,,0.3197846,0.966724,0.9954435,0.0612193,57.23502,39.41009,,3.354888,50.67248,33.0028,,1.728348,63.75859,45.94816,,5.223604,17.82493,4.91486,30.65287,1,2020-09-01,19:06:02  1 Sep 2020,40000
2020,President,Trump,Biden,,48,0.0112625,0.1698307,0.7575,0.2425,,0.4050165,0.9981443,0.9985354,0.3517657,52.20087,46.77496,,1.024173,47.13744,41.72041,,0.5454137,57.2446,51.85189,,1.563628,5.425909,-4.699833,15.51207,1,2020-09-01,19:06:02  1 Sep 2020,40000
2020,President,Trump,Biden,,47,0.0007125,0.0394528,0.957525,0.042475,,0.3199394,0.9788111,0.9970708,0.06042,57.99003,40.90332,,1.106651,51.84683,34.81007,,0.5881917,64.08449,47.05894,,1.691623,17.08671,4.790091,29.25687,1,2020-09-01,19:06:02  1 Sep 2020,40000
2020,President,Trump,Biden,,46,0.000125,0.0431754,0.9664,0.0336,,0.3170013,0.9732143,0.9970708,0.0475222,59.97608,38.51852,,1.505391,52.86296,31.5162,,0.7937585,67.00426,45.62576,,2.311979,21.45756,7.281239,35.49318,1,2020-09-01,19:06:02  1 Sep 2020,40000
2020,President,Trump,Biden,,45,0.000975,0.0637767,0.88405,0.11595,,0.3464736,0.9915912,0.9969081,0.1670905,54.13932,44.96166,,0.899018,49.22183,40.0692,,0.4803351,59.05579,49.90787,,1.369714,9.17766,-0.6996746,18.97031,1,2020-09-01,19:06:02  1 Sep 2020,40000
2020,President,Trump,Biden,,44,0.000275,0.083211,0.0165,0.9835,,0.9454545,0.698729,0.050773,0.998692,37.97041,60.57513,,1.454467,31.50144,53.97733,,0.7676212,44.54669,67.05689,,2.232632,-22.60472,-35.54765,-9.436062,1,2020-09-01,19:06:02  1 Sep 2020,40000
2020,President,Trump,Biden,,30,0.0010375,0.2893203,0.889025,0.110975,,0.3423694,0.973868,0.9906428,0.1570629,55.34965,42.54776,,2.102591,48.59814,35.85574,,1.098409,62.13227,49.30708,,3.247017,12.80189,-0.6546822,26.23318,1,2020-09-01,19:06:02  1 Sep 2020,40000
2020,President,Trump,Biden,,41,0.0077,0.5152483,0.0933,0.9067,,0.7864416,0.7371236,0.238812,0.9712978,41.9481,55.62931,,2.422594,35.33567,48.96176,,1.260465,48.58577,62.27249,,3.750147,-13.68121,-26.89343,-0.5090923,1,2020-09-01,19:06:02  1 Sep 2020,40000
2020,President,Trump,Biden,,39,0.0219875,0.5522023,0.620825,0.379175,,0.4931744,0.997099,0.9965012,0.5494478,50.70592,48.24462,,1.049452,45.65535,43.14204,,0.5585359,55.79084,53.27633,,1.602847,2.461302,-7.605898,12.61821,1,2020-09-01,19:06:02  1 Sep 2020,40000
2020,President,Trump,Biden,,38,0.0,0.0,0.9886,0.0114,,0.3105907,0.9824561,0.9993491,0.0162767,61.19861,36.10531,,2.696082,54.80608,29.80423,,1.398268,67.59567,42.44524,,4.181104,25.0933,12.41152,37.66513,1,2020-09-01,19:06:02  1 Sep 2020,40000
2020,President,Trump,Biden,,37,0.0470625,1.335174,0.538375,0.461625,,0.5552821,0.9813702,0.9729862,0.6583709,49.95523,49.27008,,0.7746934,45.08365,44.37847,,0.4154068,54.84502,54.1672,,1.177522,0.6851518,-9.080782,10.46248,1,2020-09-01,19:06:02  1 Sep 2020,40000
2020,President,Trump,Biden,,36,0.0007125,0.0134899,0.001975,0.998025,,0.9367089,0.6893364,0.0060212,0.9998183,36.96799,61.95085,,1.081165,31.92177,56.83656,,0.5749842,42.07639,67.02797,,1.652064,-24.98286,-35.07687,-14.78601,1,2020-09-01,19:06:02  1 Sep 2020,40000
2020,President,Trump,Biden,,35,0.009675,1.688305,0.0994,0.9006,,0.9024145,0.7535254,0.2919447,0.9862302,43.35097,54.79656,,1.852467,37.65575,49.03662,,0.9712704,49.09744,60.513,,2.854824,-11.44559,-22.8176,-0.0355091,1,2020-09-01,19:06:02  1 Sep 2020,40000
2020,President,Trump,Biden,,34,0.0077,0.280365,0.041725,0.958275,,0.7908928,0.7089823,0.1074044,0.9873565,40.89383,58.20475,,0.9014219,34.69429,51.96482,,0.4815875,47.1274,64.39304,,1.373435,-17.31092,-29.68238,-4.852907,1,2020-09-01,19:06:02  1 Sep 2020,40000
2020,President,Trump,Biden,,33,0.0136875,2.552814,0.307625,0.692375,,0.7378302,0.8786784,0.7387307,0.8841375,46.79252,52.15929,,1.048188,39.75925,45.13736,,0.5578799,53.82398,59.21241,,1.600885,-5.366777,-19.44248,8.664234,1,2020-09-01,19:06:02  1 Sep 2020,40000
2020,President,Trump,Biden,,32,0.029625,3.439126,0.241325,0.758675,,0.8681239,0.8657528,0.6818551,0.9545488,46.25555,51.90165,,1.842799,40.99694,46.68174,,0.9663465,51.49474,57.12824,,2.839667,-5.64609,-16.07483,4.731606,1,2020-09-01,19:06:02  1 Sep 2020,40000
2020,President,Trump,Biden,,31,0.0,0.0,0.985825,0.014175,,0.3116172,0.9964727,0.9998373,0.0205275,58.88116,39.30769,,1.811146,53.50841,33.99966,,0.9490083,64.22735,44.64349,,2.794079,19.57347,8.936424,30.16393,1,2020-09-01,19:06:02  1 Sep 2020,40000
2020,President,Trump,Biden,,40,5e-05,0.0045739,0.9934,0.0066,,0.3091152,0.9734849,0.9994304,0.0093373,63.40512,35.3932,,1.201681,57.23432,29.28335,,0.6373709,69.54089,41.58792,,1.839263,28.01192,15.6664,40.24038,1,2020-09-01,19:06:02  1 Sep 2020,40000
2020,President,Trump,Biden,,21,0.000325,0.0238952,0.97725,0.02275,,0.3284472,0.9868132,0.9990662,0.0333098,59.60946,39.19939,,1.19115,53.44191,33.09015,,0.6259626,65.71189,45.34558,,1.838806,20.41007,8.146109,32.58342,1,2020-08-31,19:00:04 31 Aug 2020,40000
2020,President,Trump,Biden,,17,0.0007,0.0176213,0.00795,0.99205,,0.9811321,0.6792248,0.0242783,0.9997774,39.17924,59.26809,,1.552664,34.21223,54.24951,,0.810395,44.19718,64.26778,,2.40696,-20.08885,-30.02686,-10.0966,1,2020-08-31,19:00:04 31 Aug 2020,40000
2020,President,Trump,Biden,,18,0.0001125,0.0056017,0.956125,0.043875,,0.3359393,0.9982906,0.9997665,0.0649876,56.46027,42.14045,,1.39928,51.18705,36.88846,,0.7323605,61.73313,47.41446,,2.165587,14.31983,3.805004,24.80925,1,2020-08-31,19:00:04 31 Aug 2020,40000
2020,President,Trump,Biden,,19,0.002875,0.2602808,0.712625,0.287375,,0.4497807,0.9972162,0.9976655,0.4252012,51.71894,46.89043,,1.390627,46.05158,41.30829,,0.7279505,57.31388,52.54756,,2.151981,4.828504,-6.459064,15.9855,1,2020-08-31,19:00:04 31 Aug 2020,40000
2020,President,Trump,Biden,,20,0.00015,0.0187074,0.934925,0.065075,,0.3434767,0.997695,0.9995331,0.0963315,55.53077,42.57128,,1.89795,50.04983,37.15719,,0.9852269,60.97209,48.04406,,2.951611,12.95949,2.039959,23.73745,1,2020-08-31,19:00:04 31 Aug 2020,40000
2020,President,Trump,Biden,,26,0.07085,1.994859,0.205075,0.794925,,0.9630623,0.8386955,0.6147382,0.9892058,46.31345,52.54953,,1.137025,41.32988,47.61141,,0.5982007,51.24788,57.51849,,1.754053,-6.236084,-16.14784,3.61079,1,2020-08-31,19:00:04 31 Aug 2020,40000
2020,President,Trump,Biden,,22,0.0012,0.083989,0.928575,0.071425,,0.3419756,0.9464473,0.9884056,0.1003005,57.52605,41.61964,,0.8543124,50.71952,34.80126,,0.4526233,64.33434,48.44313,,1.312217,15.9064,2.28363,29.52581,1,2020-08-31,19:00:04 31 Aug 2020,40000
2020,President,Trump,Biden,,23,0.003275,0.6137481,0.2425,0.7575,,0.7585567,0.8129703,0.5725625,0.9137208,45.48679,52.94498,,1.56822,38.4455,45.88309,,0.8181307,52.5448,59.9674,,2.432801,-7.458192,-21.49078,6.638884,1,2020-08-31,19:00:04 31 Aug 2020,40000
2020,President,Trump,Biden,,24,0.00025,0.012683,0.002675,0.997325,,0.7383177,0.6750808,0.0061474,0.9989614,35.98731,62.63781,,1.374883,30.84393,57.41921,,0.7199242,41.18866,67.80116,,2.127231,-26.6505,-36.91976,-16.27641,1,2020-08-31,19:00:04 31 Aug 2020,40000
2020,President,Trump,Biden,,25,0.0001875,0.0077629,0.00375,0.99625,,0.7933334,0.675734,0.00926,0.9988501,33.77944,64.59848,,1.622083,27.40967,58.10512,,0.8456275,40.2868,70.96542,,2.516372,-30.81904,-43.52697,-17.83791,1,2020-08-31,19:00:04 31 Aug 2020,40000
2020,President,Trump,Biden,,15,0.00045,0.1527426,0.01515,0.98485,,0.6254125,0.6786059,0.0294919,0.9916169,32.89682,65.22971,,1.873475,24.61281,56.76078,,0.9728549,41.366,73.54509,,2.912857,-32.3329,-48.90096,-15.41362,1,2020-08-31,19:00:04 31 Aug 2020,40000
2020,President,Trump,Biden,,16,1.25e-05,0.0024306,0.994275,0.005725,,0.3230746,0.9912664,0.9998444,0.0084202,63.05746,33.7883,,3.15424,56.46998,27.47917,,1.612933,69.50869,40.28178,,4.948678,29.26916,16.39031,41.86964,1,2020-08-31,19:00:04 31 Aug 2020,40000
2020,President,Trump,Biden,,09,0.0008,0.0707214,0.025075,0.974925,,0.9631107,0.6903864,0.0751693,0.9986646,40.52431,58.52426,,0.9514324,34.94212,52.88549,,0.5028042,46.15999,64.12581,,1.463825,-17.99996,-29.2032,-6.730881,1,2020-08-31,19:00:04 31 Aug 2020,40000
2020,President,Trump,Biden,,13,0.01895,0.6279123,0.702225,0.297775,,0.4514579,0.9851398,0.9867715,0.4352535,51.42894,47.73284,,0.8382211,46.90788,43.20554,,0.4442855,55.95962,52.2624,,1.287101,3.696095,-5.348022,12.72321,1,2020-08-31,19:00:04 31 Aug 2020,40000
2020,President,Trump,Biden,,12,0.225275,3.145183,0.40215,0.59785,,0.7455552,0.9633269,0.9332348,0.8545198,48.6078,50.58182,,0.8103802,43.47987,45.46908,,0.4298494,53.74124,55.71812,,1.243715,-1.974026,-12.23223,8.264668,1,2020-08-31,19:00:04 31 Aug 2020,40000
2020,President,Trump,Biden,,11,0.0,0.0,0.0,1.0,,,0.673975,0.0,1.0,5.831531,90.60001,,3.568457,3.20783,87.13878,,1.817605,8.596735,93.82961,,5.61147,-84.76849,-90.34261,-78.85329,1,2020-08-31,19:00:04 31 Aug 2020,40000
2020,President,Trump,Biden,,10,5e-05,0.0150238,0.004325,0.995675,,0.982659,0.6768273,0.0132285,0.9998887,39.02235,59.8228,,1.15485,34.4196,55.18911,,0.607348,43.64899,64.40523,,1.78195,-20.80044,-29.97599,-11.55984,1,2020-08-31,19:00:04 31 Aug 2020,40000
2020,President,Trump,Biden,,08,0.0180125,0.874048,0.150575,0.849425,,0.8940727,0.7750537,0.4190335,0.9768167,44.60687,53.51162,,1.881507,39.02223,47.93559,,0.9769157,50.20818,59.12136,,2.925578,-8.904751,-20.05141,2.252373,1,2020-08-31,19:00:04 31 Aug 2020,40000
2020,President,Trump,Biden,,06,0.001575,0.0156183,0.003225,0.996775,,0.744186,0.675328,0.0074702,0.9987759,34.22523,63.79545,,1.97932,28.47143,58.03225,,1.026269,39.99783,69.54586,,3.08017,-29.57022,-41.0042,-18.08121,1,2020-08-31,19:00:04 31 Aug 2020,40000
2020,President,Trump,Biden,,05,0.0005125,0.0639878,0.9394,0.0606,,0.3406696,0.9789604,0.9961092,0.0880226,56.99366,41.37214,,1.634202,50.65472,35.11414,,0.8517729,63.31611,47.71356,,2.53548,15.62152,2.976643,28.18086,1,2020-08-31,19:00:04 31 Aug 2020,40000
2020,President,Trump,Biden,,04,0.05495,2.77893,0.4821,0.5179,,0.6067725,0.9413014,0.9105128,0.7233206,49.09979,49.55914,,1.341069,43.37527,43.87687,,0.7026654,54.80899,55.28023,,2.074085,-0.459352,-11.89606,10.92961,1,2020-08-31,19:00:04 31 Aug 2020,40000
2020,President,Trump,Biden,,02,0.0024125,1.079722,0.8239,0.1761,,0.3797184,0.951448,0.9737763,0.2485997,53.84216,43.89795,,2.259894,46.80858,36.92319,,1.167306,60.82217,50.91032,,3.524604,9.944213,-4.047766,23.87033,1,2020-08-31,19:00:04 31 Aug 2020,40000
2020,President,Trump,Biden,,01,0.000275,0.0179938,0.980375,0.019625,,0.3267372,0.9503185,0.997043,0.0276717,60.17844,39.03019,,0.7913693,54.19278,33.06424,,0.4199868,66.14732,45.02942,,1.21408,21.14825,9.177887,33.06835,1,2020-08-31,19:00:04 31 Aug 2020,40000
2020,President,Trump,Biden,,28,0.00235,0.2762036,0.883725,0.116275,,0.3526832,0.9157171,0.9701191,0.1579806,56.10062,43.13351,,0.7658715,49.06625,36.12243,,0.4067614,63.10672,50.16817,,1.174294,12.96712,-1.100677,27.00225,1,2020-08-31,19:00:04 31 Aug 2020,40000
2020,President,Trump,Biden,,27,0.0803125,3.742286,0.3083,0.6917,,0.8220889,0.8976435,0.788888,0.9212508,47.3233,51.22186,,1.454838,42.27434,46.17792,,0.7606565,52.39114,56.30595,,2.252982,-3.898562,-14.03381,6.169727,1,2020-08-31,19:00:04 31 Aug 2020,40000
2020,President,Trump,Biden,,29,0.001025,0.051155,0.91025,0.08975,,0.3523757,0.9938719,0.9983659,0.1323491,55.0888,43.45098,,1.460213,49.52412,37.91376,,0.7633919,60.65134,48.99658,,2.261435,11.63782,0.5387001,22.69307,1,2020-08-31,19:00:04 31 Aug 2020,40000
2020,President,Trump,Biden,,56,0.0,0.0,0.998,0.002,,0.3217435,0.9125,0.9994553,0.0027078,68.8364,27.71664,,3.446956,61.99166,21.11881,,1.757692,75.55331,34.44297,,5.417033,41.11975,27.7558,54.3158,1,2020-08-31,19:00:04 31 Aug 2020,40000
2020,President,Trump,Biden,,42,0.228275,5.168754,0.321,0.679,,0.8739876,0.9349043,0.8732395,0.9418747,47.9811,51.28242,,0.7364741,43.27602,46.5954,,0.3914981,52.67149,55.98067,,1.128508,-3.301324,-12.71241,6.072535,1,2020-08-31,19:00:04 31 Aug 2020,40000
2020,President,Trump,Biden,,30,0.0008625,0.2379555,0.89405,0.10595,,0.3560763,0.9719207,0.9908956,0.1527876,55.54901,42.41702,,2.033974,48.76351,35.71556,,1.053801,62.29109,49.17068,,3.166591,13.13199,-0.3998966,26.53118,1,2020-08-31,19:00:04 31 Aug 2020,40000
2020,President,Trump,Biden,,55,0.105875,4.953674,0.33545,0.66455,,0.823148,0.9286359,0.8594662,0.9156497,47.79915,51.19551,,1.005337,42.55169,45.92212,,0.5305644,53.0432,56.46518,,1.548092,-3.396357,-13.87824,7.101088,1,2020-08-31,19:00:04 31 Aug 2020,40000
2020,President,Trump,Biden,,54,3.75e-05,0.0073649,0.99295,0.00705,,0.3233798,0.9751773,0.9994553,0.0102007,66.57825,31.57537,,1.846381,58.993,24.1439,,0.9591534,74.03284,39.15695,,2.870039,35.00287,19.86642,49.8363,1,2020-08-31,19:00:04 31 Aug 2020,40000
2020,President,Trump,Biden,,53,0.001425,0.0572946,0.014025,0.985975,,0.8110517,0.6808996,0.0354058,0.9961052,37.21289,60.50559,,2.281519,31.0471,54.26511,,1.178154,43.4576,66.7324,,3.558939,-23.29269,-35.62852,-10.83869,1,2020-08-31,19:00:04 31 Aug 2020,40000
2020,President,Trump,Biden,,51,0.0130375,0.4404895,0.0778,0.9222,,0.9752571,0.7289634,0.2361684,0.9974406,44.3958,54.5587,,1.045505,39.80896,49.978,,0.5512214,48.95776,59.1402,,1.610881,-10.1629,-19.29413,-1.037785,1,2020-08-31,19:00:04 31 Aug 2020,40000
2020,President,Trump,Biden,,50,0.000125,0.0554101,0.009925,0.990075,,0.720403,0.6780294,0.0222551,0.996031,31.6871,65.5673,,2.745598,23.64877,57.24927,,1.4101,39.92184,73.65128,,4.296898,-33.8802,-49.94518,-17.41816,1,2020-08-31,19:00:04 31 Aug 2020,40000
2020,President,Trump,Biden,,49,0.0008,0.0953359,0.9572,0.0428,,0.3338121,0.9591122,0.994553,0.0609073,57.28512,39.36459,,3.350292,50.68866,32.90225,,1.709932,63.75553,45.90278,,5.262293,17.92053,4.91704,30.66824,1,2020-08-31,19:00:04 31 Aug 2020,40000
2020,President,Trump,Biden,,47,0.0006625,0.0357966,0.958,0.042,,0.3345512,0.9815476,0.9975877,0.061167,58.01635,40.87794,,1.105699,51.87069,34.74234,,0.5821316,64.12987,47.05911,,1.705041,17.13841,4.829317,29.37174,1,2020-08-31,19:00:04 31 Aug 2020,40000
2020,President,Trump,Biden,,46,0.0001875,0.0672816,0.968125,0.031875,,0.3308715,0.9686275,0.997043,0.0458103,60.06116,38.42936,,1.509474,53.01813,31.38961,,0.7884485,67.11429,45.47692,,2.338932,21.6318,7.542948,35.68969,1,2020-08-31,19:00:04 31 Aug 2020,40000
2020,President,Trump,Biden,,45,0.001425,0.0911694,0.883275,0.116725,,0.362656,0.991647,0.997043,0.1717423,54.15725,44.94518,,0.8975661,49.18133,39.98666,,0.4750137,59.12683,49.91296,,1.379668,9.212074,-0.7131424,19.12269,1,2020-08-31,19:00:04 31 Aug 2020,40000
2020,President,Trump,Biden,,44,0.000375,0.1120067,0.019625,0.980375,,0.9503185,0.6865485,0.05805,0.9986646,37.99218,60.54943,,1.458386,31.46445,53.93881,,0.762462,44.57643,67.10064,,2.258562,-22.55726,-35.59601,-9.358776,1,2020-08-31,19:00:04 31 Aug 2020,40000
2020,President,Trump,Biden,,48,0.0105125,0.1578278,0.779725,0.220275,,0.4115553,0.9982976,0.9988328,0.3262732,52.52005,46.45374,,1.026206,47.39488,41.3943,,0.5412998,57.57426,51.57567,,1.580709,6.066311,-4.134342,16.14903,1,2020-08-31,19:00:04 31 Aug 2020,40000
2020,President,Trump,Biden,,41,0.0071375,0.4865535,0.09605,0.90395,,0.7881312,0.7232701,0.2356237,0.9700657,42.00149,55.56873,,2.429782,35.40213,48.86325,,1.252438,48.69789,62.19637,,3.794517,-13.56724,-26.69303,-0.2475395,1,2020-08-31,19:00:04 31 Aug 2020,40000
2020,President,Trump,Biden,,35,0.0075875,1.32002,0.100575,0.899425,,0.9134974,0.7398616,0.28597,0.9873512,43.41492,54.7365,,1.848577,37.75498,49.05215,,0.9602638,49.1083,60.3874,,2.873506,-11.32157,-22.55647,0.0253735,1,2020-08-31,19:00:04 31 Aug 2020,40000
2020,President,Trump,Biden,,40,7.5e-05,0.0069723,0.99265,0.00735,,0.3233768,0.962585,0.999144,0.0104974,63.43989,35.35978,,1.200338,57.30377,29.27011,,0.6306716,69.52637,41.50716,,1.853242,28.08011,15.80037,40.24267,1,2020-08-31,19:00:04 31 Aug 2020,40000
2020,President,Trump,Biden,,32,0.026175,3.050157,0.23655,0.76345,,0.8774043,0.845504,0.6460198,0.9577507,46.21891,52.0339,,1.747197,40.95892,46.75065,,0.9090004,51.48898,57.29153,,2.713526,-5.814989,-16.3043,4.70649,1,2020-08-31,19:00:04 31 Aug 2020,40000
2020,President,Trump,Biden,,33,0.010925,2.031181,0.31295,0.68705,,0.7482026,0.8673313,0.7288149,0.8841574,46.83581,52.12024,,1.04395,39.70073,45.02475,,0.550422,53.94392,59.23659,,1.608449,-5.284437,-19.51496,8.901533,1,2020-08-31,19:00:04 31 Aug 2020,40000
2020,President,Trump,Biden,,34,0.0065625,0.2371526,0.043,0.957,,0.8098837,0.6958464,0.1083962,0.9880559,40.89145,58.20851,,0.9000487,34.66052,51.94604,,0.4762979,47.14798,64.43405,,1.38354,-17.31706,-29.76628,-4.803436,1,2020-08-31,19:00:04 31 Aug 2020,40000
2020,President,Trump,Biden,,31,3.75e-05,0.0057308,0.987125,0.012875,,0.32544,0.9980583,0.9999222,0.019066,58.97642,39.21339,,1.810191,53.6311,33.93195,,0.9390461,64.31061,44.54311,,2.813206,19.76304,9.133177,30.37517,1,2020-08-31,19:00:04 31 Aug 2020,40000
2020,President,Trump,Biden,,36,0.0005375,0.0099858,0.003025,0.996975,,0.8429752,0.6755435,0.0079371,0.9992952,36.97179,61.94781,,1.080399,31.88442,56.80403,,0.5691463,42.10851,67.04395,,1.665454,-24.97602,-35.12621,-14.71051,1,2020-08-31,19:00:04 31 Aug 2020,40000
2020,President,Trump,Biden,,37,0.044875,1.281432,0.551125,0.448875,,0.5659787,0.9783904,0.9708972,0.6516191,50.09479,49.12899,,0.7762163,45.16961,44.24089,,0.4121286,54.99052,54.06348,,1.190425,0.9657964,-8.885881,10.7408,1,2020-08-31,19:00:04 31 Aug 2020,40000
2020,President,Trump,Biden,,38,6.25e-05,0.0270806,0.98845,0.01155,,0.3247762,0.978355,0.9992219,0.0167662,61.31752,35.9899,,2.692577,54.8448,29.63964,,1.383699,67.76899,42.41055,,4.212428,25.32762,12.51013,38.0182,1,2020-08-31,19:00:04 31 Aug 2020,40000
2020,President,Trump,Biden,,39,0.0317,0.7940179,0.5982,0.4018,,0.5346038,0.9962046,0.9954089,0.5939019,50.43144,48.51135,,1.057215,45.28958,43.47335,,0.5572386,55.48219,53.6338,,1.629191,1.920091,-8.334333,11.98227,1,2020-08-31,19:00:04 31 Aug 2020,40000
2020,President,Trump,Biden,,15,0.000525,0.1676819,0.015375,0.984625,,0.6422764,0.6917101,0.0319166,0.9920976,32.73064,65.355,,1.914362,24.3046,56.80372,,1.007938,41.25318,73.84391,,2.939112,-32.62436,-49.47931,-15.60101,1,2020-08-30,20:23:02 30 Aug 2020,40000
2020,President,Trump,Biden,,26,0.07385,2.087686,0.20185,0.79815,,0.9565271,0.8493704,0.6240304,0.9875091,46.18564,52.65902,,1.155345,41.14494,47.57976,,0.6165848,51.25887,57.71265,,1.75918,-6.473375,-16.56445,3.643654,1,2020-08-30,20:23:02 30 Aug 2020,40000
2020,President,Trump,Biden,,25,0.0002875,0.0128981,0.0044,0.9956,,0.8636364,0.6889313,0.0122818,0.999126,33.72837,64.6274,,1.644224,27.30775,58.01515,,0.8694021,40.31655,71.06683,,2.518025,-30.89903,-43.72303,-17.72681,1,2020-08-30,20:23:02 30 Aug 2020,40000
2020,President,Trump,Biden,,24,0.0005125,0.026209,0.0028,0.9972,,0.8214286,0.6879513,0.0074337,0.9993081,35.82608,62.77546,,1.39846,30.57559,57.52547,,0.7426797,41.09187,68.01723,,2.136075,-26.94938,-37.40674,-16.45557,1,2020-08-30,20:23:02 30 Aug 2020,40000
2020,President,Trump,Biden,,23,0.003775,0.7143167,0.24075,0.75925,,0.7508827,0.8257161,0.584276,0.9132192,45.39505,53.01749,,1.587454,38.31138,45.85066,,0.8400326,52.55222,60.0649,,2.429134,-7.622441,-21.69773,6.689318,1,2020-08-30,20:23:02 30 Aug 2020,40000
2020,President,Trump,Biden,,22,0.0014375,0.1009666,0.9221,0.0779,,0.3313361,0.9476894,0.9874758,0.1075382,57.39436,41.73786,,0.8677815,50.43171,34.88227,,0.4662887,64.27115,48.70931,,1.315172,15.6565,1.733997,29.40392,1,2020-08-30,20:23:02 30 Aug 2020,40000
2020,President,Trump,Biden,,21,0.00025,0.0177129,0.975825,0.024175,,0.3166551,0.9824198,0.9987072,0.0345958,59.49712,39.29873,,1.204145,53.28345,33.08096,,0.6419793,65.71884,45.50772,,1.834683,20.19839,7.796247,32.64264,1,2020-08-30,20:23:02 30 Aug 2020,40000
2020,President,Trump,Biden,,20,0.000225,0.0258002,0.92935,0.07065,,0.3327595,0.9978769,0.9995152,0.1026948,55.38574,42.68634,,1.927917,49.88285,37.17598,,1.014867,60.92953,48.20876,,2.960259,12.6994,1.760998,23.67847,1,2020-08-30,20:23:02 30 Aug 2020,40000
2020,President,Trump,Biden,,19,0.0031375,0.2859339,0.700775,0.299225,,0.440655,0.9979948,0.9980608,0.4349964,51.60393,46.98681,,1.409254,45.87225,41.27039,,0.7482589,57.31416,52.68476,,2.15286,4.617119,-6.788748,16.00995,1,2020-08-30,20:23:02 30 Aug 2020,40000
2020,President,Trump,Biden,,18,0.000225,0.0113768,0.95035,0.04965,,0.3254327,0.9974824,0.999596,0.0721413,56.32896,42.25057,,1.420478,50.96172,36.89273,,0.7540592,61.72125,47.62331,,2.170293,14.07839,3.351521,24.80011,1,2020-08-30,20:23:02 30 Aug 2020,40000
2020,President,Trump,Biden,,17,0.0007875,0.019726,0.00775,0.99225,,0.983871,0.691736,0.0246445,0.9998179,39.06044,59.36811,,1.571454,34.03836,54.30413,,0.8319659,44.10734,64.39714,,2.404759,-20.30767,-30.31834,-10.22181,1,2020-08-30,20:23:02 30 Aug 2020,40000
2020,President,Trump,Biden,,16,1.25e-05,0.0024695,0.99385,0.00615,,0.3111637,0.9756098,0.9995152,0.00874,62.92392,33.88145,,3.194625,56.3474,27.39594,,1.655899,69.53271,40.40268,,4.95009,29.04247,16.05848,42.06872,1,2020-08-30,20:23:02 30 Aug 2020,40000
2020,President,Trump,Biden,,28,0.0026125,0.3074616,0.877275,0.122725,,0.342025,0.9215726,0.9697802,0.1647487,55.96514,43.25924,,0.7756271,48.85189,36.25085,,0.4178762,62.96687,50.37839,,1.173362,12.7059,-1.535122,26.71307,1,2020-08-30,20:23:02 30 Aug 2020,40000
2020,President,Trump,Biden,,13,0.0189625,0.6261597,0.68135,0.31865,,0.4484113,0.9872901,0.9874758,0.4582666,51.2232,47.91697,,0.8598274,46.62901,43.32922,,0.4621123,55.80432,52.52199,,1.302906,3.306233,-5.875252,12.4445,1,2020-08-30,20:23:02 30 Aug 2020,40000
2020,President,Trump,Biden,,12,0.2248,3.14269,0.38945,0.61055,,0.7427783,0.9663827,0.9349548,0.8594683,48.4613,50.71373,,0.8249698,43.24627,45.47269,,0.4438111,53.68561,55.93652,,1.249261,-2.252426,-12.67849,8.199095,1,2020-08-30,20:23:02 30 Aug 2020,40000
2020,President,Trump,Biden,,11,0.0,0.0,0.0,1.0,,,0.6865,0.0,1.0,5.784497,90.61269,,3.602813,3.13285,87.17735,,1.859858,8.577402,93.83365,,5.595964,-84.82819,-90.46187,-78.92198,1,2020-08-30,20:23:02 30 Aug 2020,40000
2020,President,Trump,Biden,,10,0.0001125,0.0352744,0.004425,0.995575,,0.9943503,0.6895261,0.0142211,0.9999636,38.87884,59.94835,,1.172811,34.18091,55.22111,,0.6256773,43.60365,64.64626,,1.786187,-21.0695,-30.44263,-11.64457,1,2020-08-30,20:23:02 30 Aug 2020,40000
2020,President,Trump,Biden,,09,0.0011125,0.0975918,0.02545,0.97455,,0.9548134,0.7032477,0.0785391,0.9983248,40.40988,58.61796,,0.9721614,34.75115,52.89813,,0.5209777,46.14165,64.26802,,1.47609,-18.20808,-29.50887,-6.762297,1,2020-08-30,20:23:02 30 Aug 2020,40000
2020,President,Trump,Biden,,08,0.017775,0.8661607,0.148625,0.851375,,0.8881413,0.7872559,0.4266322,0.9763292,44.42837,53.64865,,1.92298,38.74053,47.89923,,1.012343,50.18324,59.3546,,2.952556,-9.220284,-20.53206,2.215708,1,2020-08-30,20:23:02 30 Aug 2020,40000
2020,President,Trump,Biden,,06,0.001525,0.01515,0.003275,0.996725,,0.8167939,0.6881788,0.0086458,0.9991624,34.06702,63.92271,,2.010261,28.25753,57.98096,,1.056957,39.99206,69.78341,,3.088939,-29.85569,-41.46231,-18.0384,1,2020-08-30,20:23:02 30 Aug 2020,40000
2020,President,Trump,Biden,,05,0.0005,0.0611753,0.934125,0.065875,,0.3299612,0.9814042,0.9962023,0.0941733,56.82893,41.51387,,1.657195,50.42849,35.09921,,0.8760663,63.21137,47.909,,2.538226,15.31506,2.568354,28.09326,1,2020-08-30,20:23:02 30 Aug 2020,40000
2020,President,Trump,Biden,,04,0.0549875,2.788329,0.46895,0.53105,,0.5995842,0.9444497,0.908775,0.7305899,48.96914,49.66446,,1.366403,43.13934,43.83876,,0.7261017,54.82674,55.48151,,2.086305,-0.6953273,-12.31124,10.99232,1,2020-08-30,20:23:02 30 Aug 2020,40000
2020,President,Trump,Biden,,02,0.002225,1.000416,0.81585,0.18415,,0.3694,0.9560141,0.9740627,0.2564457,53.68232,44.02752,,2.290171,46.58095,37.01566,,1.199665,60.76903,51.10168,,3.527246,9.654801,-4.455883,23.76532,1,2020-08-30,20:23:02 30 Aug 2020,40000
2020,President,Trump,Biden,,01,0.0004375,0.0302562,0.979925,0.020075,,0.3149986,0.9626401,0.9976568,0.02815,60.09365,39.10553,,0.8008251,54.0227,33.08669,,0.4311261,66.10967,45.1798,,1.212123,20.98812,8.84306,33.01704,1,2020-08-30,20:23:02 30 Aug 2020,40000
2020,President,Trump,Biden,,27,0.0801,3.734828,0.29705,0.70295,,0.8152668,0.9005975,0.7827246,0.9221777,47.16956,51.35107,,1.479378,42.03947,46.18905,,0.7844828,52.34411,56.47664,,2.261716,-4.18151,-14.41803,6.129633,1,2020-08-30,20:23:02 30 Aug 2020,40000
2020,President,Trump,Biden,,56,0.0,0.0,0.998025,0.001975,,0.309862,0.9240506,0.9995152,0.0026584,68.6943,27.81601,,3.489693,61.80195,21.14942,,1.803442,75.50954,34.54354,,5.41674,40.87829,27.40936,54.21677,1,2020-08-30,20:23:02 30 Aug 2020,40000
2020,President,Trump,Biden,,29,0.0014375,0.0722164,0.88455,0.11545,,0.348991,0.9937202,0.9977375,0.1671158,54.50873,44.01765,,1.473613,48.85095,38.33029,,0.7815067,60.19248,49.68388,,2.252765,10.49108,-0.8134766,21.82799,1,2020-08-30,20:23:02 30 Aug 2020,40000
2020,President,Trump,Biden,,42,0.22385,5.076558,0.30905,0.69095,,0.8741304,0.93878,0.8731416,0.9448653,47.78888,51.45649,,0.7546356,42.94947,46.63253,,0.4068283,52.61501,56.28112,,1.141087,-3.667612,-13.31395,5.978546,1,2020-08-30,20:23:02 30 Aug 2020,40000
2020,President,Trump,Biden,,30,0.00105,0.2902897,0.889375,0.110625,,0.3445116,0.9726554,0.9903038,0.1567371,55.45729,42.4874,,2.055305,48.61036,35.5751,,1.079967,62.39581,49.35819,,3.159397,12.96989,-0.6753616,26.75997,1,2020-08-30,20:23:02 30 Aug 2020,40000
2020,President,Trump,Biden,,55,0.1070125,4.996884,0.33145,0.66855,,0.8108312,0.9359809,0.8686167,0.9115077,47.67445,51.30403,,1.021517,42.28004,45.90881,,0.5467818,53.07529,56.67984,,1.552186,-3.62958,-14.37876,7.160332,1,2020-08-30,20:23:02 30 Aug 2020,40000
2020,President,Trump,Biden,,54,3.75e-05,0.007051,0.992375,0.007625,,0.3115758,0.9737705,0.9993536,0.0108157,66.41753,31.70809,,1.874374,58.79098,24.04467,,0.9874878,74.0753,39.33719,,2.876744,34.70945,19.49205,50.00121,1,2020-08-30,20:23:02 30 Aug 2020,40000
2020,President,Trump,Biden,,53,0.001225,0.0490525,0.015025,0.984975,,0.8086522,0.6940785,0.0392696,0.9958485,37.05525,60.61779,,2.326964,30.74478,54.16096,,1.218364,43.47181,66.95447,,3.584876,-23.56254,-36.14022,-10.76901,1,2020-08-30,20:23:02 30 Aug 2020,40000
2020,President,Trump,Biden,,51,0.0143125,0.4816613,0.07865,0.92135,,0.9767959,0.74323,0.2483032,0.9974872,44.2287,54.70515,,1.066148,39.57001,49.9896,,0.5700849,48.94014,59.36743,,1.621154,-10.47646,-19.76063,-1.069302,1,2020-08-30,20:23:02 30 Aug 2020,40000
2020,President,Trump,Biden,,50,0.0002875,0.1265642,0.009825,0.990175,,0.697201,0.6903577,0.0221396,0.9957393,31.53469,65.685,,2.780312,23.42963,57.356,,1.44768,39.84785,73.8022,,4.296806,-34.15031,-50.26926,-17.58689,1,2020-08-30,20:23:02 30 Aug 2020,40000
2020,President,Trump,Biden,,49,0.000725,0.0826052,0.953575,0.046425,,0.3231786,0.9736134,0.9960407,0.0658412,57.15218,39.44304,,3.40478,50.50417,32.90234,,1.761041,63.82745,46.01791,,5.282299,17.70915,4.676607,30.80512,1,2020-08-30,20:23:02 30 Aug 2020,40000
2020,President,Trump,Biden,,47,0.0008125,0.0441337,0.952625,0.047375,,0.323947,0.9825857,0.9974144,0.0678077,57.8884,40.99035,,1.121259,51.63287,34.71091,,0.5988283,64.15323,47.22195,,1.706461,16.89805,4.414791,29.41872,1,2020-08-30,20:23:02 30 Aug 2020,40000
2020,President,Trump,Biden,,46,0.0002125,0.0778208,0.966025,0.033975,,0.3192981,0.9713024,0.9969295,0.0480699,59.91865,38.55286,,1.528486,52.73403,31.40281,,0.8098208,67.04451,45.71536,,2.337989,21.36579,7.033072,35.61394,1,2020-08-30,20:23:02 30 Aug 2020,40000
2020,President,Trump,Biden,,45,0.0015875,0.1015636,0.8761,0.1239,,0.3521002,0.991929,0.9970104,0.179024,54.05854,45.03326,,0.9081908,49.04058,40.00267,,0.4874772,59.09664,50.07215,,1.377435,9.025282,-1.011118,19.08322,1,2020-08-30,20:23:02 30 Aug 2020,40000
2020,President,Trump,Biden,,44,0.000375,0.1101827,0.0194,0.9806,,0.9329897,0.6987814,0.0585003,0.9981428,37.86399,60.65935,,1.476655,31.24914,53.87173,,0.7830771,44.64952,67.298,,2.257488,-22.79535,-36.02903,-9.240665,1,2020-08-30,20:23:02 30 Aug 2020,40000
2020,President,Trump,Biden,,48,0.0099875,0.1479145,0.7655,0.2345,,0.4038863,0.9989339,0.9992728,0.3412236,52.34922,46.60513,,1.045654,47.15383,41.42447,,0.5593877,57.51446,51.81068,,1.589439,5.744089,-4.664022,16.09149,1,2020-08-30,20:23:02 30 Aug 2020,40000
2020,President,Trump,Biden,,41,0.00655,0.4409765,0.095175,0.904825,,0.7861834,0.7365789,0.241839,0.9708303,41.85325,55.68405,,2.4627,35.10237,48.87832,,1.287183,48.66162,62.46069,,3.797639,-13.8308,-27.28189,-0.2730293,1,2020-08-30,20:23:02 30 Aug 2020,40000
2020,President,Trump,Biden,,35,0.0080125,1.384524,0.09935,0.90065,,0.9187217,0.7537057,0.2950065,0.9888201,43.24208,54.87032,,1.887596,37.41704,49.05223,,0.9942511,49.04839,60.659,,2.897363,-11.62824,-23.17068,-0.019577,1,2020-08-30,20:23:02 30 Aug 2020,40000
2020,President,Trump,Biden,,40,5e-05,0.0051457,0.99225,0.00775,,0.3117158,0.9870968,0.9996768,0.0111435,63.30014,35.48406,,1.215799,57.10818,29.30396,,0.6480392,69.46387,41.69288,,1.852734,27.81609,15.44629,40.12323,1,2020-08-30,20:23:02 30 Aug 2020,40000
2020,President,Trump,Biden,,32,0.025175,2.916078,0.22825,0.77175,,0.8825849,0.8557823,0.6510989,0.9620539,46.05398,52.16108,,1.784939,40.65077,46.75634,,0.9416437,51.46014,57.55038,,2.737288,-6.107107,-16.82055,4.684862,1,2020-08-30,20:23:02 30 Aug 2020,40000
2020,President,Trump,Biden,,33,0.0110375,2.055639,0.309625,0.690375,,0.7411385,0.8793047,0.7416775,0.884268,46.7282,52.20823,,1.063568,39.56533,44.97183,,0.5687385,53.93704,59.38445,,1.617159,-5.480032,-19.83101,8.953381,1,2020-08-30,20:23:02 30 Aug 2020,40000
2020,President,Trump,Biden,,34,0.0067125,0.2422944,0.0448,0.9552,,0.7979911,0.7092755,0.1155462,0.98689,40.78205,58.29924,,0.918713,34.4944,51.93302,,0.4929909,47.14045,64.58333,,1.393645,-17.51719,-30.08016,-4.77597,1,2020-08-30,20:23:02 30 Aug 2020,40000
2020,President,Trump,Biden,,31,0.0,0.0,0.984125,0.015875,,0.3143401,0.9968504,0.9998384,0.0230517,58.82242,39.34168,,1.8359,53.38052,33.97303,,0.9662557,64.21342,44.72988,,2.815747,19.48074,8.685602,30.19592,1,2020-08-30,20:23:02 30 Aug 2020,40000
2020,President,Trump,Biden,,36,0.0007,0.0127567,0.003,0.997,,0.9666666,0.6884654,0.009373,0.9998543,36.86563,62.03429,,1.10007,31.69759,56.81863,,0.5877819,42.05874,67.20049,,1.673668,-25.16866,-35.48502,-14.78764,1,2020-08-30,20:23:02 30 Aug 2020,40000
2020,President,Trump,Biden,,37,0.0425875,1.210141,0.536775,0.463225,,0.5581948,0.9784662,0.9684066,0.6602331,49.95217,49.259,,0.7888302,44.91744,44.19621,,0.4248202,55.00652,54.29601,,1.193669,0.6931707,-9.375441,10.78572,1,2020-08-30,20:23:02 30 Aug 2020,40000
2020,President,Trump,Biden,,38,3.75e-05,0.0151209,0.9875,0.0125,,0.3131646,0.988,0.9995152,0.0179898,61.15594,36.11792,,2.726145,54.66996,29.65348,,1.420339,67.64439,42.57856,,4.211476,25.03802,12.18651,37.87096,1,2020-08-30,20:23:02 30 Aug 2020,40000
2020,President,Trump,Biden,,39,0.03265,0.8181317,0.581575,0.418425,,0.5287366,0.9953397,0.9938591,0.6066642,50.28531,48.63977,,1.074924,45.02898,43.41196,,0.5746651,55.49807,53.87789,,1.634745,1.645546,-8.814432,12.07275,1,2020-08-30,20:23:02 30 Aug 2020,40000
2020,President,Trump,Biden,,15,0.000575,0.1944946,0.01485,0.98515,,0.6296296,0.6930163,0.030404,0.9920444,32.72914,65.37572,,1.895133,24.30343,56.73082,,0.9884501,41.32012,73.84013,,2.927722,-32.64658,-49.53094,-15.42894,1,2020-08-29,19:00:02 29 Aug 2020,40000
2020,President,Trump,Biden,,26,0.0747375,2.109164,0.1977,0.8023,,0.9607992,0.848498,0.6176733,0.9891747,46.11579,52.73777,,1.146432,41.02879,47.63713,,0.6057807,51.2197,57.8314,,1.756793,-6.621982,-16.77758,3.590509,1,2020-08-29,19:00:02 29 Aug 2020,40000
2020,President,Trump,Biden,,25,0.0003875,0.0162331,0.004525,0.995475,,0.8066298,0.6904493,0.011869,0.9987286,33.71053,64.65208,,1.637393,27.16168,57.9698,,0.8575007,40.37833,71.17303,,2.523564,-30.94155,-44.01876,-17.60658,1,2020-08-29,19:00:02 29 Aug 2020,40000
2020,President,Trump,Biden,,24,0.0003375,0.0163666,0.0024,0.9976,,0.7395833,0.6892291,0.0057719,0.9990918,35.82587,62.78677,,1.387352,30.57444,57.4674,,0.7297022,41.13548,68.05443,,2.132252,-26.9609,-37.43956,-16.33966,1,2020-08-29,19:00:02 29 Aug 2020,40000
2020,President,Trump,Biden,,23,0.0042125,0.7924568,0.237075,0.762925,,0.7513445,0.8254415,0.5792212,0.9150683,45.3312,53.09163,,1.577165,38.23447,45.9398,,0.8267825,52.47234,60.21956,,2.432344,-7.760429,-21.96198,6.512535,1,2020-08-29,19:00:02 29 Aug 2020,40000
2020,President,Trump,Biden,,22,0.0017875,0.1280082,0.9243,0.0757,,0.3294385,0.9570674,0.9901634,0.1052746,57.33928,41.79803,,0.8626937,50.47723,35.02329,,0.4590138,64.10596,48.67249,,1.316038,15.54125,1.816664,29.08076,1,2020-08-29,19:00:02 29 Aug 2020,40000
2020,President,Trump,Biden,,21,0.0003125,0.0234279,0.9733,0.0267,,0.3155245,0.9840824,0.998618,0.0381793,59.43928,39.36347,,1.19725,53.11986,33.13733,,0.6319636,65.65813,45.69622,,1.835847,20.0758,7.49164,32.49981,1,2020-08-29,19:00:02 29 Aug 2020,40000
2020,President,Trump,Biden,,20,0.0001375,0.0165142,0.92405,0.07595,,0.3325036,0.9963792,0.9991058,0.1099608,55.34002,42.74637,,1.91361,49.70776,37.16297,,0.9978094,60.92066,48.36566,,2.956697,12.59364,1.408659,23.69869,1,2020-08-29,19:00:02 29 Aug 2020,40000
2020,President,Trump,Biden,,19,0.0031125,0.2746948,0.695325,0.304675,,0.4411966,0.9975384,0.9975612,0.4416231,51.55041,47.05,,1.399593,45.71141,41.32041,,0.7359838,57.3075,52.86942,,2.151384,4.500419,-7.105482,15.95274,1,2020-08-29,19:00:02 29 Aug 2020,40000
2020,President,Trump,Biden,,18,0.0002,0.0098407,0.9468,0.0532,,0.3246462,0.9971805,0.9995123,0.0770852,56.27102,42.31894,,1.410045,50.85459,36.9651,,0.741346,61.63354,47.72961,,2.167739,13.95208,3.139441,24.64031,1,2020-08-29,19:00:02 29 Aug 2020,40000
2020,President,Trump,Biden,,17,0.000675,0.0172991,0.007875,0.992125,,0.9746032,0.693461,0.0249573,0.9997094,39.01929,59.43274,,1.547974,33.90701,54.29319,,0.8118671,44.14419,64.55611,,2.383491,-20.41345,-30.60848,-10.20507,1,2020-08-29,19:00:02 29 Aug 2020,40000
2020,President,Trump,Biden,,16,5e-05,0.0096902,0.993425,0.006575,,0.3094094,0.9771863,0.9995123,0.0093359,62.83779,34.01827,,3.143941,56.15057,27.52425,,1.615601,69.39334,40.62542,,4.898304,28.81952,15.65053,41.72097,1,2020-08-29,19:00:02 29 Aug 2020,40000
2020,President,Trump,Biden,,28,0.002725,0.318844,0.877425,0.122575,,0.3403425,0.9249439,0.9710593,0.1647414,55.93115,43.29798,,0.7708666,48.92722,36.34252,,0.4112487,62.89552,50.30206,,1.17393,12.63317,-1.372362,26.53348,1,2020-08-29,19:00:02 29 Aug 2020,40000
2020,President,Trump,Biden,,13,0.01765,0.5817633,0.678075,0.321925,,0.4477749,0.9871088,0.9873181,0.461748,51.20285,47.94313,,0.8540169,46.54956,43.32121,,0.4545016,55.82747,52.60583,,1.302605,3.25972,-6.062468,12.50539,1,2020-08-29,19:00:02 29 Aug 2020,40000
2020,President,Trump,Biden,,12,0.2277625,3.178795,0.3864,0.6136,,0.7456651,0.9676907,0.9369157,0.8627942,48.41245,50.76992,,0.8176281,43.11951,45.4789,,0.4355876,53.68439,56.0696,,1.246281,-2.357468,-12.92432,8.197855,1,2020-08-29,19:00:02 29 Aug 2020,40000
2020,President,Trump,Biden,,11,0.0,0.0,0.0,1.0,,,0.6882,0.0,1.0,5.794543,90.64961,,3.555844,3.13374,87.16872,,1.819954,8.576956,93.87862,,5.552449,-84.85507,-90.49367,-78.91068,1,2020-08-29,19:00:02 29 Aug 2020,40000
2020,President,Trump,Biden,,10,5e-05,0.0161754,0.004125,0.995875,,0.969697,0.6909251,0.0130071,0.9998184,38.83799,59.99799,,1.164023,34.0621,55.22501,,0.6148471,43.57301,64.78343,,1.784147,-21.16001,-30.69923,-11.70213,1,2020-08-29,19:00:02 29 Aug 2020,40000
2020,President,Trump,Biden,,09,0.000925,0.0799744,0.0256,0.9744,,0.9619141,0.7052802,0.0800748,0.9985833,40.36293,58.67414,,0.9629234,34.62079,52.87817,,0.5110174,46.14814,64.39793,,1.471472,-18.31121,-29.78297,-6.717497,1,2020-08-29,19:00:02 29 Aug 2020,40000
2020,President,Trump,Biden,,08,0.0189625,0.9246855,0.146675,0.853325,,0.8960286,0.7892948,0.4273636,0.9786763,44.39944,53.69633,,1.904223,38.6591,47.91853,,0.9930549,50.192,59.43839,,2.941976,-9.296885,-20.71144,2.217276,1,2020-08-29,19:00:02 29 Aug 2020,40000
2020,President,Trump,Biden,,06,0.0015875,0.0158148,0.003125,0.996875,,0.696,0.6894044,0.0070726,0.9986196,34.04874,63.95638,,1.99489,28.1975,57.93818,,1.038952,40.06385,69.86567,,3.084386,-29.90764,-41.6307,-17.91198,1,2020-08-29,19:00:02 29 Aug 2020,40000
2020,President,Trump,Biden,,05,0.0006875,0.0833674,0.932825,0.067175,,0.3284914,0.9836249,0.9964231,0.0960113,56.78865,41.56582,,1.645524,50.36613,35.194,,0.8616459,63.18774,47.9873,,2.536324,15.22283,2.400427,27.92725,1,2020-08-29,19:00:02 29 Aug 2020,40000
2020,President,Trump,Biden,,04,0.0551375,2.793151,0.463275,0.536725,,0.6022881,0.9444315,0.9073246,0.7365592,48.89444,49.75058,,1.35498,42.97797,43.88354,,0.7130831,54.76033,55.68757,,2.081714,-0.8561455,-12.64852,10.82802,1,2020-08-29,19:00:02 29 Aug 2020,40000
2020,President,Trump,Biden,,02,0.002475,1.089606,0.808375,0.191625,,0.3704964,0.9570776,0.9739046,0.2664923,53.62416,44.10162,,2.274217,46.46262,37.02037,,1.180058,60.72366,51.24338,,3.523848,9.522539,-4.701172,23.63389,1,2020-08-29,19:00:02 29 Aug 2020,40000
2020,President,Trump,Biden,,01,0.0004,0.0264706,0.97835,0.02165,,0.3134103,0.9584296,0.9970734,0.0301511,60.03295,39.17103,,0.7960154,53.99627,33.18105,,0.4243436,66.04245,45.23544,,1.212836,20.86192,8.767609,32.87561,1,2020-08-29,19:00:02 29 Aug 2020,40000
2020,President,Trump,Biden,,27,0.079875,3.723316,0.2979,0.7021,,0.8214166,0.9063524,0.7957076,0.9246585,47.1361,51.39598,,1.467924,41.89137,46.18633,,0.7709663,52.32724,56.66042,,2.258299,-4.259883,-14.74728,6.098448,1,2020-08-29,19:00:02 29 Aug 2020,40000
2020,President,Trump,Biden,,42,0.221475,5.012512,0.304525,0.695475,,0.8770216,0.9372012,0.868466,0.9471084,47.70627,51.54524,,0.7484852,42.82936,46.69641,,0.3995842,52.55264,56.43482,,1.13931,-3.838972,-13.59498,5.851374,1,2020-08-29,19:00:02 29 Aug 2020,40000
2020,President,Trump,Biden,,29,0.000975,0.0495958,0.879225,0.120775,,0.3488299,0.9931691,0.9973173,0.1742953,54.46876,44.0689,,1.462342,48.72993,38.40361,,0.7681116,60.13094,49.85,,2.249568,10.39986,-1.106871,21.67742,1,2020-08-29,19:00:02 29 Aug 2020,40000
2020,President,Trump,Biden,,56,0.0,0.0,0.998025,0.001975,,0.3080835,0.9746835,0.9998374,0.0027972,68.65373,27.91079,,3.435475,61.69978,21.22111,,1.760318,75.51047,34.76003,,5.36103,40.74294,27.13451,54.11393,1,2020-08-29,19:00:02 29 Aug 2020,40000
2020,President,Trump,Biden,,55,0.1071375,5.011207,0.32445,0.67555,,0.8237787,0.9375694,0.8691163,0.9203357,47.59384,51.39261,,1.013553,42.17599,45.99651,,0.5371975,52.974,56.80091,,1.550144,-3.79877,-14.61968,6.969395,1,2020-08-29,19:00:02 29 Aug 2020,40000
2020,President,Trump,Biden,,54,6.25e-05,0.0121204,0.9917,0.0083,,0.3097963,0.9638554,0.9990245,0.0116245,66.34062,31.79882,,1.860564,58.64453,24.25108,,0.9709303,73.90788,39.49721,,2.87349,34.54181,19.21864,49.62998,1,2020-08-29,19:00:02 29 Aug 2020,40000
2020,President,Trump,Biden,,53,0.0014875,0.061238,0.01395,0.98605,,0.8243728,0.6955276,0.0373953,0.996549,37.00761,60.68705,,2.30534,30.69609,54.28072,,1.195726,43.39285,67.03027,,3.572862,-23.67945,-36.26453,-10.95013,1,2020-08-29,19:00:02 29 Aug 2020,40000
2020,President,Trump,Biden,,51,0.0123375,0.4157331,0.076875,0.923125,,0.979187,0.743805,0.2447768,0.9977114,44.22121,54.72198,,1.056809,39.50327,49.98212,,0.5595514,48.91393,59.4537,,1.617437,-10.50077,-19.93654,-1.084093,1,2020-08-29,19:00:02 29 Aug 2020,40000
2020,President,Trump,Biden,,50,0.0001375,0.0638352,0.0087,0.9913,,0.6724138,0.6913901,0.0190228,0.9958951,31.47064,65.7926,,2.736765,23.36943,57.54246,,1.412393,39.71262,73.92732,,4.253416,-34.32196,-50.44923,-17.94137,1,2020-08-29,19:00:02 29 Aug 2020,40000
2020,President,Trump,Biden,,49,0.0007625,0.0859329,0.951725,0.048275,,0.321968,0.9761782,0.9964231,0.0684757,57.08003,39.54226,,3.377713,50.39928,32.99922,,1.73169,63.68742,46.18841,,5.269388,17.53778,4.384224,30.52389,1,2020-08-29,19:00:02 29 Aug 2020,40000
2020,President,Trump,Biden,,48,0.0091875,0.1375808,0.760725,0.239275,,0.4035953,0.9978059,0.9983741,0.3469195,52.32063,46.64242,,1.036943,47.02185,41.41235,,0.5492886,57.54631,51.94173,,1.58654,5.678212,-4.913034,16.12532,1,2020-08-29,19:00:02 29 Aug 2020,40000
2020,President,Trump,Biden,,47,0.0005625,0.0312413,0.95155,0.04845,,0.3222111,0.9809082,0.9969921,0.069057,57.85204,41.03438,,1.113578,51.59495,34.85754,,0.5888472,64.06561,47.29989,,1.705723,16.81766,4.301348,29.21671,1,2020-08-29,19:00:02 29 Aug 2020,40000
2020,President,Trump,Biden,,46,0.00015,0.0548074,0.9616,0.0384,,0.3185836,0.9680989,0.9961792,0.0540177,59.80487,38.69014,,1.504982,52.49868,31.57367,,0.7899092,66.97153,45.96659,,2.316239,21.11473,6.568417,35.39574,1,2020-08-29,19:00:02 29 Aug 2020,40000
2020,President,Trump,Biden,,45,0.0010625,0.0702454,0.871675,0.128325,,0.3519374,0.9941555,0.9975612,0.1853749,54.02077,45.07634,,0.9028848,48.905,40.06256,,0.4798981,59.04315,50.19077,,1.378339,8.944436,-1.288366,18.98772,1,2020-08-29,19:00:02 29 Aug 2020,40000
2020,President,Trump,Biden,,44,0.0003875,0.1184646,0.0189,0.9811,,0.9457672,0.7004892,0.0581254,0.9986196,37.76694,60.779,,1.454058,31.05864,53.94623,,0.7638744,44.58425,67.47631,,2.236612,-23.01205,-36.4039,-9.372627,1,2020-08-29,19:00:02 29 Aug 2020,40000
2020,President,Trump,Biden,,30,0.0009,0.2483522,0.88235,0.11765,,0.3449595,0.9721632,0.9897569,0.1661944,55.35854,42.59867,,2.04279,48.40337,35.77412,,1.063215,62.21918,49.51918,,3.159567,12.75986,-1.043047,26.38964,1,2020-08-29,19:00:02 29 Aug 2020,40000
2020,President,Trump,Biden,,41,0.006675,0.4501877,0.092725,0.907275,,0.7888919,0.7373729,0.2378668,0.9721012,41.79459,55.78317,,2.42224,35.05268,48.97645,,1.254568,48.58509,62.55577,,3.756983,-13.98858,-27.406,-0.4901085,1,2020-08-29,19:00:02 29 Aug 2020,40000
2020,President,Trump,Biden,,39,0.0309,0.7755234,0.5789,0.4211,,0.5274659,0.9946569,0.9929274,0.6086167,50.23233,48.70048,,1.067188,44.9518,43.45245,,0.5649108,55.47503,53.9917,,1.633572,1.531848,-9.019287,11.98003,1,2020-08-29,19:00:02 29 Aug 2020,40000
2020,President,Trump,Biden,,38,7.5e-05,0.0264604,0.98545,0.01455,,0.3116596,0.9725086,0.9986993,0.0205609,61.06177,36.2307,,2.707527,54.46079,29.75428,,1.397742,67.60342,42.82701,,4.207225,24.83107,11.70289,37.78272,1,2020-08-29,19:00:02 29 Aug 2020,40000
2020,President,Trump,Biden,,37,0.0448,1.277452,0.5365,0.4635,,0.5574557,0.9812298,0.9725226,0.6608544,49.92602,49.29086,,0.783122,44.81582,44.27425,,0.4176316,54.94083,54.40578,,1.192897,0.6351686,-9.590519,10.66263,1,2020-08-29,19:00:02 29 Aug 2020,40000
2020,President,Trump,Biden,,36,0.0008125,0.0152048,0.00285,0.99715,,0.8947368,0.6898661,0.008292,0.9995641,36.84834,62.05901,,1.092652,31.61904,56.78399,,0.5780533,42.11053,67.30676,,1.673169,-25.21066,-35.66279,-14.67818,1,2020-08-29,19:00:02 29 Aug 2020,40000
2020,President,Trump,Biden,,35,0.0081625,1.417549,0.099975,0.900025,,0.9077269,0.7546179,0.2950979,0.9868861,43.21121,54.91962,,1.869167,37.3528,49.0541,,0.9752916,49.08451,60.82291,,2.886989,-11.70841,-23.43736,-0.0009804,1,2020-08-29,19:00:02 29 Aug 2020,40000
2020,President,Trump,Biden,,34,0.0064875,0.2338807,0.04435,0.95565,,0.8072153,0.7113221,0.1164133,0.9877579,40.73005,58.35988,,0.9100736,34.3428,51.95071,,0.4836308,47.11019,64.7715,,1.389478,-17.62983,-30.40718,-4.876492,1,2020-08-29,19:00:02 29 Aug 2020,40000
2020,President,Trump,Biden,,33,0.0117875,2.183838,0.305075,0.694925,,0.747767,0.8808145,0.7418096,0.8894217,46.64622,52.29916,,1.054619,39.36394,45.04249,,0.5584204,53.91113,59.57297,,1.614033,-5.652928,-20.20234,8.856817,1,2020-08-29,19:00:02 29 Aug 2020,40000
2020,President,Trump,Biden,,32,0.0256875,2.981385,0.229825,0.770175,,0.8744697,0.8569157,0.6535241,0.9589872,46.01243,52.21987,,1.767697,40.55914,46.7855,,0.9238331,51.45206,57.7042,,2.727824,-6.207436,-17.09783,4.610228,1,2020-08-29,19:00:02 29 Aug 2020,40000
2020,President,Trump,Biden,,31,0.0,0.0,0.9831,0.0169,,0.3126844,0.9926035,0.9995936,0.0243752,58.77424,39.40944,,1.816324,53.27092,33.94933,,0.9484788,64.21729,44.93656,,2.806513,19.36481,8.356293,30.20728,1,2020-08-29,19:00:02 29 Aug 2020,40000
2020,President,Trump,Biden,,40,0.0001,0.0108828,0.99145,0.00855,,0.3098744,0.9649123,0.9990245,0.0119878,63.26048,35.5317,,1.20783,56.96366,29.35368,,0.6374105,69.42269,41.81082,,1.852317,27.72878,15.19527,40.02753,1,2020-08-29,19:00:02 29 Aug 2020,40000
2020,President,Trump,Biden,,21,0.000125,0.0096183,0.973725,0.026275,,0.3114072,0.9895338,0.9990939,0.0375438,59.44996,39.35397,,1.196071,53.19582,33.16353,,0.6317982,65.60942,45.59692,,1.834908,20.096,7.63546,32.42677,1,2020-08-28,19:00:03 28 Aug 2020,40000
2020,President,Trump,Biden,,17,0.0006625,0.0168403,0.0078,0.9922,,0.9615384,0.6976668,0.0247117,0.9995668,39.0043,59.44554,,1.550166,33.94501,54.3036,,0.8133929,44.13097,64.53317,,2.388043,-20.44124,-30.53972,-10.16821,1,2020-08-28,19:00:03 28 Aug 2020,40000
2020,President,Trump,Biden,,18,0.0002625,0.0128225,0.950025,0.049975,,0.31936,0.997999,0.9996705,0.0720191,56.28351,42.30701,,1.409477,50.9296,36.90425,,0.7414184,61.68269,47.66499,,2.167923,13.9765,3.284012,24.77641,1,2020-08-28,19:00:03 28 Aug 2020,40000
2020,President,Trump,Biden,,19,0.0029,0.2661499,0.695775,0.304225,,0.4354856,0.9983565,0.9983525,0.4385762,51.55464,47.04667,,1.398692,45.78056,41.30445,,0.7358932,57.30625,52.81424,,2.151062,4.507966,-7.019339,15.96411,1,2020-08-28,19:00:03 28 Aug 2020,40000
2020,President,Trump,Biden,,20,0.000125,0.0148865,0.927075,0.072925,,0.3272119,0.9979431,0.9995058,0.1050865,55.35847,42.7275,,1.914024,49.80714,37.18985,,0.9984677,60.91726,48.28231,,2.958778,12.63098,1.596138,23.65929,1,2020-08-28,19:00:03 28 Aug 2020,40000
2020,President,Trump,Biden,,26,0.072425,2.0495,0.198725,0.801275,,0.9560951,0.8536083,0.6260297,0.9876539,46.10863,52.74553,,1.145844,41.04512,47.63167,,0.6059135,51.19548,57.83253,,1.756675,-6.636902,-16.75861,3.545752,1,2020-08-28,19:00:03 28 Aug 2020,40000
2020,President,Trump,Biden,,22,0.0016125,0.1153786,0.923125,0.076875,,0.3247935,0.9508943,0.9878913,0.1055558,57.36258,41.77414,,0.8632842,50.47639,34.90554,,0.4597442,64.24805,48.65932,,1.317365,15.58844,1.834431,29.32679,1,2020-08-28,19:00:03 28 Aug 2020,40000
2020,President,Trump,Biden,,23,0.0032125,0.6089128,0.238325,0.761675,,0.7437323,0.8294548,0.5840198,0.9122775,45.32064,53.10339,,1.575964,38.21787,45.92112,,0.8269827,52.50579,60.21059,,2.428617,-7.782751,-21.93835,6.548332,1,2020-08-28,19:00:03 28 Aug 2020,40000
2020,President,Trump,Biden,,24,0.0002125,0.0103105,0.002775,0.997225,,0.6846847,0.6935747,0.0062603,0.9987365,35.79139,62.82053,,1.388073,30.54425,57.5136,,0.7304521,41.06599,68.08633,,2.134465,-27.02914,-37.529,-16.47213,1,2020-08-28,19:00:03 28 Aug 2020,40000
2020,President,Trump,Biden,,25,0.0002625,0.0116861,0.004,0.996,,0.84375,0.6946787,0.0111203,0.9990975,33.71587,64.64478,,1.639349,27.14533,58.02044,,0.8588867,40.30792,71.22106,,2.527883,-30.92891,-44.05037,-17.74885,1,2020-08-28,19:00:03 28 Aug 2020,40000
2020,President,Trump,Biden,,15,0.000525,0.1786218,0.016275,0.983725,,0.5898618,0.6972223,0.031631,0.9903975,32.7005,65.40234,,1.897154,24.22923,56.80506,,0.9899033,41.29888,73.93877,,2.932241,-32.70184,-49.67681,-15.51485,1,2020-08-28,19:00:03 28 Aug 2020,40000
2020,President,Trump,Biden,,16,2.5e-05,0.0046721,0.993725,0.006275,,0.3053159,0.9840637,0.9996705,0.0089166,62.90305,33.94807,,3.14888,56.2684,27.45603,,1.617921,69.47008,40.54499,,4.910915,28.95499,15.87657,41.90376,1,2020-08-28,19:00:03 28 Aug 2020,40000
2020,President,Trump,Biden,,09,0.001,0.0861476,0.023975,0.976025,,0.9582899,0.7085116,0.0757002,0.998556,40.3455,58.69105,,0.9634513,34.66397,52.94764,,0.511708,46.09257,64.38371,,1.473039,-18.34555,-29.69739,-6.855232,1,2020-08-28,19:00:03 28 Aug 2020,40000
2020,President,Trump,Biden,,13,0.01895,0.6278578,0.67735,0.32265,,0.4422381,0.9873702,0.9869851,0.4600195,51.17913,47.96722,,0.8536485,46.54943,43.31969,,0.4547313,55.82635,52.60023,,1.30242,3.211917,-6.051889,12.52147,1,2020-08-28,19:00:03 28 Aug 2020,40000
2020,President,Trump,Biden,,12,0.225625,3.15644,0.3818,0.6182,,0.7433211,0.9675267,0.9350906,0.8636872,48.3908,50.79245,,0.816745,43.10194,45.54827,,0.4355202,53.63968,56.07529,,1.245307,-2.401654,-12.96946,8.04804,1,2020-08-28,19:00:03 28 Aug 2020,40000
2020,President,Trump,Biden,,11,0.0,0.0,0.0,1.0,,,0.692525,0.0,1.0,5.785556,90.65302,,3.561433,3.130884,87.19296,,1.822482,8.570714,93.86193,,5.566439,-84.86745,-90.4601,-78.991,1,2020-08-28,19:00:03 28 Aug 2020,40000
2020,President,Trump,Biden,,10,3.75e-05,0.0106439,0.00375,0.99625,,0.98,0.6950564,0.0121087,0.9998917,38.80288,60.03403,,1.163087,34.06783,55.27442,,0.6148036,43.56784,64.76518,,1.783535,-21.23116,-30.69746,-11.73017,1,2020-08-28,19:00:03 28 Aug 2020,40000
2020,President,Trump,Biden,,08,0.0189125,0.9212525,0.148975,0.851025,,0.8967947,0.7960988,0.4401977,0.978304,44.40566,53.68839,,1.905952,38.68639,47.85828,,0.9943693,50.21719,59.42336,,2.946067,-9.282724,-20.65845,2.315701,1,2020-08-28,19:00:03 28 Aug 2020,40000
2020,President,Trump,Biden,,06,0.0017125,0.0170784,0.003375,0.996625,,0.6740741,0.6937665,0.0074959,0.9984116,34.03843,63.96542,,1.996155,28.13714,58.02025,,1.040052,39.9707,69.91876,,3.088174,-29.92699,-41.7338,-18.05238,1,2020-08-28,19:00:03 28 Aug 2020,40000
2020,President,Trump,Biden,,05,0.000375,0.0460821,0.931275,0.068725,,0.3248235,0.9854493,0.9967051,0.0977943,56.78623,41.5687,,1.645073,50.32405,35.1194,,0.8618034,63.19106,48.0238,,2.536863,15.21753,2.350676,28.02934,1,2020-08-28,19:00:03 28 Aug 2020,40000
2020,President,Trump,Biden,,04,0.053825,2.726563,0.46165,0.53835,,0.5957435,0.9448314,0.9061779,0.7344861,48.92243,49.72294,,1.354632,43.06125,43.83774,,0.7133024,54.78299,55.60191,,2.082211,-0.800507,-12.50897,10.8956,1,2020-08-28,19:00:03 28 Aug 2020,40000
2020,President,Trump,Biden,,02,0.0021,0.9401203,0.811275,0.188725,,0.364488,0.9582726,0.9742998,0.2611458,53.66101,44.0653,,2.27369,46.54953,36.97047,,1.180093,60.78662,51.18723,,3.525506,9.595705,-4.578377,23.75171,1,2020-08-28,19:00:03 28 Aug 2020,40000
2020,President,Trump,Biden,,01,0.0002875,0.0183334,0.978625,0.021375,,0.3093371,0.9637427,0.9974465,0.0297462,60.03827,39.16652,,0.7952153,53.96205,33.15589,,0.424315,66.0662,45.23382,,1.212012,20.87175,8.736776,32.88958,1,2020-08-28,19:00:03 28 Aug 2020,40000
2020,President,Trump,Biden,,28,0.0023875,0.2808709,0.8779,0.1221,,0.3360007,0.9285422,0.971911,0.1637125,55.94361,43.2861,,0.7702864,48.85909,36.30161,,0.4113194,62.95373,50.37129,,1.17347,12.65751,-1.489059,26.64813,1,2020-08-28,19:00:03 28 Aug 2020,40000
2020,President,Trump,Biden,,27,0.082525,3.838614,0.294925,0.705075,,0.812749,0.905932,0.7897858,0.9223494,47.10981,51.42187,,1.46832,41.88641,46.18059,,0.7715363,52.34707,56.64507,,2.259886,-4.312052,-14.70683,6.136335,1,2020-08-28,19:00:03 28 Aug 2020,40000
2020,President,Trump,Biden,,29,0.0012875,0.0649144,0.8802,0.1198,,0.3437855,0.9924875,0.9970346,0.1716906,54.46353,44.07417,,1.462295,48.78262,38.388,,0.7684551,60.14957,49.73614,,2.250478,10.38936,-0.9391556,21.74385,1,2020-08-28,19:00:03 28 Aug 2020,40000
2020,President,Trump,Biden,,56,0.0,0.0,0.997725,0.002275,,0.3040918,0.956044,0.9996705,0.0031407,68.67075,27.88833,,3.440924,61.72148,21.13633,,1.762839,75.48848,34.71696,,5.374742,40.78241,27.11097,54.21894,1,2020-08-28,19:00:03 28 Aug 2020,40000
2020,President,Trump,Biden,,42,0.22295,5.054603,0.3024,0.6976,,0.8735946,0.9395427,0.8704283,0.9464279,47.69275,51.55917,,0.7480747,42.85973,46.72633,,0.3997245,52.52393,56.40002,,1.139069,-3.866419,-13.53343,5.772331,1,2020-08-28,19:00:03 28 Aug 2020,40000
2020,President,Trump,Biden,,30,0.000875,0.2416338,0.88335,0.11665,,0.3404653,0.9762109,0.990939,0.1644345,55.39046,42.56812,,2.041412,48.41921,35.62301,,1.062932,62.34636,49.48788,,3.159488,12.82234,-0.9840355,26.63539,1,2020-08-28,19:00:03 28 Aug 2020,40000
2020,President,Trump,Biden,,55,0.1088625,5.074154,0.3227,0.6773,,0.8129842,0.936365,0.8644152,0.9157792,47.58591,51.40104,,1.013045,42.21617,45.97024,,0.5373633,52.98886,56.77998,,1.550102,-3.815128,-14.56858,7.013111,1,2020-08-28,19:00:03 28 Aug 2020,40000
2020,President,Trump,Biden,,54,5e-05,0.0103893,0.992375,0.007625,,0.3056808,0.9803278,0.9995058,0.0107938,66.32436,31.81143,,1.864216,58.59599,24.16657,,0.9731962,74.00336,39.55057,,2.880542,34.51292,19.06961,49.8384,1,2020-08-28,19:00:03 28 Aug 2020,40000
2020,President,Trump,Biden,,53,0.0016,0.0637718,0.014075,0.985925,,0.78508,0.6993433,0.0364086,0.9956319,37.00549,60.6869,,2.30761,30.67664,54.24493,,1.197165,43.39728,67.06035,,3.578952,-23.68142,-36.37102,-10.9238,1,2020-08-28,19:00:03 28 Aug 2020,40000
2020,President,Trump,Biden,,51,0.0147375,0.4969417,0.07625,0.92375,,0.9786885,0.7479838,0.2458814,0.9977257,44.19177,54.75115,,1.057077,39.51793,50.04662,,0.5601121,48.90686,59.43968,,1.618604,-10.55938,-19.89701,-1.175676,1,2020-08-28,19:00:03 28 Aug 2020,40000
2020,President,Trump,Biden,,50,0.0003875,0.1755069,0.010225,0.989775,,0.6454768,0.696042,0.0217463,0.9948016,31.46725,65.79176,,2.740983,23.29284,57.42076,,1.4145,39.74571,73.99949,,4.264208,-34.32451,-50.6218,-17.73102,1,2020-08-28,19:00:03 28 Aug 2020,40000
2020,President,Trump,Biden,,49,0.00075,0.0877779,0.9509,0.0491,,0.3175413,0.9669043,0.9948929,0.0685535,57.12003,39.49992,,3.380054,50.39584,32.92635,,1.732679,63.74771,46.19582,,5.277996,17.62011,4.397846,30.65912,1,2020-08-28,19:00:03 28 Aug 2020,40000
2020,President,Trump,Biden,,47,0.00075,0.0411862,0.9514,0.0486,,0.3180576,0.9814815,0.9970346,0.0688784,57.83995,41.04707,,1.11298,51.58885,34.81788,,0.5889612,64.06393,47.2973,,1.705591,16.79287,4.297083,29.21032,1,2020-08-28,19:00:03 28 Aug 2020,40000
2020,President,Trump,Biden,,46,0.0002875,0.1024899,0.961825,0.038175,,0.3145323,0.9744597,0.9967875,0.0537165,59.83708,38.65581,,1.507108,52.49145,31.44028,,0.7913637,67.07881,45.97792,,2.320578,21.18127,6.530611,35.63413,1,2020-08-28,19:00:03 28 Aug 2020,40000
2020,President,Trump,Biden,,45,0.00155,0.0996643,0.871925,0.128075,,0.3472202,0.9939489,0.9975289,0.1838201,54.00418,45.09393,,0.9018902,48.93041,40.03572,,0.4798128,59.05576,50.14985,,1.37732,8.910253,-1.197582,19.01574,1,2020-08-28,19:00:03 28 Aug 2020,40000
2020,President,Trump,Biden,,44,0.000275,0.0831036,0.01905,0.98095,,0.9317585,0.7046486,0.0584843,0.9981228,37.81088,60.73302,,1.456101,31.1223,53.92636,,0.7652866,44.60751,67.42921,,2.240805,-22.92213,-36.28142,-9.353781,1,2020-08-28,19:00:03 28 Aug 2020,40000
2020,President,Trump,Biden,,48,0.0088375,0.133124,0.75915,0.24085,,0.3994599,0.998962,0.9991763,0.3474243,52.32652,46.63625,,1.037228,47.0987,41.40067,,0.5498608,57.57421,51.87778,,1.587736,5.690276,-4.758749,16.14005,1,2020-08-28,19:00:03 28 Aug 2020,40000
2020,President,Trump,Biden,,41,0.0073125,0.4949535,0.09605,0.90395,,0.7873504,0.7437358,0.2491763,0.9707953,41.80542,55.76865,,2.425931,35.04965,48.88937,,1.256643,48.65028,62.50026,,3.765496,-13.96323,-27.36691,-0.2758675,1,2020-08-28,19:00:03 28 Aug 2020,40000
2020,President,Trump,Biden,,35,0.00885,1.549449,0.0992,0.9008,,0.9168347,0.7598801,0.2996705,0.988412,43.2192,54.91024,,1.870559,37.43427,49.06271,,0.9764128,49.05724,60.7164,,2.890497,-11.69105,-23.29108,-0.0425396,1,2020-08-28,19:00:03 28 Aug 2020,40000
2020,President,Trump,Biden,,40,0.000175,0.0178448,0.992575,0.007425,,0.3055437,0.969697,0.9992586,0.0103967,63.28477,35.50797,,1.207266,56.9828,29.28643,,0.637563,69.50237,41.84375,,1.852352,27.77681,15.17179,40.20472,1,2020-08-28,19:00:03 28 Aug 2020,40000
2020,President,Trump,Biden,,32,0.025475,2.958282,0.2289,0.7711,,0.8768021,0.862145,0.661285,0.9599653,46.02248,52.20823,,1.76929,40.64496,46.73666,,0.925011,51.50268,57.62203,,2.731532,-6.185747,-16.95324,4.70479,1,2020-08-28,19:00:03 28 Aug 2020,40000
2020,President,Trump,Biden,,33,0.0117625,2.182783,0.3035,0.6965,,0.740939,0.8823044,0.740939,0.8873687,46.63195,52.31349,,1.054558,39.39064,45.0056,,0.5588117,53.92867,59.57444,,1.614687,-5.681531,-20.16518,8.903288,1,2020-08-28,19:00:03 28 Aug 2020,40000
2020,President,Trump,Biden,,34,0.0068,0.2460997,0.04455,0.95545,,0.808642,0.7159454,0.1186985,0.9877622,40.74332,58.34653,,0.9101513,34.36803,51.98266,,0.4841006,47.08692,64.73126,,1.390158,-17.60322,-30.35003,-4.886776,1,2020-08-28,19:00:03 28 Aug 2020,40000
2020,President,Trump,Biden,,31,1.25e-05,0.0020455,0.98335,0.01665,,0.308588,0.996997,0.9998353,0.0239703,58.79574,39.38686,,1.817396,53.2826,33.95242,,0.9484931,64.24557,44.91065,,2.809236,19.40888,8.435347,30.22989,1,2020-08-28,19:00:03 28 Aug 2020,40000
2020,President,Trump,Biden,,36,0.000825,0.015196,0.00275,0.99725,,0.8818182,0.6941088,0.0079901,0.9995307,36.84702,62.05986,,1.093122,31.65913,56.80521,,0.5787172,42.08624,67.25461,,1.674692,-25.21283,-35.57751,-14.72749,1,2020-08-28,19:00:03 28 Aug 2020,40000
2020,President,Trump,Biden,,37,0.043275,1.235108,0.530375,0.469625,,0.5556446,0.9804631,0.971005,0.6648858,49.8912,49.32607,,0.7827237,44.85173,44.26038,,0.4178077,54.94895,54.35561,,1.192699,0.5651345,-9.482605,10.70473,1,2020-08-28,19:00:03 28 Aug 2020,40000
2020,President,Trump,Biden,,38,5e-05,0.0212963,0.9867,0.0133,,0.3074389,0.9887218,0.9995058,0.0189885,61.11668,36.1761,,2.707217,54.48832,29.6673,,1.397608,67.66658,42.72614,,4.210644,24.94059,11.89984,37.92281,1,2020-08-28,19:00:03 28 Aug 2020,40000
2020,President,Trump,Biden,,39,0.0288625,0.7206846,0.576375,0.423625,,0.5234005,0.995692,0.9939868,0.6090755,50.23259,48.70005,,1.067358,45.02972,43.41129,,0.5654199,55.50716,53.92583,,1.634598,1.532539,-8.880091,12.09269,1,2020-08-28,19:00:03 28 Aug 2020,40000
2020,President,Trump,Biden,,15,0.0004625,0.1507909,0.015625,0.984375,,0.6048,0.7012572,0.0315631,0.9912407,32.72983,65.39764,,1.872535,24.3761,56.8864,,0.9760564,41.2989,73.78477,,2.884137,-32.6678,-49.38293,-15.64041,1,2020-08-27,19:00:04 27 Aug 2020,40000
2020,President,Trump,Biden,,26,0.0596875,1.682807,0.179925,0.820075,,0.9670696,0.8421181,0.5811623,0.9916714,45.89835,52.96901,,1.132643,40.9235,47.95531,,0.598139,50.91553,57.94683,,1.730342,-7.070655,-17.01756,2.961088,1,2020-08-27,19:00:04 27 Aug 2020,40000
2020,President,Trump,Biden,,25,0.000325,0.0136382,0.00405,0.99595,,0.8518519,0.6986294,0.011523,0.9991384,34.18751,64.11469,,1.697805,27.70757,57.55227,,0.8873378,40.71322,70.61904,,2.611192,-29.92717,-42.83821,-16.86485,1,2020-08-27,19:00:04 27 Aug 2020,40000
2020,President,Trump,Biden,,24,0.0001875,0.0092411,0.0023,0.9977,,0.7717391,0.6974792,0.0059285,0.9992461,35.86658,62.75769,,1.375737,30.67055,57.499,,0.7230336,41.12707,67.9736,,2.108498,-26.89111,-37.26987,-16.42891,1,2020-08-27,19:00:04 27 Aug 2020,40000
2020,President,Trump,Biden,,23,0.004275,0.8028066,0.231175,0.768825,,0.7515951,0.8317237,0.5803273,0.9182223,45.31137,53.12312,,1.565511,38.35315,46.08736,,0.8194224,52.32265,60.09735,,2.404608,-7.811743,-21.70415,6.242226,1,2020-08-27,19:00:04 27 Aug 2020,40000
2020,President,Trump,Biden,,22,0.0014625,0.1012571,0.926725,0.073275,,0.3191885,0.9481406,0.987976,0.0997631,57.38407,41.75912,,0.8568167,50.57341,34.99332,,0.4555104,64.14978,48.58966,,1.30341,15.62495,1.975538,29.14808,1,2020-08-27,19:00:04 27 Aug 2020,40000
2020,President,Trump,Biden,,21,0.0003,0.0214399,0.973725,0.026275,,0.3071196,0.9857279,0.998831,0.0371913,59.42019,39.3896,,1.190223,53.16606,33.15495,,0.6278041,65.66004,45.65818,,1.819772,20.03059,7.518658,32.45929,1,2020-08-27,19:00:04 27 Aug 2020,40000
2020,President,Trump,Biden,,20,0.0002375,0.0287497,0.926675,0.073325,,0.3229018,0.9976134,0.9994155,0.1050402,55.34627,42.75645,,1.897284,49.83152,37.26158,,0.9886053,60.82857,48.25348,,2.922909,12.58982,1.634537,23.5465,1,2020-08-27,19:00:04 27 Aug 2020,40000
2020,President,Trump,Biden,,19,0.003325,0.3014483,0.696275,0.303725,,0.4288535,0.9972838,0.997328,0.4349512,51.53411,47.07749,,1.388402,45.87385,41.42043,,0.7295222,57.2074,52.72025,,2.128268,4.456624,-6.83366,15.7801,1,2020-08-27,19:00:04 27 Aug 2020,40000
2020,President,Trump,Biden,,18,0.000175,0.0090281,0.951425,0.048575,,0.3145545,0.9974267,0.9995825,0.0695721,56.29904,42.30259,,1.398372,50.98665,36.98456,,0.7346283,61.6323,47.61459,,2.143818,13.99646,3.399803,24.62033,1,2020-08-27,19:00:04 27 Aug 2020,40000
2020,President,Trump,Biden,,17,0.000625,0.0154937,0.007525,0.992475,,0.9833887,0.7015542,0.0247161,0.9998205,39.06451,59.40253,,1.532959,34.08462,54.3457,,0.8033882,44.14866,64.4142,,2.353806,-20.33802,-30.29826,-10.20391,1,2020-08-27,19:00:04 27 Aug 2020,40000
2020,President,Trump,Biden,,16,3.75e-05,0.0072874,0.994075,0.005925,,0.3010588,0.9789029,0.9995825,0.0083285,62.91837,33.97095,,3.110673,56.31564,27.54836,,1.597828,69.41596,40.52812,,4.832509,28.94742,15.90652,41.81499,1,2020-08-27,19:00:04 27 Aug 2020,40000
2020,President,Trump,Biden,,28,0.0022625,0.2649037,0.884625,0.115375,,0.3289812,0.9254605,0.9720274,0.1533242,55.97439,43.25958,,0.7660248,49.08119,36.38395,,0.4083123,62.84491,50.15148,,1.163285,12.71481,-1.082155,26.43748,1,2020-08-27,19:00:04 27 Aug 2020,40000
2020,President,Trump,Biden,,13,0.0162625,0.5359119,0.67985,0.32015,,0.4351695,0.9885991,0.988143,0.4544802,51.20555,47.94672,,0.8477315,46.61526,43.4277,,0.4507889,55.72777,52.53526,,1.289367,3.258832,-5.898981,12.29757,1,2020-08-27,19:00:04 27 Aug 2020,40000
2020,President,Trump,Biden,,12,0.2270375,3.173855,0.379725,0.620275,,0.7369807,0.9677562,0.9347028,0.8619687,48.38417,50.8087,,0.8071282,43.22754,45.60175,,0.4296892,53.59312,55.96449,,1.226707,-2.424532,-12.73231,7.997885,1,2020-08-27,19:00:04 27 Aug 2020,40000
2020,President,Trump,Biden,,11,0.0,0.0,0.0,1.0,,,0.6964,0.0,1.0,5.84035,90.63207,,3.527576,3.20261,87.22106,,1.804909,8.623257,93.82748,,5.492292,-84.79173,-90.36052,-78.92857,1,2020-08-27,19:00:04 27 Aug 2020,40000
2020,President,Trump,Biden,,10,7.5e-05,0.0230106,0.003775,0.996225,,0.986755,0.6989887,0.0124415,0.9999282,38.83461,60.01596,,1.149426,34.22011,55.35573,,0.6067901,43.47852,64.64,,1.756414,-21.18134,-30.42378,-11.89827,1,2020-08-27,19:00:04 27 Aug 2020,40000
2020,President,Trump,Biden,,09,0.0011625,0.0992387,0.0235,0.9765,,0.9606383,0.712212,0.0754008,0.9986718,40.42003,58.62753,,0.9524389,34.81478,52.93513,,0.5051079,46.10996,64.26392,,1.451212,-18.2075,-29.4575,-6.840925,1,2020-08-27,19:00:04 27 Aug 2020,40000
2020,President,Trump,Biden,,08,0.01895,0.9211101,0.145975,0.854025,,0.8898784,0.7968736,0.4338677,0.9772401,44.4465,53.67243,,1.881075,38.80312,48.02386,,0.9803871,50.10728,59.31457,,2.897513,-9.22593,-20.45988,2.042881,1,2020-08-27,19:00:04 27 Aug 2020,40000
2020,President,Trump,Biden,,06,0.001725,0.0172328,0.003625,0.996375,,0.7448276,0.6980053,0.009018,0.9986718,34.07027,63.95045,,1.979277,28.2642,58.00989,,1.030141,39.9627,69.77238,,3.05144,-29.88018,-41.46523,-18.13627,1,2020-08-27,19:00:04 27 Aug 2020,40000
2020,President,Trump,Biden,,05,0.0004625,0.0538174,0.934675,0.065325,,0.3193356,0.98584,0.9969105,0.0924756,56.79332,41.57441,,1.632275,50.46157,35.20482,,0.8539996,63.15968,47.92959,,2.508787,15.21891,2.573013,27.95725,1,2020-08-27,19:00:04 27 Aug 2020,40000
2020,President,Trump,Biden,,04,0.05395,2.738062,0.46255,0.53745,,0.5882067,0.9467857,0.9087341,0.7306864,48.92905,49.73228,,1.338673,43.12488,43.89979,,0.7040352,54.75061,55.52427,,2.050665,-0.8032297,-12.37662,10.85663,1,2020-08-27,19:00:04 27 Aug 2020,40000
2020,President,Trump,Biden,,02,0.0020875,0.9376106,0.817025,0.182975,,0.3576084,0.9601038,0.9758684,0.2522616,53.68104,44.06263,,2.256327,46.67261,37.07367,,1.170022,60.65612,51.06068,,3.485893,9.618414,-4.34289,23.52589,1,2020-08-27,19:00:04 27 Aug 2020,40000
2020,President,Trump,Biden,,01,0.000375,0.0242451,0.97875,0.02125,,0.3051852,0.9658824,0.997662,0.029473,60.05488,39.15396,,0.79116,54.11769,33.24132,,0.4213884,65.98619,45.10485,,1.202049,20.90092,9.035465,32.76976,1,2020-08-27,19:00:04 27 Aug 2020,40000
2020,President,Trump,Biden,,27,0.085125,3.958817,0.29225,0.70775,,0.810864,0.9083716,0.7914997,0.9231763,47.13884,51.40699,,1.454171,42.04385,46.26842,,0.7631629,52.27402,56.50171,,2.230865,-4.268141,-14.43418,5.978123,1,2020-08-27,19:00:04 27 Aug 2020,40000
2020,President,Trump,Biden,,29,0.0012125,0.0595192,0.883725,0.116275,,0.3378596,0.9929047,0.9972445,0.1657812,54.47467,44.07603,,1.449298,48.82038,38.48104,,0.7606725,60.0867,49.73233,,2.22326,10.39863,-0.8717709,21.5849,1,2020-08-27,19:00:04 27 Aug 2020,40000
2020,President,Trump,Biden,,56,0.0,0.0,0.9979,0.0021,,0.2998296,0.9047619,0.999332,0.0027283,68.7071,27.89273,,3.400171,61.80178,21.23154,,1.741757,75.47974,34.69668,,5.290447,40.81437,27.2629,54.13842,1,2020-08-27,19:00:04 27 Aug 2020,40000
2020,President,Trump,Biden,,42,0.22445,5.080466,0.2953,0.7047,,0.8767355,0.9382007,0.8647295,0.9493825,47.6794,51.58087,,0.739733,42.92899,46.80251,,0.3946102,52.46238,56.33751,,1.122781,-3.901475,-13.40504,5.627451,1,2020-08-27,19:00:04 27 Aug 2020,40000
2020,President,Trump,Biden,,55,0.109975,5.139717,0.315275,0.684725,,0.8181746,0.9361423,0.8615565,0.920448,47.54457,51.45252,,1.002908,42.25095,46.10962,,0.5312104,52.88402,56.75808,,1.529323,-3.907945,-14.48841,6.771351,1,2020-08-27,19:00:04 27 Aug 2020,40000
2020,President,Trump,Biden,,54,2.5e-05,0.0053167,0.991825,0.008175,,0.3015401,0.9602447,0.9989145,0.0112723,66.29009,31.86087,,1.849034,58.58414,24.26115,,0.9641349,73.9277,39.5689,,2.847365,34.42922,19.05392,49.65545,1,2020-08-27,19:00:04 27 Aug 2020,40000
2020,President,Trump,Biden,,53,0.0013,0.0513596,0.0132,0.9868,,0.7935606,0.7030047,0.0349866,0.9961588,37.04884,60.67165,,2.279508,30.80613,54.3727,,1.181687,43.31235,66.96151,,3.522344,-23.62281,-36.08665,-11.10154,1,2020-08-27,19:00:04 27 Aug 2020,40000
2020,President,Trump,Biden,,51,0.014025,0.4713978,0.07545,0.92455,,0.9738237,0.7511222,0.2454075,0.9971999,44.23977,54.71468,,1.045555,39.62953,50.09658,,0.5532379,48.87125,59.32821,,1.59538,-10.47492,-19.70345,-1.230576,1,2020-08-27,19:00:04 27 Aug 2020,40000
2020,President,Trump,Biden,,50,0.0002,0.0889807,0.00795,0.99205,,0.7421384,0.6999143,0.0197061,0.9970563,31.50924,65.78242,,2.708334,23.58969,57.61634,,1.396828,39.62554,73.76079,,4.197392,-34.27319,-50.1139,-18.09665,1,2020-08-27,19:00:04 27 Aug 2020,40000
2020,President,Trump,Biden,,49,0.000725,0.0821639,0.953125,0.046875,,0.3127082,0.9712,0.995491,0.0653719,57.1284,39.52523,,3.34636,50.48426,32.97532,,1.715055,63.7393,46.11958,,5.20527,17.60317,4.530518,30.59196,1,2020-08-27,19:00:04 27 Aug 2020,40000
2020,President,Trump,Biden,,48,0.00845,0.1273605,0.7682,0.2318,,0.3893192,0.9985979,0.9989145,0.332388,52.33957,46.6349,,1.025526,47.19762,41.55264,,0.5428963,57.40948,51.7776,,1.564336,5.704672,-4.568321,15.85822,1,2020-08-27,19:00:04 27 Aug 2020,40000
2020,President,Trump,Biden,,47,0.000375,0.0196999,0.954625,0.045375,,0.3127668,0.9818182,0.9972445,0.0639719,57.8559,41.03917,,1.104936,51.68336,34.8987,,0.5838647,63.98438,47.21842,,1.687413,16.81673,4.471138,29.09412,1,2020-08-27,19:00:04 27 Aug 2020,40000
2020,President,Trump,Biden,,46,0.0002,0.0758579,0.9624,0.0376,,0.3098764,0.96875,0.9960755,0.0523047,59.8798,38.63042,,1.489776,52.56698,31.49874,,0.7813492,67.03181,45.94626,,2.28644,21.24938,6.597713,35.48352,1,2020-08-27,19:00:04 27 Aug 2020,40000
2020,President,Trump,Biden,,45,0.0012125,0.0784635,0.875975,0.124025,,0.3409058,0.9937513,0.9974115,0.1769816,54.01342,45.08905,,0.897525,49.00309,40.13092,,0.4766462,58.98199,50.09506,,1.366363,8.924373,-1.086657,18.84285,1,2020-08-27,19:00:04 27 Aug 2020,40000
2020,President,Trump,Biden,,44,0.000325,0.0964374,0.01755,0.98245,,0.945869,0.7078732,0.0554442,0.9986358,37.86463,60.6959,,1.439471,31.28566,53.97493,,0.7556496,44.56271,67.28008,,2.207925,-22.83127,-35.95374,-9.446438,1,2020-08-27,19:00:04 27 Aug 2020,40000
2020,President,Trump,Biden,,30,0.000925,0.2510648,0.884375,0.115625,,0.3352085,0.9731892,0.9901469,0.161581,55.35882,42.61188,,2.029301,48.46019,35.76851,,1.055453,62.23505,49.46399,,3.129886,12.74694,-0.9180698,26.43929,1,2020-08-27,19:00:04 27 Aug 2020,40000
2020,President,Trump,Biden,,41,0.0076375,0.5190923,0.093025,0.906975,,0.7761354,0.7451969,0.241149,0.970527,41.84123,55.76342,,2.395347,35.12094,48.9613,,1.239937,48.59851,62.49666,,3.704587,-13.9222,-27.30451,-0.4308338,1,2020-08-27,19:00:04 27 Aug 2020,40000
2020,President,Trump,Biden,,39,0.0346875,0.8712977,0.57515,0.42485,,0.5175607,0.9957632,0.9942385,0.6074814,50.20901,48.73257,,1.058425,45.01212,43.57164,,0.5598801,55.36748,53.9072,,1.615323,1.476444,-8.841026,11.77333,1,2020-08-27,19:00:04 27 Aug 2020,40000
2020,President,Trump,Biden,,38,0.0002,0.0800303,0.98695,0.01305,,0.3031055,0.9808429,0.999165,0.0183802,61.1096,36.20349,,2.686911,54.57024,29.72559,,1.386112,67.62926,42.74562,,4.16364,24.90612,11.89195,37.81823,1,2020-08-27,19:00:04 27 Aug 2020,40000
2020,President,Trump,Biden,,37,0.0432125,1.227987,0.532725,0.467275,,0.5469989,0.982398,0.9732799,0.6591758,49.89925,49.32498,,0.7757761,44.91159,44.37165,,0.4133866,54.85325,54.31977,,1.178313,0.5742655,-9.402979,10.4502,1,2020-08-27,19:00:04 27 Aug 2020,40000
2020,President,Trump,Biden,,36,0.0008625,0.0158429,0.00275,0.99725,,0.8727273,0.6979694,0.008016,0.9994974,36.87901,62.0392,,1.081792,31.74637,56.80936,,0.5719339,42.10029,67.18277,,1.651538,-25.16019,-35.43586,-14.69836,1,2020-08-27,19:00:04 27 Aug 2020,40000
2020,President,Trump,Biden,,35,0.0089,1.542852,0.09515,0.90485,,0.9180242,0.7612588,0.2917502,0.9891226,43.24586,54.90837,,1.845765,37.52769,49.15425,,0.9624763,48.96716,60.62807,,2.842251,-11.66251,-23.07777,-0.2624149,1,2020-08-27,19:00:04 27 Aug 2020,40000
2020,President,Trump,Biden,,34,0.007225,0.2597715,0.044525,0.955475,,0.7759686,0.7185693,0.1153975,0.9858917,40.82261,58.27714,,0.9002576,34.56723,51.898,,0.4780641,47.1992,64.5455,,1.370579,-17.45453,-29.95569,-4.710102,1,2020-08-27,19:00:04 27 Aug 2020,40000
2020,President,Trump,Biden,,33,0.012525,2.314995,0.30085,0.69915,,0.7380754,0.8845384,0.74165,0.8880313,46.63803,52.31904,,1.04292,39.54069,45.16279,,0.5518777,53.79815,59.37671,,1.591296,-5.681007,-19.82397,8.592794,1,2020-08-27,19:00:04 27 Aug 2020,40000
2020,President,Trump,Biden,,32,0.027025,3.140861,0.229275,0.770725,,0.8659906,0.864381,0.6631597,0.9566341,46.08231,52.1715,,1.746188,40.76838,46.84121,,0.9119242,51.43984,57.49438,,2.686718,-6.089187,-16.64219,4.544191,1,2020-08-27,19:00:04 27 Aug 2020,40000
2020,President,Trump,Biden,,31,1.25e-05,0.0018236,0.98435,0.01565,,0.3040839,0.9952077,0.9997495,0.022365,58.82259,39.37778,,1.799631,53.37304,33.96913,,0.9384,64.22982,44.81346,,2.771591,19.44481,8.587662,30.15784,1,2020-08-27,19:00:04 27 Aug 2020,40000
2020,President,Trump,Biden,,40,0.0001,0.0091593,0.991925,0.008075,,0.3015349,0.9628483,0.998998,0.0111646,63.29914,35.50161,,1.199247,57.08826,29.36404,,0.6324496,69.46688,41.69998,,1.83379,27.79753,15.37265,40.05741,1,2020-08-27,19:00:04 27 Aug 2020,40000
2020,President,Trump,Biden,,22,0.0013875,0.099047,0.926675,0.073325,,0.3212831,0.9601091,0.9906006,0.1012149,57.37551,41.7649,,0.8595829,50.58901,35.01805,,0.4549583,64.10941,48.52497,,1.313125,15.61061,2.079382,29.09312,1,2020-08-26,19:01:03 26 Aug 2020,40000
2020,President,Trump,Biden,,18,0.0002,0.009833,0.95085,0.04915,,0.3160856,0.9994913,1.0,0.0706276,56.29811,42.30018,,1.401709,50.95085,36.96463,,0.7330804,61.60886,47.65989,,2.157064,13.99793,3.321915,24.58154,1,2020-08-26,19:01:03 26 Aug 2020,40000
2020,President,Trump,Biden,,19,0.0033,0.3012362,0.69665,0.30335,,0.4307759,0.9985166,0.9985027,0.4354827,51.55051,47.05743,,1.392058,45.81794,41.32006,,0.7281588,57.26141,52.80452,,2.14197,4.493078,-6.946552,15.94712,1,2020-08-26,19:01:03 26 Aug 2020,40000
2020,President,Trump,Biden,,20,0.0001125,0.0129499,0.926875,0.073125,,0.3241268,0.9982906,0.9995841,0.1049529,55.37795,42.71974,,1.902306,49.85838,37.17048,,0.9867315,60.93038,48.25173,,2.941669,12.65821,1.648256,23.71143,1,2020-08-26,19:01:03 26 Aug 2020,40000
2020,President,Trump,Biden,,21,0.00015,0.0106454,0.9748,0.0252,,0.3080375,0.9890873,0.999085,0.0358349,59.42231,39.38418,,1.193514,53.22645,33.23177,,0.6267444,65.58835,45.58431,,1.832125,20.03813,7.676235,32.34196,1,2020-08-26,19:01:03 26 Aug 2020,40000
2020,President,Trump,Biden,,27,0.093475,4.349171,0.29605,0.70395,,0.8088161,0.9100078,0.796706,0.9209978,47.16711,51.37492,,1.457974,42.03778,46.24138,,0.7617243,52.29527,56.52763,,2.245099,-4.207808,-14.49214,6.016125,1,2020-08-26,19:01:03 26 Aug 2020,40000
2020,President,Trump,Biden,,23,0.0035,0.6569405,0.234175,0.765825,,0.7540301,0.833317,0.5875062,0.9175113,45.33606,53.09412,,1.56982,38.32957,46.12119,,0.8183826,52.34141,60.08678,,2.420812,-7.758068,-21.70666,6.190769,1,2020-08-26,19:01:03 26 Aug 2020,40000
2020,President,Trump,Biden,,24,0.0004,0.0201731,0.00265,0.99735,,0.7169811,0.6966461,0.0063217,0.9989217,35.90141,62.71979,,1.378802,30.6925,57.41557,,0.7213979,41.1982,67.95928,,2.121241,-26.81839,-37.23437,-16.25,1,2020-08-26,19:01:03 26 Aug 2020,40000
2020,President,Trump,Biden,,25,0.0004125,0.017372,0.004475,0.995525,,0.7821229,0.6977223,0.0116453,0.9986342,34.21264,64.08541,,1.701952,27.67962,57.46344,,0.8855249,40.8059,70.65189,,2.627123,-29.87277,-42.93594,-16.70815,1,2020-08-26,19:01:03 26 Aug 2020,40000
2020,President,Trump,Biden,,26,0.060075,1.695842,0.181825,0.818175,,0.9664513,0.8428209,0.5846781,0.9914097,45.91219,52.9524,,1.135408,40.85891,47.89116,,0.5969732,50.96647,58.01067,,1.741728,-7.040208,-17.15191,3.057648,1,2020-08-26,19:01:03 26 Aug 2020,40000
2020,President,Trump,Biden,,16,3.75e-05,0.0076153,0.99385,0.00615,,0.3023344,0.9878049,0.9997504,0.0087341,62.89502,33.9873,,3.117683,56.27016,27.58063,,1.593845,69.38168,40.50207,,4.861165,28.90772,15.91326,41.70397,1,2020-08-26,19:01:03 26 Aug 2020,40000
2020,President,Trump,Biden,,17,0.000525,0.0130811,0.007525,0.992475,,0.9833887,0.7007229,0.0246215,0.9998562,39.07898,59.38486,,1.53616,34.10894,54.3036,,0.8014797,44.14943,64.37445,,2.367479,-20.30588,-30.20316,-10.17743,1,2020-08-26,19:01:03 26 Aug 2020,40000
2020,President,Trump,Biden,,09,0.0009625,0.0862198,0.02515,0.97485,,0.9473161,0.7121865,0.0792713,0.9981669,40.45015,58.59572,,0.9541329,34.78295,52.88678,,0.5037805,46.12215,64.27652,,1.45984,-18.14557,-29.47995,-6.774296,1,2020-08-26,19:01:03 26 Aug 2020,40000
2020,President,Trump,Biden,,15,0.0006125,0.2077327,0.01615,0.98385,,0.5804954,0.7001067,0.0311928,0.9902955,32.81709,65.30711,,1.875806,24.43175,56.78526,,0.9733628,41.30713,73.73795,,2.899997,-32.49002,-49.24174,-15.5066,1,2020-08-26,19:01:03 26 Aug 2020,40000
2020,President,Trump,Biden,,13,0.01745,0.5750222,0.6797,0.3203,,0.4368839,0.9882142,0.988022,0.4550715,51.22068,47.92956,,0.8497603,46.68805,43.35471,,0.4498797,55.78372,52.4515,,1.297883,3.291116,-5.751925,12.41062,1,2020-08-26,19:01:03 26 Aug 2020,40000
2020,President,Trump,Biden,,12,0.234625,3.281507,0.381775,0.618225,,0.740423,0.9706822,0.9405257,0.8627705,48.40195,50.78959,,0.8084586,43.21107,45.58294,,0.4285064,53.61962,55.98458,,1.233907,-2.387637,-12.7774,8.031668,1,2020-08-26,19:01:03 26 Aug 2020,40000
2020,President,Trump,Biden,,11,0.0,0.0,0.0,1.0,,,0.69555,0.0,1.0,5.854315,90.60887,,3.536811,3.215528,87.15117,,1.800826,8.629386,93.80896,,5.527565,-84.75456,-90.31694,-78.85921,1,2020-08-26,19:01:03 26 Aug 2020,40000
2020,President,Trump,Biden,,10,0.0002375,0.0742246,0.004275,0.995725,,0.9824561,0.6984609,0.0139744,0.9998922,38.86206,59.98587,,1.152071,34.17455,55.27032,,0.6055157,43.56305,64.6916,,1.767629,-21.12382,-30.50499,-11.73791,1,2020-08-26,19:01:03 26 Aug 2020,40000
2020,President,Trump,Biden,,08,0.0219125,1.065939,0.1496,0.8504,,0.8888703,0.7988006,0.4424389,0.9766372,44.51677,53.59838,,1.88485,38.83158,47.92099,,0.9779263,50.17202,59.33229,,2.914218,-9.081608,-20.47667,2.226118,1,2020-08-26,19:01:03 26 Aug 2020,40000
2020,President,Trump,Biden,,06,0.0018125,0.0183014,0.003325,0.996675,,0.7142857,0.6969172,0.0079022,0.9986342,34.09931,63.91666,,1.984027,28.23171,57.9873,,1.027917,40.00121,69.87217,,3.070187,-29.81735,-41.61646,-18.04058,1,2020-08-26,19:01:03 26 Aug 2020,40000
2020,President,Trump,Biden,,05,0.0003,0.0382472,0.9348,0.0652,,0.3204161,0.9842792,0.9965896,0.0922651,56.79729,41.56645,,1.636255,50.41906,35.25672,,0.8522513,63.11636,47.94104,,2.524249,15.23085,2.508556,27.84691,1,2020-08-26,19:01:03 26 Aug 2020,40000
2020,President,Trump,Biden,,04,0.054975,2.782095,0.4665,0.5335,,0.5853698,0.9463449,0.9085842,0.7258644,48.9406,49.71808,,1.341315,43.15955,43.92529,,0.7022774,54.7319,55.49049,,2.062639,-0.7774807,-12.3254,10.78994,1,2020-08-26,19:01:03 26 Aug 2020,40000
2020,President,Trump,Biden,,02,0.0019625,0.8812523,0.816675,0.183325,,0.3586188,0.9578617,0.9744635,0.2524621,53.68317,44.05471,,2.262123,46.64529,37.08985,,1.167639,60.65723,51.08007,,3.508025,9.628468,-4.349739,23.49382,1,2020-08-26,19:01:03 26 Aug 2020,40000
2020,President,Trump,Biden,,01,0.000325,0.0218993,0.980125,0.019875,,0.3059559,0.9660378,0.9977541,0.0276041,60.04834,39.15861,,0.7930537,54.08679,33.26341,,0.4205315,65.96372,45.09998,,1.210056,20.88973,8.977482,32.68285,1,2020-08-26,19:01:03 26 Aug 2020,40000
2020,President,Trump,Biden,,28,0.0026,0.3062001,0.8845,0.1155,,0.3311193,0.9324675,0.9744635,0.1548415,55.94983,43.2823,,0.7678688,49.1231,36.38944,,0.4074859,62.84322,50.09887,,1.171031,12.66753,-0.9850903,26.45595,1,2020-08-26,19:01:03 26 Aug 2020,40000
2020,President,Trump,Biden,,29,0.0010625,0.0537642,0.884,0.116,,0.3395079,0.9961207,0.9985859,0.1661275,54.4954,44.05194,,1.452659,48.86071,38.41394,,0.7590201,60.11108,49.66735,,2.23678,10.44346,-0.7772255,21.65567,1,2020-08-26,19:01:03 26 Aug 2020,40000
2020,President,Trump,Biden,,35,0.0094125,1.647144,0.1005,0.8995,,0.9084577,0.7633685,0.3037764,0.9872044,43.29417,54.85672,,1.849111,37.54433,49.00921,,0.9598899,49.08414,60.66315,,2.858034,-11.56254,-23.0753,0.0261803,1,2020-08-26,19:01:03 26 Aug 2020,40000
2020,President,Trump,Biden,,30,0.000925,0.2535096,0.88995,0.11005,,0.3348784,0.9768287,0.9915987,0.1545539,55.38455,42.58049,,2.034962,48.63294,35.86198,,1.053557,62.14628,49.31226,,3.150356,12.80407,-0.6550102,26.25661,1,2020-08-26,19:01:03 26 Aug 2020,40000
2020,President,Trump,Biden,,44,0.000325,0.0986298,0.0198,0.9802,,0.9469697,0.7085289,0.0623856,0.9984904,37.86432,60.6933,,1.442386,31.23312,53.91956,,0.7537926,44.60061,67.32859,,2.220703,-22.82899,-36.07071,-9.332165,1,2020-08-26,19:01:03 26 Aug 2020,40000
2020,President,Trump,Biden,,56,3.75e-05,0.0196915,0.997975,0.002025,,0.3010847,0.962963,0.9997504,0.0028035,68.68491,27.90701,,3.408078,61.94713,21.36238,,1.737358,75.35682,34.51325,,5.322828,40.7779,27.56957,53.84431,1,2020-08-26,19:01:03 26 Aug 2020,40000
2020,President,Trump,Biden,,55,0.0821875,3.834081,0.33425,0.66575,,0.7423336,0.9180623,0.8255698,0.878729,47.58742,51.4071,,1.00548,41.7299,45.51386,,0.5302474,53.47881,57.26475,,1.539549,-3.819688,-15.54272,7.958483,1,2020-08-26,19:01:03 26 Aug 2020,40000
2020,President,Trump,Biden,,54,1.25e-05,0.0025557,0.99305,0.00695,,0.3024772,0.9748201,0.9994177,0.0097405,66.29598,31.85071,,1.853309,58.70726,24.38953,,0.9620092,73.77684,39.44103,,2.864631,34.44527,19.31984,49.36099,1,2020-08-26,19:01:03 26 Aug 2020,40000
2020,President,Trump,Biden,,53,0.00125,0.0493476,0.01265,0.98735,,0.7727273,0.7015749,0.0325237,0.9959025,37.09449,60.62128,,2.284238,30.89816,54.28139,,1.178723,43.39603,66.86976,,3.542922,-23.52679,-35.91654,-10.94957,1,2020-08-26,19:01:03 26 Aug 2020,40000
2020,President,Trump,Biden,,51,0.0146125,0.4914876,0.076875,0.923125,,0.9785366,0.7517129,0.2502911,0.9976637,44.27962,54.67278,,1.047605,39.60452,50.02751,,0.5519316,48.91149,59.36007,,1.605028,-10.39315,-19.72731,-1.123293,1,2020-08-26,19:01:03 26 Aug 2020,40000
2020,President,Trump,Biden,,50,0.00025,0.1120547,0.008575,0.991425,,0.6822158,0.6988426,0.0194643,0.9961182,31.5732,65.71245,,2.714352,23.52584,57.46641,,1.393564,39.77428,73.83899,,4.222438,-34.13925,-50.25156,-17.76578,1,2020-08-26,19:01:03 26 Aug 2020,40000
2020,President,Trump,Biden,,31,2.5e-05,0.0041585,0.984325,0.015675,,0.3052346,0.9936204,0.9996673,0.0223924,58.83273,39.36331,,1.803958,53.37007,33.9581,,0.9352033,64.243,44.80153,,2.790701,19.46942,8.631536,30.2405,1,2020-08-26,19:01:03 26 Aug 2020,40000
2020,President,Trump,Biden,,48,0.008625,0.1297718,0.766725,0.233275,,0.3917637,0.9992498,0.9994177,0.3351305,52.37224,46.59977,,1.027987,47.20235,41.46128,,0.5418361,57.51592,51.76659,,1.574529,5.772463,-4.563417,16.05932,1,2020-08-26,19:01:03 26 Aug 2020,40000
2020,President,Trump,Biden,,47,0.0004875,0.026632,0.954625,0.045375,,0.31405,0.9829201,0.9975046,0.0641219,57.85212,41.04033,,1.107554,51.66761,34.87749,,0.5826926,64.03651,47.21275,,1.698435,16.8118,4.475449,29.15554,1,2020-08-26,19:01:03 26 Aug 2020,40000
2020,President,Trump,Biden,,46,0.00015,0.0586954,0.9657,0.0343,,0.3104225,0.9766764,0.9974214,0.0481633,59.85624,38.65096,,1.492799,52.66107,31.55001,,0.7794392,66.98161,45.82301,,2.29962,21.20529,6.900558,35.4426,1,2020-08-26,19:01:03 26 Aug 2020,40000
2020,President,Trump,Biden,,45,0.00135,0.0854915,0.876025,0.123975,,0.3423989,0.9951603,0.9980037,0.1773776,54.01934,45.08086,,0.8997927,49.05154,40.10188,,0.4757311,58.99077,50.0554,,1.375564,8.938484,-0.9973698,18.88603,1,2020-08-26,19:01:03 26 Aug 2020,40000
2020,President,Trump,Biden,,49,0.000575,0.0651821,0.952975,0.047025,,0.3140429,0.9728867,0.9957578,0.0657753,57.16052,39.48451,,3.354966,50.52214,32.95035,,1.711143,63.71194,46.0793,,5.238409,17.67601,4.572336,30.55183,1,2020-08-26,19:01:03 26 Aug 2020,40000
2020,President,Trump,Biden,,42,0.2365875,5.354414,0.2919,0.7081,,0.8897739,0.9379678,0.8641657,0.9548918,47.63418,51.6235,,0.742321,42.88737,46.86093,,0.3942322,52.40079,56.36949,,1.131455,-3.989324,-13.49265,5.531923,1,2020-08-26,19:01:03 26 Aug 2020,40000
2020,President,Trump,Biden,,40,0.0,0.0,0.992625,0.007375,,0.3027326,0.9932203,0.9998336,0.0105312,63.29668,35.50116,,1.202159,57.05947,29.33297,,0.6311704,69.47978,41.71004,,1.845584,27.79553,15.32382,40.14671,1,2020-08-26,19:01:03 26 Aug 2020,40000
2020,President,Trump,Biden,,39,0.029575,0.7402807,0.578325,0.421675,,0.517702,0.9972728,0.9961737,0.6045935,50.22955,48.70905,,1.061404,45.0407,43.52557,,0.5590168,55.40809,53.88599,,1.626533,1.520509,-8.812759,11.85488,1,2020-08-26,19:01:03 26 Aug 2020,40000
2020,President,Trump,Biden,,38,5e-05,0.0184435,0.98675,0.01325,,0.3044591,0.990566,0.9995841,0.01887,61.12221,36.18347,,2.694318,54.5269,29.75634,,1.383573,67.62103,42.69505,,4.190744,24.93874,11.92406,37.76587,1,2020-08-26,19:01:03 26 Aug 2020,40000
2020,President,Trump,Biden,,37,0.043725,1.243779,0.5334,0.4666,,0.5486033,0.9825332,0.9736317,0.6591187,49.91795,49.30438,,0.7776677,44.94661,44.33541,,0.4125631,54.89378,54.27459,,1.186213,0.6135655,-9.329021,10.55404,1,2020-08-26,19:01:03 26 Aug 2020,40000
2020,President,Trump,Biden,,36,0.0007125,0.0126587,0.002625,0.997375,,0.8761905,0.6970547,0.0076526,0.9995328,36.92348,61.99178,,1.084746,31.72923,56.76272,,0.5709957,42.12553,67.21783,,1.662936,-25.0683,-35.44373,-14.65473,1,2020-08-26,19:01:03 26 Aug 2020,40000
2020,President,Trump,Biden,,34,0.00765,0.2762001,0.04445,0.95555,,0.8065242,0.7189838,0.1192813,0.9877435,40.8228,58.27555,,0.9016469,34.46376,51.89874,,0.4766892,47.22172,64.63197,,1.37844,-17.45275,-30.18468,-4.683416,1,2020-08-26,19:01:03 26 Aug 2020,40000
2020,President,Trump,Biden,,33,0.0124,2.300462,0.3032,0.6968,,0.7467843,0.8887773,0.7533688,0.8903745,46.66916,52.2853,,1.045544,39.5584,45.20583,,0.5508716,53.73963,59.39854,,1.601825,-5.616137,-19.8446,8.499205,1,2020-08-26,19:01:03 26 Aug 2020,40000
2020,President,Trump,Biden,,32,0.0271125,3.132819,0.22935,0.77065,,0.8702856,0.8645624,0.6641158,0.957911,46.10711,52.1433,,1.749589,40.7626,46.75583,,0.9096152,51.50788,57.52754,,2.701802,-6.036196,-16.73162,4.704264,1,2020-08-26,19:01:03 26 Aug 2020,40000
2020,President,Trump,Biden,,41,0.0069,0.4663484,0.092275,0.907725,,0.7900298,0.745077,0.2425553,0.97236,41.8721,55.72755,,2.400352,35.26045,48.98632,,1.236855,48.56503,62.39594,,3.726147,-13.85544,-27.09221,-0.4973793,1,2020-08-26,19:01:03 26 Aug 2020,40000
2020,President,Trump,Biden,,21,0.0001125,0.0077871,0.9726,0.0274,,0.2778378,0.9917883,0.999168,0.0374376,59.27616,39.54337,,1.180469,53.06514,33.41349,,0.6149478,65.41805,45.76443,,1.82287,19.73279,7.279045,32.01783,1,2020-08-25,23:50:03 25 Aug 2020,40000
2020,President,Trump,Biden,,17,0.0007625,0.0193219,0.00685,0.99315,,0.9744526,0.7307053,0.0246811,0.9997589,38.76687,59.72713,,1.505997,33.74026,54.67174,,0.7799866,43.78449,64.7932,,2.333258,-20.96026,-31.01448,-10.92746,1,2020-08-25,23:50:03 25 Aug 2020,40000
2020,President,Trump,Biden,,18,0.000125,0.0063569,0.9438,0.0562,,0.2864219,0.9977758,0.9995378,0.0772516,56.07192,42.54828,,1.379802,50.7042,37.22947,,0.7161588,61.39027,47.89991,,2.135117,13.52364,2.850307,24.13278,1,2020-08-25,23:50:03 25 Aug 2020,40000
2020,President,Trump,Biden,,19,0.0030625,0.2813153,0.677425,0.322575,,0.3981253,0.9976749,0.9972268,0.4433615,51.29681,47.33054,,1.372656,45.54832,41.62432,,0.7125394,57.00759,53.08611,,2.123912,3.966267,-7.474726,15.3282,1,2020-08-25,23:50:03 25 Aug 2020,40000
2020,President,Trump,Biden,,20,0.000175,0.0196027,0.918075,0.081925,,0.2943387,0.9972536,0.999168,0.1125538,55.12523,43.00256,,1.87221,49.54037,37.5251,,0.9645321,60.5955,48.55289,,2.910055,12.12266,1.076891,23.00149,1,2020-08-25,23:50:03 25 Aug 2020,40000
2020,President,Trump,Biden,,26,0.05775,1.628991,0.161675,0.838325,,0.9614968,0.8586169,0.5747828,0.9916308,45.60143,53.27934,,1.119224,40.54103,48.27698,,0.5837337,50.62135,58.31373,,1.727041,-7.677911,-17.76283,2.331717,1,2020-08-25,23:50:03 25 Aug 2020,40000
2020,President,Trump,Biden,,22,0.001375,0.0962678,0.91915,0.08085,,0.2910026,0.9616574,0.9889998,0.1071121,57.18538,41.9684,,0.846218,50.31981,35.16927,,0.4441368,63.98354,48.84785,,1.300867,15.21698,1.481857,28.80771,1,2020-08-25,23:50:03 25 Aug 2020,40000
2020,President,Trump,Biden,,23,0.00355,0.6680434,0.220725,0.779275,,0.7169555,0.8516249,0.5851359,0.9142759,45.0487,53.4022,,1.549098,37.9591,46.31197,,0.8010265,52.1563,60.48322,,2.402665,-8.353496,-22.48202,5.828323,1,2020-08-25,23:50:03 25 Aug 2020,40000
2020,President,Trump,Biden,,24,0.000225,0.0116584,0.002425,0.997575,,0.7216495,0.7269629,0.0064707,0.9990701,35.60878,63.03749,,1.353726,30.42962,57.77285,,0.7029488,40.85534,68.22307,,2.094234,-27.42872,-37.77402,-16.93639,1,2020-08-25,23:50:03 25 Aug 2020,40000
2020,President,Trump,Biden,,25,0.0002875,0.0124645,0.004,0.996,,0.80625,0.728012,0.0119246,0.9989323,33.87411,64.45681,,1.669074,27.39385,57.83955,,0.8623046,40.48085,70.95716,,2.590016,-30.5827,-43.52126,-17.41769,1,2020-08-25,23:50:03 25 Aug 2020,40000
2020,President,Trump,Biden,,15,0.00035,0.115254,0.01485,0.98515,,0.5673401,0.7303203,0.0311518,0.991183,32.43828,65.73143,,1.830295,24.04498,57.18071,,0.9434704,41.01417,74.16795,,2.843983,-33.29315,-50.03598,-16.20542,1,2020-08-25,23:50:03 25 Aug 2020,40000
2020,President,Trump,Biden,,16,2.5e-05,0.0050015,0.99355,0.00645,,0.2722057,1.0,1.0,0.0088858,62.70179,34.24705,,3.051155,56.09389,27.8233,,1.551497,69.27043,40.7375,,4.778968,28.45474,15.5135,41.34274,1,2020-08-25,23:50:03 25 Aug 2020,40000
2020,President,Trump,Biden,,28,0.001775,0.2096671,0.87635,0.12365,,0.3008216,0.9437929,0.9747643,0.1607715,55.78322,43.45863,,0.7581535,48.82457,36.5556,,0.3988452,62.68393,50.40035,,1.16372,12.32459,-1.558403,26.13309,1,2020-08-25,23:50:03 25 Aug 2020,40000
2020,President,Trump,Biden,,13,0.01595,0.5284847,0.660975,0.339025,,0.4043648,0.9903399,0.9882603,0.4625452,51.00294,48.15908,,0.837981,46.3877,43.59365,,0.439906,55.56746,52.77324,,1.288034,2.843855,-6.395691,11.93548,1,2020-08-25,23:50:03 25 Aug 2020,40000
2020,President,Trump,Biden,,12,0.233625,3.269156,0.3457,0.6543,,0.7293897,0.9715345,0.932335,0.8757362,48.03814,51.16213,,0.7997304,42.84052,45.95104,,0.4202445,53.23062,56.3681,,1.228464,-3.123984,-13.52361,7.237289,1,2020-08-25,23:50:03 25 Aug 2020,40000
2020,President,Trump,Biden,,11,0.0,0.0,0.0,1.0,,,0.725875,0.0,1.0,5.740189,90.78265,,3.477157,3.117404,87.34516,,1.761161,8.561075,93.97209,,5.457676,-85.04247,-90.59198,-79.15465,1,2020-08-25,23:50:03 25 Aug 2020,40000
2020,President,Trump,Biden,,10,0.0001,0.0306269,0.003325,0.996675,,0.9699248,0.7281963,0.0119246,0.9998623,38.65516,60.20222,,1.142621,33.99231,55.49734,,0.5956643,43.35208,64.89059,,1.763637,-21.54706,-30.85889,-12.1401,1,2020-08-25,23:50:03 25 Aug 2020,40000
2020,President,Trump,Biden,,09,0.000875,0.0758938,0.021225,0.978775,,0.9422851,0.7403898,0.0739508,0.9983468,40.10182,58.96613,,0.9320448,34.43444,53.25836,,0.4881275,45.81061,64.63503,,1.434722,-18.86431,-30.17338,-7.442726,1,2020-08-25,23:50:03 25 Aug 2020,40000
2020,President,Trump,Biden,,08,0.0202,0.9852768,0.12995,0.87005,,0.8814929,0.8169646,0.4235533,0.979232,44.16493,53.99451,,1.840552,38.51455,48.36509,,0.9486258,49.80487,59.6569,,2.860159,-9.82958,-21.03982,1.385088,1,2020-08-25,23:50:03 25 Aug 2020,40000
2020,President,Trump,Biden,,06,0.00165,0.0161989,0.002825,0.997175,,0.6725664,0.7270038,0.0070253,0.9987257,33.8093,64.24033,,1.950369,28.02409,58.29782,,1.003767,39.67619,70.06534,,3.03337,-30.43104,-42.0013,-18.69474,1,2020-08-25,23:50:03 25 Aug 2020,40000
2020,President,Trump,Biden,,05,0.000475,0.0582264,0.927,0.073,,0.2907497,0.9873288,0.9965798,0.099294,56.56859,41.8189,,1.612504,50.14735,35.51446,,0.8337706,62.91002,48.25072,,2.500988,14.74969,1.917486,27.37503,1,2020-08-25,23:50:03 25 Aug 2020,40000
2020,President,Trump,Biden,,04,0.0548,2.765328,0.4239,0.5761,,0.5764921,0.9524388,0.9035866,0.7559153,48.50393,50.16618,,1.329891,42.68333,44.34273,,0.6908678,54.34595,56.02869,,2.056875,-1.662252,-13.31652,9.972046,1,2020-08-25,23:50:03 25 Aug 2020,40000
2020,President,Trump,Biden,,02,0.0024375,1.102216,0.805975,0.194025,,0.3275226,0.9662415,0.9760584,0.2582745,53.49451,44.27601,,2.229481,46.44693,37.27407,,1.143484,60.52978,51.31606,,3.474559,9.218502,-4.764696,23.18986,1,2020-08-25,23:50:03 25 Aug 2020,40000
2020,President,Trump,Biden,,01,0.00035,0.0234471,0.97775,0.02225,,0.2760931,0.9764045,0.9981512,0.0299294,59.8633,39.35262,,0.7840732,53.86646,33.45229,,0.4121893,65.77142,45.34822,,1.204082,20.51068,8.524397,32.30359,1,2020-08-25,23:50:03 25 Aug 2020,40000
2020,President,Trump,Biden,,27,0.0855625,3.981269,0.2704,0.7296,,0.7936391,0.920059,0.7934923,0.9247804,46.89243,51.67413,,1.43344,41.72099,46.5122,,0.7433183,52.06922,56.838,,2.219251,-4.781694,-15.06486,5.508503,1,2020-08-25,23:50:03 25 Aug 2020,40000
2020,President,Trump,Biden,,29,0.001125,0.0572893,0.869625,0.130375,,0.3101049,0.9940556,0.9971344,0.1785431,54.23623,44.33441,,1.429354,48.51391,38.6797,,0.7412513,59.92399,50.03399,,2.21284,9.901823,-1.457754,21.21497,1,2020-08-25,23:50:03 25 Aug 2020,40000
2020,President,Trump,Biden,,30,0.000925,0.2564305,0.878125,0.121875,,0.3049395,0.977641,0.9901091,0.1641467,55.18045,42.80747,,2.012083,48.28764,36.00274,,1.034712,62.0264,49.67208,,3.130789,12.37298,-1.307503,25.97853,1,2020-08-25,23:50:03 25 Aug 2020,40000
2020,President,Trump,Biden,,42,0.225625,5.113162,0.26385,0.73615,,0.8750237,0.9428106,0.8536698,0.9561564,47.32885,51.94148,,0.7296735,42.55325,47.1875,,0.3841695,52.09765,56.72405,,1.119388,-4.612628,-14.16447,4.908398,1,2020-08-25,23:50:03 25 Aug 2020,40000
2020,President,Trump,Biden,,55,0.1108125,5.172696,0.292375,0.707625,,0.7976913,0.9449921,0.862359,0.921233,47.27721,51.72893,,0.9938601,41.94695,46.38815,,0.5197389,52.62436,57.054,,1.531172,-4.451716,-15.09832,6.227781,1,2020-08-25,23:50:03 25 Aug 2020,40000
2020,President,Trump,Biden,,54,5e-05,0.0091619,0.9917,0.0083,,0.2725118,0.9759036,0.9992605,0.0111589,66.06819,32.1058,,1.826014,58.41176,24.60759,,0.9413186,73.57258,39.71611,,2.837233,33.96239,18.7513,48.91971,1,2020-08-25,23:50:03 25 Aug 2020,40000
2020,President,Trump,Biden,,53,0.0011375,0.04481,0.0124,0.9876,,0.7620968,0.7320271,0.0349418,0.9959704,36.75626,61.00909,,2.234652,30.5561,54.67002,,1.146067,43.09385,67.26011,,3.482736,-24.25283,-36.62277,-11.64836,1,2020-08-25,23:50:03 25 Aug 2020,40000
2020,President,Trump,Biden,,51,0.017125,0.5778449,0.067825,0.932175,,0.9716181,0.7766514,0.243668,0.9973825,44.09819,54.87526,,1.026549,39.48322,50.27321,,0.5364327,48.71098,59.49408,,1.582204,-10.77707,-19.99469,-1.565706,1,2020-08-25,23:50:03 25 Aug 2020,40000
2020,President,Trump,Biden,,50,0.000225,0.1005459,0.008175,0.991825,,0.6422018,0.7289088,0.0194121,0.9959704,31.24447,66.09808,,2.657444,23.19264,57.8102,,1.356626,39.51902,74.18401,,4.153028,-34.85361,-50.94882,-18.38712,1,2020-08-25,23:50:03 25 Aug 2020,40000
2020,President,Trump,Biden,,49,0.0006375,0.0737225,0.9499,0.0501,,0.2832403,0.9705589,0.9948235,0.0669881,56.91621,39.78455,,3.299235,50.33541,33.29682,,1.673711,63.4968,46.3291,,5.174258,17.13165,4.184126,30.10172,1,2020-08-25,23:50:03 25 Aug 2020,40000
2020,President,Trump,Biden,,48,0.008275,0.124769,0.7463,0.2537,,0.3620193,0.998916,0.9989832,0.3491304,52.11395,46.87402,,1.01203,46.92528,41.72362,,0.5290179,57.27522,52.055,,1.55954,5.239926,-5.126148,15.53303,1,2020-08-25,23:50:03 25 Aug 2020,40000
2020,President,Trump,Biden,,47,0.0007,0.0385503,0.947875,0.052125,,0.2846367,0.9870504,0.9975966,0.07088,57.631,41.27677,,1.092238,51.38071,35.10169,,0.5699584,63.80173,47.5237,,1.684835,16.35423,3.86865,28.69441,1,2020-08-25,23:50:03 25 Aug 2020,40000
2020,President,Trump,Biden,,46,0.0002875,0.1040687,0.96055,0.03945,,0.2804123,0.9721166,0.9959327,0.0528328,59.63182,38.90571,,1.462469,52.34302,31.83419,,0.7579938,66.73215,46.18761,,2.264823,20.72611,6.219215,34.85847,1,2020-08-25,23:50:03 25 Aug 2020,40000
2020,President,Trump,Biden,,45,0.0010875,0.0700715,0.864875,0.135125,,0.3122416,0.9968548,0.998521,0.1855691,53.83716,45.27328,,0.8895543,48.78531,40.32471,,0.4663711,58.78243,50.30517,,1.368452,8.56388,-1.512562,18.45004,1,2020-08-25,23:50:03 25 Aug 2020,40000
2020,President,Trump,Biden,,44,0.0002875,0.0839914,0.01695,0.98305,,0.9380531,0.7373226,0.0587909,0.9985535,37.49925,61.08748,,1.41327,30.9057,54.37868,,0.7331032,44.19846,67.69429,,2.187608,-23.58823,-36.7618,-10.18567,1,2020-08-25,23:50:03 25 Aug 2020,40000
2020,President,Trump,Biden,,56,2.5e-05,0.013607,0.998425,0.001575,,0.2708265,0.968254,0.9998151,0.0021009,68.5687,28.09425,,3.33705,61.73576,21.49661,,1.692313,75.3275,34.81341,,5.234569,40.47446,27.02529,53.65506,1,2020-08-25,23:50:03 25 Aug 2020,40000
2020,President,Trump,Biden,,41,0.007075,0.4786586,0.084075,0.915925,,0.7641987,0.7710784,0.237567,0.9729637,41.55961,56.09322,,2.347166,34.91286,49.34448,,1.202272,48.31655,62.7911,,3.660849,-14.53361,-27.80723,-1.087708,1,2020-08-25,23:50:03 25 Aug 2020,40000
2020,President,Trump,Biden,,39,0.029825,0.7454844,0.5474,0.4526,,0.4921904,0.9976801,0.99621,0.6220768,49.96326,48.99257,,1.044163,44.78337,43.82214,,0.5454251,55.13747,54.16795,,1.609708,0.9706955,-9.373255,11.32041,1,2020-08-25,23:50:03 25 Aug 2020,40000
2020,President,Trump,Biden,,38,2.5e-05,0.0093894,0.985525,0.014475,,0.2742954,0.9913644,0.9995378,0.0197692,60.90493,36.43648,,2.658593,54.27661,29.94575,,1.357196,67.45654,42.99765,,4.154853,24.46845,11.35301,37.41686,1,2020-08-25,23:50:03 25 Aug 2020,40000
2020,President,Trump,Biden,,37,0.042375,1.204809,0.504475,0.495525,,0.5209872,0.9840069,0.9718062,0.671741,49.65467,49.57898,,0.7663569,44.62808,44.60001,,0.4030698,54.65608,54.59605,,1.176493,0.0756893,-9.952423,10.0565,1,2020-08-25,23:50:03 25 Aug 2020,40000
2020,President,Trump,Biden,,36,0.0008375,0.015146,0.002325,0.997675,,0.8924731,0.727316,0.0076724,0.9996556,36.68032,62.24949,,1.070193,31.53947,57.04466,,0.5587057,41.87115,67.39532,,1.650364,-25.56916,-35.84545,-15.19762,1,2020-08-25,23:50:03 25 Aug 2020,40000
2020,President,Trump,Biden,,35,0.008575,1.489191,0.087025,0.912975,,0.8988796,0.7855363,0.2892402,0.9880145,42.93923,55.2534,,1.807374,37.18919,49.47143,,0.9319465,48.73012,61.00611,,2.807835,-12.31416,-23.74383,-0.7719154,1,2020-08-25,23:50:03 25 Aug 2020,40000
2020,President,Trump,Biden,,34,0.00655,0.2380401,0.039675,0.960325,,0.7775677,0.7467524,0.1140691,0.9879456,40.50032,58.61774,,0.8819395,34.26497,52.24057,,0.4624691,46.87114,64.86662,,1.356585,-18.11741,-30.58901,-5.395966,1,2020-08-25,23:50:03 25 Aug 2020,40000
2020,President,Trump,Biden,,33,0.0115875,2.146133,0.282525,0.717475,,0.7112645,0.8988466,0.7430209,0.888445,46.33273,52.64148,,1.025781,39.17308,45.5016,,0.536041,53.4837,59.78709,,1.581007,-6.30875,-20.59781,7.967798,1,2020-08-25,23:50:03 25 Aug 2020,40000
2020,President,Trump,Biden,,32,0.02575,2.990615,0.206925,0.793075,,0.8592485,0.8790152,0.6574228,0.9603927,45.76813,52.52267,,1.7092,40.41668,47.15198,,0.8825257,51.18936,57.8682,,2.653187,-6.754535,-17.42198,3.997805,1,2020-08-25,23:50:03 25 Aug 2020,40000
2020,President,Trump,Biden,,31,0.0,0.0,0.9831,0.0169,,0.2750992,1.0,1.0,0.0232822,58.62749,39.60314,,1.76936,53.14441,34.23077,,0.9110489,63.99699,45.03263,,2.751897,19.02435,8.154692,29.69484,1,2020-08-25,23:50:03 25 Aug 2020,40000
2020,President,Trump,Biden,,40,5e-05,0.0052995,0.9919,0.0081,,0.2725325,0.9845679,0.9995378,0.0109867,63.14382,35.6704,,1.18578,56.92462,29.51549,,0.6176528,69.31435,41.88409,,1.831186,27.47342,15.07518,39.78427,1,2020-08-25,23:50:03 25 Aug 2020,40000
2020,President,Trump,Biden,,21,0.000225,0.0180312,0.97255,0.02745,,0.276721,0.9836066,0.9983307,0.0371402,59.28218,39.5355,,1.182322,53.00237,33.33788,,0.6171081,65.4781,45.80866,,1.822831,19.74668,7.206636,32.11067,1,2020-08-24,20:38:02 24 Aug 2020,40000
2020,President,Trump,Biden,,17,0.0007375,0.0190247,0.006975,0.993025,,0.9784946,0.7319554,0.0253176,0.999828,38.77269,59.71875,,1.50857,33.71416,54.66249,,0.7829204,43.83971,64.75636,,2.333976,-20.94606,-31.0333,-10.88574,1,2020-08-24,20:38:02 24 Aug 2020,40000
2020,President,Trump,Biden,,18,0.0002125,0.0105671,0.9445,0.0555,,0.2853362,0.9986486,0.9997218,0.0762406,56.07595,42.54251,,1.381539,50.71568,37.19511,,0.7184686,61.42933,47.88913,,2.134865,13.53343,2.854996,24.2192,1,2020-08-24,20:38:02 24 Aug 2020,40000
2020,President,Trump,Biden,,19,0.002725,0.2486117,0.6741,0.3259,,0.3988652,0.9977754,0.9974033,0.4472987,51.2744,47.35193,,1.373666,45.52477,41.59867,,0.71447,57.03433,53.07616,,2.122509,3.922471,-7.519012,15.40859,1,2020-08-24,20:38:02 24 Aug 2020,40000
2020,President,Trump,Biden,,20,0.0001,0.0117573,0.917775,0.082225,,0.2934543,0.9969596,0.9990726,0.1127618,55.14822,42.97708,,1.874698,49.53175,37.45665,,0.9677726,60.6753,48.57925,,2.909642,12.17115,0.997427,23.15627,1,2020-08-24,20:38:02 24 Aug 2020,40000
2020,President,Trump,Biden,,26,0.0636625,1.797565,0.16385,0.83615,,0.9639915,0.862704,0.5859223,0.9922625,45.59748,53.28198,,1.120539,40.56651,48.16783,,0.5855799,50.70251,58.31194,,1.726348,-7.684496,-17.71193,2.516041,1,2020-08-24,20:38:02 24 Aug 2020,40000
2020,President,Trump,Biden,,22,0.0017,0.1208298,0.92075,0.07925,,0.289628,0.9618297,0.9892423,0.1048523,57.20465,41.947,,0.8483528,50.33482,35.09516,,0.4460389,64.03674,48.80611,,1.302051,15.25765,1.523897,28.93588,1,2020-08-24,20:38:02 24 Aug 2020,40000
2020,President,Trump,Biden,,23,0.0036,0.6715193,0.219425,0.780575,,0.7282671,0.8555552,0.5927849,0.9186354,45.02134,53.42829,,1.550362,37.91358,46.43478,,0.8046634,52.04621,60.55006,,2.398754,-8.406948,-22.60936,5.582449,1,2020-08-24,20:38:02 24 Aug 2020,40000
2020,President,Trump,Biden,,24,0.0004125,0.0214281,0.0024,0.9976,,0.6875,0.7279721,0.0061207,0.9989683,35.6149,63.02813,,1.356972,30.39392,57.70518,,0.7059897,40.91536,68.25134,,2.096316,-27.41323,-37.8136,-16.82427,1,2020-08-24,20:38:02 24 Aug 2020,40000
2020,President,Trump,Biden,,25,0.000275,0.011852,0.00425,0.99575,,0.7647059,0.7290736,0.012056,0.9986244,33.88926,64.43771,,1.673024,27.33385,57.86885,,0.8661032,40.45302,70.98415,,2.592207,-30.54845,-43.61935,-17.4764,1,2020-08-24,20:38:02 24 Aug 2020,40000
2020,President,Trump,Biden,,15,0.0007375,0.2465376,0.013825,0.986175,,0.6238698,0.7318934,0.0319948,0.9928471,32.45839,65.70834,,1.833274,24.13537,57.22121,,0.9469174,40.9304,74.08185,,2.844424,-33.24996,-49.93304,-16.34476,1,2020-08-24,20:38:02 24 Aug 2020,40000
2020,President,Trump,Biden,,16,0.0001,0.0193375,0.9938,0.0062,,0.2712065,0.9919355,0.9998145,0.0084597,62.69949,34.24413,,3.05638,56.07916,27.74299,,1.557369,69.2538,40.81869,,4.778107,28.45537,15.37036,41.37366,1,2020-08-24,20:38:02 24 Aug 2020,40000
2020,President,Trump,Biden,,09,0.0008875,0.077154,0.021325,0.978675,,0.9484174,0.7416916,0.0750255,0.9984869,40.12669,58.93919,,0.9341212,34.44048,53.19074,,0.4901395,45.86245,64.62748,,1.435571,-18.8125,-30.19789,-7.321375,1,2020-08-24,20:38:02 24 Aug 2020,40000
2020,President,Trump,Biden,,13,0.0140625,0.4627413,0.657825,0.342175,,0.405313,0.9907942,0.9890568,0.4663503,51.02503,48.13544,,0.839528,46.44855,43.54277,,0.4414994,55.61208,52.69305,,1.288313,2.889587,-6.223759,12.06167,1,2020-08-24,20:38:02 24 Aug 2020,40000
2020,President,Trump,Biden,,12,0.2393875,3.34113,0.3346,0.6654,,0.7452929,0.9687782,0.9250672,0.8867224,47.88229,51.32439,,0.7933144,42.65396,46.06663,,0.4177061,53.11459,56.58591,,1.216404,-3.442098,-13.91337,7.037325,1,2020-08-24,20:38:02 24 Aug 2020,40000
2020,President,Trump,Biden,,11,0.0,0.0,0.0,1.0,,,0.726975,0.0,1.0,5.748017,90.76797,,3.484005,3.113714,87.34602,,1.768587,8.527781,93.96393,,5.458028,-85.01996,-90.59235,-79.15018,1,2020-08-24,20:38:02 24 Aug 2020,40000
2020,President,Trump,Biden,,10,0.0001375,0.0453249,0.00185,0.99815,,0.9864865,0.7282974,0.0067699,0.9999656,37.80843,61.04568,,1.145897,33.10724,56.30404,,0.5985256,42.51655,65.76323,,1.765927,-23.23725,-32.62273,-13.81051,1,2020-08-24,20:38:02 24 Aug 2020,40000
2020,President,Trump,Biden,,08,0.021375,1.038648,0.133375,0.866625,,0.8828491,0.8212029,0.4367987,0.9789539,44.18918,53.96727,,1.843542,38.53256,48.23644,,0.9520884,49.93858,59.66782,,2.860596,-9.778093,-21.10615,1.635561,1,2020-08-24,20:38:02 24 Aug 2020,40000
2020,President,Trump,Biden,,06,0.001725,0.0172186,0.002825,0.997175,,0.761062,0.7283576,0.0079755,0.9990715,33.82028,64.22481,,1.954908,28.01052,58.3221,,1.008114,39.66459,70.0804,,3.03599,-30.40453,-42.02076,-18.69085,1,2020-08-24,20:38:02 24 Aug 2020,40000
2020,President,Trump,Biden,,05,0.000575,0.0718042,0.928275,0.071725,,0.2894616,0.9878006,0.9967542,0.0974586,56.57881,41.80615,,1.615036,50.18666,35.42686,,0.8367962,62.92376,48.19118,,2.500991,14.77266,2.030228,27.45324,1,2020-08-24,20:38:02 24 Aug 2020,40000
2020,President,Trump,Biden,,04,0.0545,2.755271,0.433,0.567,,0.5650116,0.9541887,0.9075397,0.7442141,48.53255,50.13701,,1.330441,42.6825,44.27848,,0.6925057,54.39619,56.01475,,2.05472,-1.604459,-13.30451,10.10616,1,2020-08-24,20:38:02 24 Aug 2020,40000
2020,President,Trump,Biden,,02,0.0021625,0.9484154,0.8055,0.1945,,0.3267225,0.9663239,0.9762589,0.2585371,53.48776,44.27967,,2.232573,46.36038,37.21253,,1.147287,60.54949,51.38884,,3.474249,9.20809,-4.977245,23.31083,1,2020-08-24,20:38:02 24 Aug 2020,40000
2020,President,Trump,Biden,,01,0.0001875,0.0127205,0.979175,0.020825,,0.2746955,0.9711885,0.9977743,0.0278208,59.88887,39.32576,,0.7853754,53.85769,33.38698,,0.413615,65.82036,45.35641,,1.204057,20.56311,8.473003,32.42718,1,2020-08-24,20:38:02 24 Aug 2020,40000
2020,President,Trump,Biden,,29,0.0009,0.0463266,0.868375,0.131625,,0.3097164,0.9952517,0.9976816,0.1801988,54.22829,44.34055,,1.43116,48.49046,38.65111,,0.743657,59.93759,50.04363,,2.212597,9.887739,-1.547989,21.25796,1,2020-08-24,20:38:02 24 Aug 2020,40000
2020,President,Trump,Biden,,27,0.0857,3.984346,0.2762,0.7238,,0.7866582,0.9254628,0.8059909,0.9214209,46.88836,51.6761,,1.435541,41.72198,46.47715,,0.7458807,52.07049,56.84253,,2.219463,-4.78774,-15.07516,5.573675,1,2020-08-24,20:38:02 24 Aug 2020,40000
2020,President,Trump,Biden,,28,0.0021875,0.2555294,0.877125,0.122875,,0.2994157,0.9424211,0.9742187,0.1592902,55.7999,43.44056,,0.7595437,48.88696,36.58114,,0.4003037,62.63683,50.34888,,1.163902,12.35934,-1.438498,26.03815,1,2020-08-24,20:38:02 24 Aug 2020,40000
2020,President,Trump,Biden,,56,2.5e-05,0.0119707,0.99815,0.00185,,0.2700245,0.972973,0.9998145,0.002476,68.59227,28.06483,,3.342897,61.65324,21.47773,,1.698976,75.34627,34.86668,,5.233196,40.52744,26.95168,53.70838,1,2020-08-24,20:38:02 24 Aug 2020,40000
2020,President,Trump,Biden,,42,0.2277,5.15297,0.26435,0.73565,,0.879232,0.9460341,0.8621905,0.9573231,47.31828,51.95122,,0.7305049,42.54423,47.12696,,0.3853236,52.14454,56.72168,,1.118791,-4.632944,-14.14947,5.032431,1,2020-08-24,20:38:02 24 Aug 2020,40000
2020,President,Trump,Biden,,30,0.0009625,0.2657335,0.87755,0.12245,,0.3041707,0.977746,0.9901697,0.1646893,55.1716,42.81348,,2.014913,48.2915,35.99557,,1.038244,61.99204,49.67355,,3.130595,12.35812,-1.31175,25.94228,1,2020-08-24,20:38:02 24 Aug 2020,40000
2020,President,Trump,Biden,,55,0.1014125,4.73112,0.27995,0.72005,,0.8157707,0.9404902,0.8471668,0.9315314,47.0777,51.9347,,0.9876026,41.6691,46.57716,,0.5175742,52.43681,57.32206,,1.518959,-4.857004,-15.63265,5.835613,1,2020-08-24,20:38:02 24 Aug 2020,40000
2020,President,Trump,Biden,,54,2.5e-05,0.0050644,0.992225,0.007775,,0.2715362,0.9807074,0.9994436,0.0104887,66.04317,32.1296,,1.827232,58.36518,24.57126,,0.9438741,73.61369,39.79988,,2.83491,33.91356,18.65003,49.01697,1,2020-08-24,20:38:02 24 Aug 2020,40000
2020,President,Trump,Biden,,53,0.0011875,0.0472547,0.0115,0.9885,,0.7913043,0.7330298,0.0337568,0.996733,36.76601,60.99542,,2.238569,30.51034,54.64632,,1.150289,43.07394,67.28915,,3.48372,-24.22941,-36.70535,-11.66763,1,2020-08-24,20:38:02 24 Aug 2020,40000
2020,President,Trump,Biden,,51,0.017725,0.5977053,0.0725,0.9275,,0.9682758,0.7814286,0.2604099,0.9969738,44.10819,54.8637,,1.02811,39.46564,50.14749,,0.5383153,48.82319,59.53251,,1.582142,-10.75551,-20.05989,-1.342699,1,2020-08-24,20:38:02 24 Aug 2020,40000
2020,President,Trump,Biden,,50,0.0002,0.0888687,0.007925,0.992075,,0.6656151,0.7301615,0.0195678,0.9964235,31.21582,66.12218,,2.661997,23.13759,57.95472,,1.36165,39.34919,74.25681,,4.153323,-34.90636,-51.00403,-18.64128,1,2020-08-24,20:38:02 24 Aug 2020,40000
2020,President,Trump,Biden,,49,0.000575,0.0690258,0.9498,0.0502,,0.2824016,0.9716135,0.9949921,0.0670931,56.95929,39.73552,,3.305186,50.30322,33.2086,,1.680378,63.55472,46.31413,,5.173253,17.22377,4.176321,30.19976,1,2020-08-24,20:38:02 24 Aug 2020,40000
2020,President,Trump,Biden,,47,0.0004625,0.0248394,0.9498,0.0502,,0.2831649,0.9875498,0.9976816,0.0681935,57.62992,41.27628,,1.093801,51.41415,35.08318,,0.5719205,63.84207,47.46584,,1.684664,16.35364,3.974316,28.75663,1,2020-08-24,20:38:02 24 Aug 2020,40000
2020,President,Trump,Biden,,46,0.0002125,0.0791704,0.9617,0.0383,,0.2793491,0.9745431,0.9965687,0.0513429,59.66193,38.87316,,1.464909,52.49009,31.71869,,0.7607846,66.82249,46.04865,,2.265501,20.78877,6.473553,35.11602,1,2020-08-24,20:38:02 24 Aug 2020,40000
2020,President,Trump,Biden,,45,0.0010625,0.0697117,0.866575,0.133425,,0.3105328,0.9964399,0.998238,0.1828811,53.85252,45.25641,,0.8910671,48.83886,40.22851,,0.4680156,58.88581,50.27584,,1.368505,8.596106,-1.426189,18.64654,1,2020-08-24,20:38:02 24 Aug 2020,40000
2020,President,Trump,Biden,,44,0.000275,0.0856852,0.0165,0.9835,,0.9272727,0.7380021,0.056756,0.9984181,37.50657,61.0778,,1.415631,30.85169,54.42532,,0.7357756,44.16449,67.72369,,2.188278,-23.57122,-36.89371,-10.26532,1,2020-08-24,20:38:02 24 Aug 2020,40000
2020,President,Trump,Biden,,48,0.007575,0.1133891,0.744375,0.255625,,0.3619815,0.9994132,0.9995363,0.351422,52.11467,46.87708,,1.008251,46.92455,41.71186,,0.5281529,57.30199,52.04192,,1.551156,5.237597,-5.092108,15.54992,1,2020-08-24,20:38:02 24 Aug 2020,40000
2020,President,Trump,Biden,,41,0.0079125,0.533078,0.084125,0.915875,,0.7687964,0.7727856,0.2399147,0.9735892,41.55049,56.09851,,2.350997,34.85761,49.33422,,1.206531,48.29124,62.82349,,3.661343,-14.54802,-27.87022,-1.151203,1,2020-08-24,20:38:02 24 Aug 2020,40000
2020,President,Trump,Biden,,35,0.0090625,1.569353,0.085775,0.914225,,0.9073157,0.7866225,0.2886952,0.9892362,42.94861,55.24199,,1.809404,37.18534,49.44157,,0.9348933,48.69706,61.04354,,2.806855,-12.29338,-23.84054,-0.7506866,1,2020-08-24,20:38:02 24 Aug 2020,40000
2020,President,Trump,Biden,,40,7.5e-05,0.0070321,0.99245,0.00755,,0.2714998,0.9834437,0.9995363,0.0102136,63.17279,35.63955,,1.187667,56.91835,29.46812,,0.6198331,69.37143,41.89484,,1.83119,27.53324,15.07059,39.89295,1,2020-08-24,20:38:02 24 Aug 2020,40000
2020,President,Trump,Biden,,32,0.0269625,3.139942,0.20895,0.79105,,0.8613304,0.8830036,0.667625,0.9608309,45.78699,52.50103,,1.711975,40.39529,47.09001,,0.8857771,51.1939,57.87175,,2.653534,-6.714034,-17.4302,4.071728,1,2020-08-24,20:38:02 24 Aug 2020,40000
2020,President,Trump,Biden,,33,0.0121875,2.250041,0.282975,0.717025,,0.7153459,0.9025139,0.7509042,0.8901613,46.31493,52.65849,,1.026581,39.12886,45.49863,,0.537533,53.48894,59.83826,,1.579755,-6.343567,-20.69269,7.982807,1,2020-08-24,20:38:02 24 Aug 2020,40000
2020,President,Trump,Biden,,34,0.007375,0.2686329,0.040575,0.959425,,0.754159,0.7474008,0.113512,0.9863819,40.5192,58.59725,,0.8835464,34.17396,52.19148,,0.4641482,46.92728,64.94182,,1.356808,-18.07804,-30.754,-5.255381,1,2020-08-24,20:38:02 24 Aug 2020,40000
2020,President,Trump,Biden,,31,0.0,0.0,0.982825,0.017175,,0.274235,0.9970888,0.9998145,0.0235565,58.65202,39.57587,,1.772112,53.13068,34.18264,,0.9144269,64.10194,45.05685,,2.747207,19.07615,8.128792,29.87189,1,2020-08-24,20:38:02 24 Aug 2020,40000
2020,President,Trump,Biden,,36,0.000975,0.0180719,0.002975,0.997025,,0.8487395,0.7286929,0.0093666,0.999381,36.89351,62.015,,1.091489,31.73618,56.76231,,0.570739,42.14201,67.18324,,1.681061,-25.1215,-35.42008,-14.64033,1,2020-08-24,20:38:02 24 Aug 2020,40000
2020,President,Trump,Biden,,37,0.0379625,1.08367,0.50445,0.49555,,0.5209138,0.985622,0.9747751,0.6718594,49.658,49.57428,,0.7677194,44.65141,44.52423,,0.4045205,54.70895,54.57507,,1.176607,0.0837201,-9.921017,10.15348,1,2020-08-24,20:38:02 24 Aug 2020,40000
2020,President,Trump,Biden,,38,3.75e-05,0.0151562,0.985275,0.014725,,0.2735277,0.9949066,0.9997218,0.020152,60.89851,36.4411,,2.660389,54.26331,29.92337,,1.36085,67.4729,43.06262,,4.150778,24.45742,11.26821,37.42846,1,2020-08-24,20:38:02 24 Aug 2020,40000
2020,President,Trump,Biden,,39,0.02795,0.6992479,0.5478,0.4522,,0.4892296,0.9964617,0.9941575,0.6198288,49.9618,48.99209,,1.046109,44.702,43.75196,,0.5475197,55.20687,54.22723,,1.610237,0.9697075,-9.488125,11.43241,1,2020-08-24,20:38:02 24 Aug 2020,40000
2020,President,Trump,Biden,,16,2.5e-05,0.0053392,0.993375,0.006625,,0.2690072,0.9886792,0.9997194,0.0089772,62.64993,34.32254,,3.027526,56.04817,27.75531,,1.528188,69.2682,40.89366,,4.752228,28.32739,15.25352,41.39045,1,2020-08-23,19:00:03 23 Aug 2020,40000
2020,President,Trump,Biden,,27,0.0839625,3.905487,0.271675,0.728325,,0.7901905,0.9252737,0.8031238,0.9236252,46.84829,51.72217,,1.429541,41.61157,46.45142,,0.735741,52.13083,56.96677,,2.219384,-4.873874,-15.34132,5.651569,1,2020-08-23,19:00:03 23 Aug 2020,40000
2020,President,Trump,Biden,,26,0.0665125,1.876621,0.165825,0.834175,,0.9592944,0.8667246,0.5951179,0.99092,45.57645,53.30725,,1.116301,40.47918,48.18299,,0.5778291,50.6942,58.41709,,1.727219,-7.730795,-17.90183,2.479273,1,2020-08-23,19:00:03 23 Aug 2020,40000
2020,President,Trump,Biden,,25,0.0003,0.0128347,0.00435,0.99565,,0.8505747,0.732185,0.0138421,0.9991434,33.85822,64.47795,,1.663828,27.24303,57.79357,,0.8532642,40.50822,71.08936,,2.588619,-30.61973,-43.85365,-17.32795,1,2020-08-23,19:00:03 23 Aug 2020,40000
2020,President,Trump,Biden,,24,0.0003,0.0147953,0.002625,0.997375,,0.8095238,0.731044,0.0079499,0.9993147,35.58484,63.06464,,1.350524,30.29531,57.71915,,0.696031,40.91513,68.37221,,2.095053,-27.47979,-38.06908,-16.84467,1,2020-08-23,19:00:03 23 Aug 2020,40000
2020,President,Trump,Biden,,23,0.003625,0.680229,0.217125,0.782875,,0.7275763,0.8568099,0.5910026,0.9193421,45.00459,53.44859,,1.546819,37.84532,46.28275,,0.7945188,52.1641,60.59181,,2.404752,-8.443998,-22.74301,5.832779,1,2020-08-23,19:00:03 23 Aug 2020,40000
2020,President,Trump,Biden,,22,0.0019375,0.1358665,0.908025,0.091975,,0.2908786,0.9654797,0.988122,0.1217064,56.762,42.39991,,0.8380831,49.87844,35.55964,,0.4364551,63.63432,49.2999,,1.291527,14.36209,0.5669613,28.09529,1,2020-08-23,19:00:03 23 Aug 2020,40000
2020,President,Trump,Biden,,21,0.0001,0.0070348,0.971875,0.028125,,0.274701,0.9884444,0.9987841,0.0381018,59.25511,39.56334,,1.181555,53.0419,33.33906,,0.6108438,65.48427,45.78644,,1.829518,19.69177,7.261623,32.13774,1,2020-08-23,19:00:03 23 Aug 2020,40000
2020,President,Trump,Biden,,20,0.00025,0.0294965,0.914925,0.085075,,0.2919638,0.997943,0.9993453,0.1163611,55.11251,43.01873,,1.868758,49.47718,37.37988,,0.9555143,60.74467,48.66936,,2.912111,12.09379,0.8446655,23.31319,1,2020-08-23,19:00:03 23 Aug 2020,40000
2020,President,Trump,Biden,,19,0.0028625,0.2601421,0.667675,0.332325,,0.3991463,0.9975927,0.9970071,0.4543772,51.24806,47.38183,,1.370111,45.39553,41.57027,,0.7058839,57.05761,53.22433,,2.125864,3.866231,-7.804886,15.46809,1,2020-08-23,19:00:03 23 Aug 2020,40000
2020,President,Trump,Biden,,18,0.0001625,0.0074795,0.941925,0.058075,,0.2837009,0.9987085,0.9997194,0.0794929,56.06942,42.55364,,1.376945,50.65681,37.17545,,0.7093152,61.48035,47.96482,,2.136614,13.51577,2.720064,24.29125,1,2020-08-23,19:00:03 23 Aug 2020,40000
2020,President,Trump,Biden,,17,0.0006,0.0152728,0.00635,0.99365,,0.976378,0.7341368,0.0231949,0.9997944,38.72001,59.78446,,1.49553,33.63292,54.64899,,0.7689103,43.83195,64.87101,,2.323294,-21.06445,-31.19244,-10.84589,1,2020-08-23,19:00:03 23 Aug 2020,40000
2020,President,Trump,Biden,,28,0.0018375,0.2152593,0.87745,0.12255,,0.2964557,0.9412485,0.9731575,0.1580949,55.82413,43.4168,,0.7590668,48.92989,36.54369,,0.3960903,62.70187,50.31866,,1.168164,12.40733,-1.392595,26.13402,1,2020-08-23,19:00:03 23 Aug 2020,40000
2020,President,Trump,Biden,,15,0.0006875,0.2267581,0.013525,0.986475,,0.5841035,0.7339264,0.0295548,0.9922906,32.35301,65.82929,,1.817697,23.89112,57.24823,,0.9300643,40.94464,74.33752,,2.831558,-33.47628,-50.40145,-16.36523,1,2020-08-23,19:00:03 23 Aug 2020,40000
2020,President,Trump,Biden,,13,0.0147,0.4842803,0.656725,0.343275,,0.4027942,0.9916976,0.9896184,0.4665753,51.00076,48.16143,,0.8378186,46.35995,43.57748,,0.4363204,55.58793,52.79106,,1.291114,2.83933,-6.430841,12.0056,1,2020-08-23,19:00:03 23 Aug 2020,40000
2020,President,Trump,Biden,,12,0.2388375,3.336506,0.332475,0.667525,,0.742537,0.9688776,0.9235877,0.8864142,47.86154,51.34892,,0.7895398,42.56213,46.04929,,0.4116755,53.16102,56.65063,,1.215733,-3.487385,-14.09216,7.097382,1,2020-08-23,19:00:03 23 Aug 2020,40000
2020,President,Trump,Biden,,11,0.0,0.0,0.0,1.0,,,0.729625,0.0,1.0,5.746162,90.79492,,3.458916,3.126514,87.3536,,1.739246,8.542671,93.98849,,5.440866,-85.04876,-90.61578,-79.15903,1,2020-08-23,19:00:03 23 Aug 2020,40000
2020,President,Trump,Biden,,10,6.25e-05,0.0182173,0.002325,0.997675,,1.0,0.7313253,0.0086981,1.0,37.76812,61.09317,,1.138707,32.99046,56.26193,,0.5891676,42.58554,65.858,,1.762336,-23.32505,-32.85927,-13.71342,1,2020-08-23,19:00:03 23 Aug 2020,40000
2020,President,Trump,Biden,,09,0.000775,0.0661481,0.022725,0.977275,,0.9570957,0.7456447,0.0813693,0.9987322,40.07925,58.99312,,0.9276301,34.33076,53.24457,,0.4820712,45.8409,64.74054,,1.431618,-18.91387,-30.42748,-7.426451,1,2020-08-23,19:00:03 23 Aug 2020,40000
2020,President,Trump,Biden,,08,0.020575,0.9951518,0.1317,0.8683,,0.8910403,0.8239664,0.4390198,0.9805722,44.11241,54.05788,,1.829708,38.38527,48.24081,,0.9360516,49.89701,59.7946,,2.850532,-9.945474,-21.34733,1.590815,1,2020-08-23,19:00:03 23 Aug 2020,40000
2020,President,Trump,Biden,,06,0.001625,0.016289,0.002875,0.997125,,0.6869565,0.7308261,0.0073887,0.9987665,33.73827,64.31497,,1.946765,27.89709,58.41132,,0.9943929,39.59438,70.19046,,3.035309,-30.57671,-42.2478,-18.84864,1,2020-08-23,19:00:03 23 Aug 2020,40000
2020,President,Trump,Biden,,05,0.0005375,0.0649707,0.928325,0.071675,,0.2869685,0.9870945,0.996633,0.0969676,56.55539,41.8333,,1.611313,50.13784,35.44734,,0.8269823,62.98404,48.25325,,2.505781,14.72208,1.928411,27.51549,1,2020-08-23,19:00:03 23 Aug 2020,40000
2020,President,Trump,Biden,,04,0.052675,2.663631,0.42235,0.57765,,0.5693737,0.9520904,0.8996446,0.7537776,48.47247,50.2042,,1.323334,42.59086,44.24429,,0.6823444,54.41828,56.11713,,2.052295,-1.731736,-13.52339,10.13299,1,2020-08-23,19:00:03 23 Aug 2020,40000
2020,President,Trump,Biden,,02,0.001575,0.7140324,0.800975,0.199025,,0.3253535,0.9658334,0.9749345,0.2634573,53.45402,44.31861,,2.227371,46.36697,37.15152,,1.133856,60.63631,51.39763,,3.479521,9.135403,-4.957037,23.4318,1,2020-08-23,19:00:03 23 Aug 2020,40000
2020,President,Trump,Biden,,01,0.0003,0.0199937,0.978575,0.021425,,0.2725902,0.9743291,0.9979424,0.0286106,59.88039,39.33499,,0.7846161,53.91234,33.36765,,0.4091583,65.85077,45.29202,,1.20805,20.54541,8.640385,32.47218,1,2020-08-23,19:00:03 23 Aug 2020,40000
2020,President,Trump,Biden,,29,0.0010625,0.0529998,0.866975,0.133025,,0.307506,0.9947378,0.9973812,0.1813603,54.21259,44.36113,,1.426289,48.46973,38.6518,,0.7341052,59.92216,50.09182,,2.214267,9.851458,-1.63797,21.23541,1,2020-08-23,19:00:03 23 Aug 2020,40000
2020,President,Trump,Biden,,35,0.0087125,1.511072,0.08835,0.91165,,0.9023769,0.7910108,0.2982604,0.9883502,42.89732,55.3058,,1.796885,37.04425,49.41532,,0.9196876,48.75608,61.16373,,2.798675,-12.40848,-24.07306,-0.7025623,1,2020-08-23,19:00:03 23 Aug 2020,40000
2020,President,Trump,Biden,,30,0.000925,0.2563818,0.87515,0.12485,,0.3020339,0.975771,0.9888702,0.1669693,55.13043,42.85787,,2.011701,48.23796,36.02898,,1.02672,61.97952,49.7599,,3.137999,12.27256,-1.484928,25.92765,1,2020-08-23,19:00:03 23 Aug 2020,40000
2020,President,Trump,Biden,,44,0.0003625,0.1104038,0.016475,0.983525,,0.9575114,0.7411352,0.0590161,0.9990406,37.45762,61.13938,,1.403001,30.77081,54.32853,,0.722407,44.25251,67.86456,,2.177614,-23.68176,-37.04917,-10.07794,1,2020-08-23,19:00:03 23 Aug 2020,40000
2020,President,Trump,Biden,,31,2.5e-05,0.0037156,0.981925,0.018075,,0.2722204,1.0,1.0,0.024773,58.60167,39.63568,,1.762639,53.05393,34.16928,,0.9019575,64.09113,45.18288,,2.746407,18.96599,7.903009,29.88261,1,2020-08-23,19:00:03 23 Aug 2020,40000
2020,President,Trump,Biden,,55,0.1040375,4.860389,0.279125,0.720875,,0.8163009,0.9432634,0.852413,0.9319513,47.0503,51.96536,,0.9843323,41.60321,46.53416,,0.5108963,52.50606,57.41899,,1.52036,-4.915058,-15.79321,5.952509,1,2020-08-23,19:00:03 23 Aug 2020,40000
2020,President,Trump,Biden,,54,1.25e-05,0.0026079,0.992025,0.007975,,0.2691464,0.9623824,0.9988776,0.0105191,66.00807,32.17147,,1.82046,58.31748,24.60096,,0.9314419,73.62732,39.84084,,2.835925,33.8366,18.50131,48.96178,1,2020-08-23,19:00:03 23 Aug 2020,40000
2020,President,Trump,Biden,,53,0.0013125,0.052417,0.01155,0.98845,,0.8030303,0.7358491,0.0346988,0.996882,36.68599,61.09095,,2.223071,30.45033,54.69614,,1.131723,43.02279,67.37358,,3.472704,-24.40496,-36.8475,-11.71239,1,2020-08-23,19:00:03 23 Aug 2020,40000
2020,President,Trump,Biden,,51,0.0184125,0.6168814,0.0715,0.9285,,0.9734266,0.7838988,0.2603816,0.9975672,44.06053,54.91708,,1.022392,39.35589,50.18982,,0.53022,48.78562,59.62292,,1.579949,-10.85654,-20.23874,-1.413002,1,2020-08-23,19:00:03 23 Aug 2020,40000
2020,President,Trump,Biden,,50,0.000225,0.0984828,0.00885,0.99115,,0.6864407,0.7333401,0.0227273,0.9961967,31.19962,66.16305,,2.637335,23.1014,57.87179,,1.336322,39.48698,74.31615,,4.130652,-34.96342,-51.15551,-18.46796,1,2020-08-23,19:00:03 23 Aug 2020,40000
2020,President,Trump,Biden,,49,0.0005625,0.0650331,0.94775,0.05225,,0.2804537,0.9708134,0.9943883,0.069522,56.87649,39.83236,,3.291153,50.22925,33.24144,,1.657331,63.52221,46.46938,,5.172948,17.04413,3.966978,30.164,1,2020-08-23,19:00:03 23 Aug 2020,40000
2020,President,Trump,Biden,,47,0.000575,0.0309341,0.9499,0.0501,,0.2806611,0.986028,0.9973812,0.067706,57.6242,41.28403,,1.091776,51.39039,35.0831,,0.5654089,63.83316,47.5144,,1.688743,16.34017,3.888178,28.75018,1,2020-08-23,19:00:03 23 Aug 2020,40000
2020,President,Trump,Biden,,46,0.0003,0.1047519,0.959225,0.040775,,0.277646,0.9754752,0.9963524,0.0545143,59.58481,38.96344,,1.451748,52.24554,31.80789,,0.7469077,66.75524,46.30025,,2.254344,20.62136,5.933439,34.98518,1,2020-08-23,19:00:03 23 Aug 2020,40000
2020,President,Trump,Biden,,45,0.0011125,0.0716966,0.8634,0.1366,,0.3085766,0.9935944,0.9967265,0.1860202,53.84538,45.26411,,0.8905049,48.80492,40.23712,,0.4631737,58.86175,50.31036,,1.373477,8.581272,-1.521566,18.60583,1,2020-08-23,19:00:03 23 Aug 2020,40000
2020,President,Trump,Biden,,48,0.0089625,0.1342072,0.725975,0.274025,,0.367919,0.9992701,0.9992518,0.3752955,51.91304,47.06668,,1.020282,46.65681,41.81285,,0.5291489,57.16656,52.34558,,1.576644,4.846359,-5.690079,15.33702,1,2020-08-23,19:00:03 23 Aug 2020,40000
2020,President,Trump,Biden,,42,0.2266125,5.135731,0.263425,0.736575,,0.8767201,0.9473916,0.8640105,0.956416,47.2924,51.98013,,0.727473,42.44489,47.11831,,0.3799174,52.16439,56.83414,,1.118854,-4.687735,-14.37995,5.018581,1,2020-08-23,19:00:03 23 Aug 2020,40000
2020,President,Trump,Biden,,40,1.25e-05,0.0013216,0.9922,0.0078,,0.2692502,0.9807692,0.9994388,0.0104848,63.15064,35.66319,,1.186172,56.90486,29.40301,,0.6131785,69.40203,41.91099,,1.83676,27.48745,14.98355,39.98236,1,2020-08-23,19:00:03 23 Aug 2020,40000
2020,President,Trump,Biden,,39,0.0289125,0.7215173,0.543375,0.456625,,0.4891649,0.9966055,0.9943883,0.6237108,49.90589,49.0484,,1.045708,44.62665,43.7356,,0.5420486,55.20918,54.33968,,1.616469,0.8574884,-9.704916,11.485,1,2020-08-23,19:00:03 23 Aug 2020,40000
2020,President,Trump,Biden,,38,2.5e-05,0.0093493,0.98375,0.01625,,0.2714867,0.9861538,0.9991583,0.0219633,60.85008,36.4948,,2.655116,54.23621,29.88469,,1.345075,67.50674,43.1122,,4.158933,24.35528,11.2124,37.55751,1,2020-08-23,19:00:03 23 Aug 2020,40000
2020,President,Trump,Biden,,37,0.036225,1.034525,0.512725,0.487275,,0.5074357,0.9851726,0.9733446,0.6579407,49.73676,49.49359,,0.7696584,44.70331,44.46251,,0.401509,54.76794,54.52049,,1.184701,0.2431657,-9.800009,10.31466,1,2020-08-23,19:00:03 23 Aug 2020,40000
2020,President,Trump,Biden,,36,0.0008625,0.0159267,0.003325,0.996675,,0.924812,0.7318082,0.0115039,0.9996573,36.86463,62.05033,,1.085038,31.58891,56.71899,,0.5619934,42.2128,67.33677,,1.678165,-25.1857,-35.71042,-14.50816,1,2020-08-23,19:00:03 23 Aug 2020,40000
2020,President,Trump,Biden,,56,2.5e-05,0.0100848,0.99805,0.00195,,0.2677221,0.948718,0.9996259,0.0025355,68.54059,28.14721,,3.312197,61.65053,21.45729,,1.667623,75.30579,34.97792,,5.206518,40.39338,26.79165,53.75098,1,2020-08-23,19:00:03 23 Aug 2020,40000
2020,President,Trump,Biden,,34,0.00815,0.29516,0.04165,0.95835,,0.7707083,0.7514217,0.1200898,0.9869796,40.47025,58.65216,,0.8775911,33.98627,52.12143,,0.4565957,47.01911,65.14005,,1.353249,-18.1819,-31.15434,-5.119078,1,2020-08-23,19:00:03 23 Aug 2020,40000
2020,President,Trump,Biden,,33,0.0109875,2.038215,0.2781,0.7219,,0.7221323,0.9041765,0.7513094,0.8946034,46.27165,52.70672,,1.021631,39.04316,45.45626,,0.5298336,53.53487,59.9445,,1.578756,-6.435075,-20.88896,8.034914,1,2020-08-23,19:00:03 23 Aug 2020,40000
2020,President,Trump,Biden,,41,0.007125,0.4781898,0.08085,0.91915,,0.775201,0.7741119,0.2344744,0.9751927,41.48073,56.19147,,2.327792,34.81051,49.42881,,1.183585,48.23437,62.92605,,3.638782,-14.71074,-28.0538,-1.282629,1,2020-08-23,19:00:03 23 Aug 2020,40000
2020,President,Trump,Biden,,32,0.0270125,3.135823,0.208875,0.791125,,0.8562537,0.8846263,0.6690984,0.9591914,45.73054,52.56874,,1.700725,40.3018,47.09475,,0.8717002,51.21184,58.03347,,2.646842,-6.838198,-17.6919,4.056688,1,2020-08-23,19:00:03 23 Aug 2020,40000
2020,President,Trump,Biden,,22,0.0017375,0.122097,0.9115,0.0885,,0.2934175,0.9590396,0.9869004,0.1169883,56.82304,42.34068,,0.836284,49.95777,35.47757,,0.4330344,63.69473,49.19225,,1.288788,14.48236,0.7944164,28.26238,1,2020-08-22,19:00:03 22 Aug 2020,40000
2020,President,Trump,Biden,,18,0.000175,0.0086297,0.945125,0.054875,,0.2866552,0.9986333,0.9997233,0.0755341,56.07828,42.5504,,1.371321,50.71889,37.17934,,0.7024709,61.43546,47.91396,,2.127214,13.52787,2.830685,24.26027,1,2020-08-22,19:00:03 22 Aug 2020,40000
2020,President,Trump,Biden,,19,0.00285,0.2598107,0.6705,0.3295,,0.4033184,0.9981791,0.9978783,0.4533425,51.26225,47.37287,,1.364883,45.44733,41.63339,,0.6992487,57.03306,53.17162,,2.11709,3.889375,-7.680508,15.39783,1,2020-08-22,19:00:03 22 Aug 2020,40000
2020,President,Trump,Biden,,20,7.5e-05,0.0084403,0.917075,0.082925,,0.2953684,0.9984926,0.9995387,0.1141282,55.1203,43.01894,,1.86076,49.51849,37.4958,,0.9464972,60.65102,48.6101,,2.899061,12.10135,0.9340115,23.10836,1,2020-08-22,19:00:03 22 Aug 2020,40000
2020,President,Trump,Biden,,21,0.0003,0.0221838,0.9724,0.0276,,0.2784348,0.990942,0.9990775,0.0376981,59.23608,39.58598,,1.177943,52.96608,33.40874,,0.6054903,65.42955,45.85625,,1.823666,19.65009,7.143795,32.01974,1,2020-08-22,19:00:03 22 Aug 2020,40000
2020,President,Trump,Biden,,26,0.0633625,1.790392,0.163125,0.836875,,0.9613793,0.8596565,0.5786901,0.9916264,45.612,53.2767,,1.111309,40.5223,48.20268,,0.5719749,50.69942,58.37812,,1.719157,-7.664701,-17.85083,2.464867,1,2020-08-22,19:00:03 22 Aug 2020,40000
2020,President,Trump,Biden,,23,0.0037625,0.700711,0.21545,0.78455,,0.7316083,0.851571,0.5816421,0.9208822,44.98817,53.47095,,1.54088,37.93856,46.3928,,0.7870868,52.07958,60.55804,,2.394243,-8.48279,-22.54787,5.66608,1,2020-08-22,19:00:03 22 Aug 2020,40000
2020,President,Trump,Biden,,24,0.000225,0.0114143,0.002475,0.997525,,0.6969697,0.7265482,0.0063653,0.9989662,35.62177,63.03369,,1.344544,30.40208,57.73936,,0.6890659,40.91245,68.24123,,2.085128,-27.41192,-37.808,-16.88115,1,2020-08-22,19:00:03 22 Aug 2020,40000
2020,President,Trump,Biden,,25,0.0003375,0.0143321,0.004075,0.995925,,0.8220859,0.7277405,0.0123616,0.9990007,33.9079,64.43633,,1.655773,27.39391,57.79907,,0.8444835,40.54285,70.94403,,2.574921,-30.52843,-43.5593,-17.29808,1,2020-08-22,19:00:03 22 Aug 2020,40000
2020,President,Trump,Biden,,16,2.5e-05,0.0040937,0.99315,0.00685,,0.2727433,0.9817518,0.9995387,0.0092695,62.65284,34.33144,,3.01571,56.06173,27.92347,,1.515007,69.22469,40.90987,,4.732156,28.3214,15.19842,41.20352,1,2020-08-22,19:00:03 22 Aug 2020,40000
2020,President,Trump,Biden,,17,0.000475,0.0121496,0.00625,0.99375,,0.968,0.7298868,0.0223247,0.9997588,38.77767,59.73206,,1.490274,33.72736,54.66275,,0.7619861,43.83685,64.79671,,2.314238,-20.95439,-31.01033,-10.86063,1,2020-08-22,19:00:03 22 Aug 2020,40000
2020,President,Trump,Biden,,01,0.0003,0.0202904,0.978925,0.021075,,0.2761447,0.9679715,0.9975092,0.0281185,59.87009,39.34765,,0.7822583,53.91409,33.44076,,0.4056018,65.79668,45.30581,,1.204448,20.52244,8.610497,32.36538,1,2020-08-22,19:00:03 22 Aug 2020,40000
2020,President,Trump,Biden,,15,0.0004625,0.1493808,0.014125,0.985875,,0.5716814,0.7297832,0.029797,0.9916954,32.45432,65.7388,,1.806885,24.05222,57.21724,,0.9197186,40.985,74.14551,,2.813805,-33.28448,-50.10008,-16.26374,1,2020-08-22,19:00:03 22 Aug 2020,40000
2020,President,Trump,Biden,,13,0.013325,0.4387845,0.661525,0.338475,,0.4053513,0.9912844,0.9894834,0.4624742,51.05332,48.11184,,0.8348415,46.45933,43.53519,,0.4323025,55.64275,52.70789,,1.286535,2.941478,-6.24243,12.09221,1,2020-08-22,19:00:03 22 Aug 2020,40000
2020,President,Trump,Biden,,12,0.2363375,3.301522,0.338425,0.661575,,0.7409323,0.9686354,0.9252768,0.8832874,47.92593,51.28849,,0.7855794,42.67836,45.98495,,0.4072895,53.21878,56.54061,,1.209634,-3.362559,-13.8553,7.256771,1,2020-08-22,19:00:03 22 Aug 2020,40000
2020,President,Trump,Biden,,11,0.0,0.0,0.0,1.0,,,0.7255,0.0,1.0,5.744603,90.80981,,3.44558,3.120267,87.38808,,1.724334,8.495148,94.01022,,5.417732,-85.06522,-90.62213,-79.24014,1,2020-08-22,19:00:03 22 Aug 2020,40000
2020,President,Trump,Biden,,10,0.0001,0.0302163,0.002275,0.997725,,0.978022,0.7271042,0.0082103,0.9999311,37.82085,61.04611,,1.133036,33.08646,56.28789,,0.582909,42.57826,65.78741,,1.753246,-23.22526,-32.70643,-13.74269,1,2020-08-22,19:00:03 22 Aug 2020,40000
2020,President,Trump,Biden,,09,0.0008125,0.0698764,0.02,0.98,,0.95,0.7392857,0.0701107,0.9986216,40.12263,58.95452,,0.9228501,34.39894,53.23009,,0.4768904,45.82705,64.67245,,1.424028,-18.8319,-30.24321,-7.414698,1,2020-08-22,19:00:03 22 Aug 2020,40000
2020,President,Trump,Biden,,08,0.0203,0.9844016,0.132675,0.867325,,0.8846806,0.8193872,0.4331181,0.9795658,44.15158,54.02891,,1.819508,38.47755,48.31194,,0.9259946,49.86922,59.68966,,2.833776,-9.87733,-21.15095,1.538536,1,2020-08-22,19:00:03 22 Aug 2020,40000
2020,President,Trump,Biden,,06,0.0010625,0.0105369,0.00245,0.99755,,0.6836734,0.7265049,0.0061808,0.9989318,33.81608,64.24614,,1.937775,28.0047,58.33538,,0.9846892,39.752,70.0904,,3.020794,-30.43006,-42.01787,-18.6286,1,2020-08-22,19:00:03 22 Aug 2020,40000
2020,President,Trump,Biden,,05,0.0005125,0.0627609,0.92825,0.07175,,0.2911931,0.9902439,0.997417,0.0979325,56.57487,41.82039,,1.604737,50.18934,35.45634,,0.819038,62.96421,48.2399,,2.494425,14.75448,1.978136,27.44847,1,2020-08-22,19:00:03 22 Aug 2020,40000
2020,President,Trump,Biden,,04,0.05115,2.597254,0.4274,0.5726,,0.5724146,0.9522791,0.9027675,0.7515851,48.54287,50.14145,,1.315684,42.68018,44.23766,,0.6746085,54.42687,56.00368,,2.039783,-1.598581,-13.35108,10.16309,1,2020-08-22,19:00:03 22 Aug 2020,40000
2020,President,Trump,Biden,,02,0.001975,0.8881806,0.801175,0.198825,,0.3300777,0.9666792,0.9758303,0.2649207,53.44042,44.34164,,2.217944,46.40301,37.29779,,1.123432,60.50044,51.36681,,3.46394,9.09878,-4.913244,23.18591,1,2020-08-22,19:00:03 22 Aug 2020,40000
2020,President,Trump,Biden,,28,0.0023625,0.2768933,0.87845,0.12155,,0.2997894,0.9362403,0.9717712,0.1568573,55.85162,43.39157,,0.756804,48.94831,36.51657,,0.3926605,62.73957,50.31089,,1.164737,12.46005,-1.360819,26.24249,1,2020-08-22,19:00:03 22 Aug 2020,40000
2020,President,Trump,Biden,,27,0.0908625,4.221045,0.273625,0.726375,,0.7911375,0.9221821,0.7988008,0.9232943,46.8875,51.68964,,1.422859,41.67571,46.45536,,0.7282702,52.14025,56.90092,,2.208243,-4.802135,-15.22034,5.652184,1,2020-08-22,19:00:03 22 Aug 2020,40000
2020,President,Trump,Biden,,35,0.0093125,1.611781,0.087125,0.912875,,0.9093257,0.786307,0.2923432,0.9893866,42.95768,55.25566,,1.786658,37.16872,49.49059,,0.9096587,48.76067,61.05888,,2.781807,-12.29798,-23.84023,-0.7662048,1,2020-08-22,19:00:03 22 Aug 2020,40000
2020,President,Trump,Biden,,29,0.0014125,0.0710618,0.8688,0.1312,,0.3110037,0.9939024,0.997048,0.1797381,54.22009,44.35978,,1.420133,48.51779,38.6704,,0.7269062,59.895,50.03139,,2.203961,9.860312,-1.493441,21.16523,1,2020-08-22,19:00:03 22 Aug 2020,40000
2020,President,Trump,Biden,,44,0.0004,0.1179274,0.01545,0.98455,,0.9385113,0.73592,0.0535055,0.9986905,37.52185,61.08006,,1.398092,30.90549,54.36408,,0.7158725,44.22704,67.6999,,2.169322,-23.55821,-36.79092,-10.15481,1,2020-08-22,19:00:03 22 Aug 2020,40000
2020,President,Trump,Biden,,56,1.25e-05,0.0065583,0.99785,0.00215,,0.2715338,0.9767442,0.9998155,0.0028946,68.50031,28.20053,,3.299163,61.62028,21.55231,,1.653154,75.28343,34.95071,,5.184006,40.29978,26.79363,53.54903,1,2020-08-22,19:00:03 22 Aug 2020,40000
2020,President,Trump,Biden,,55,0.1011,4.71617,0.277725,0.722275,,0.8195157,0.9373853,0.8398524,0.9332185,47.07123,51.94841,,0.9803597,41.64085,46.53906,,0.505961,52.48643,57.37035,,1.513927,-4.877185,-15.70184,5.942804,1,2020-08-22,19:00:03 22 Aug 2020,40000
2020,President,Trump,Biden,,54,5e-05,0.0119615,0.99155,0.00845,,0.2731582,0.9822485,0.9994465,0.0114404,65.98192,32.20595,,1.812131,58.23739,24.70734,,0.9223269,73.51805,39.95983,,2.822104,33.77597,18.28118,48.81873,1,2020-08-22,19:00:03 22 Aug 2020,40000
2020,President,Trump,Biden,,53,0.0011375,0.0453928,0.0118,0.9882,,0.7902542,0.7316839,0.0344096,0.996623,36.72278,61.06651,,2.210715,30.45049,54.7403,,1.119863,43.03767,67.34351,,3.452469,-24.34373,-36.83739,-11.76529,1,2020-08-22,19:00:03 22 Aug 2020,40000
2020,President,Trump,Biden,,51,0.0187,0.629406,0.07305,0.92695,,0.9698836,0.7803819,0.2614391,0.997071,44.10685,54.87551,,1.017637,39.4404,50.16291,,0.5247803,48.81608,59.54974,,1.572338,-10.76865,-20.09695,-1.356518,1,2020-08-22,19:00:03 22 Aug 2020,40000
2020,President,Trump,Biden,,50,0.0002625,0.1157023,0.0078,0.9922,,0.7115384,0.7289861,0.0204797,0.9969676,31.20385,66.1689,,2.627249,23.2244,57.94188,,1.324931,39.41889,74.22274,,4.113775,-34.96505,-50.91222,-18.56347,1,2020-08-22,19:00:03 22 Aug 2020,40000
2020,President,Trump,Biden,,30,0.00105,0.2850495,0.874125,0.125875,,0.3071071,0.9795432,0.9905904,0.1699518,55.09201,42.90371,,2.004282,48.21693,36.03261,,1.01768,62.00278,49.73848,,3.125853,12.1883,-1.461733,25.93309,1,2020-08-22,19:00:03 22 Aug 2020,40000
2020,President,Trump,Biden,,48,0.0082875,0.1240431,0.7354,0.2646,,0.368133,0.9989607,0.9989852,0.3643349,51.9892,46.99533,,1.015476,46.7746,41.81564,,0.5236902,57.16454,52.19631,,1.568953,4.993871,-5.395672,15.3183,1,2020-08-22,19:00:03 22 Aug 2020,40000
2020,President,Trump,Biden,,47,0.0006875,0.0379655,0.95005,0.04995,,0.284485,0.9854855,0.9973247,0.0678498,57.6387,41.27359,,1.08771,51.5009,35.11047,,0.5600982,63.77141,47.42076,,1.682205,16.36511,4.092972,28.63999,1,2020-08-22,19:00:03 22 Aug 2020,40000
2020,President,Trump,Biden,,46,0.0002125,0.0805226,0.958675,0.041325,,0.2814562,0.9703569,0.9956642,0.0552722,59.58891,38.96445,,1.44664,52.29626,31.78238,,0.7401694,66.79024,46.25037,,2.245614,20.62446,6.065376,34.96851,1,2020-08-22,19:00:03 22 Aug 2020,40000
2020,President,Trump,Biden,,45,0.0011875,0.075466,0.8654,0.1346,,0.3126589,0.9966568,0.9984317,0.184907,53.86585,45.24627,,0.8878847,48.79694,40.22832,,0.459193,58.86937,50.30567,,1.369412,8.619579,-1.49972,18.64811,1,2020-08-22,19:00:03 22 Aug 2020,40000
2020,President,Trump,Biden,,49,0.00075,0.0870145,0.9495,0.0505,,0.2841232,0.9752475,0.9954797,0.0678842,56.86732,39.85841,,3.27426,50.28416,33.38818,,1.641036,63.43361,46.381,,5.144237,17.00891,4.015158,29.89317,1,2020-08-22,19:00:03 22 Aug 2020,40000
2020,President,Trump,Biden,,42,0.22855,5.17956,0.2642,0.7358,,0.8799205,0.9438706,0.8578413,0.9572709,47.31143,51.96429,,0.7242768,42.48666,47.17374,,0.3761073,52.08849,56.79277,,1.114023,-4.652861,-14.2948,4.916576,1,2020-08-22,19:00:03 22 Aug 2020,40000
2020,President,Trump,Biden,,40,6.25e-05,0.006032,0.991675,0.008325,,0.2730229,0.96997,0.9990775,0.0111303,63.15571,35.66237,,1.181922,56.96333,29.54264,,0.6074901,69.2917,41.84224,,1.8299,27.49334,15.11646,39.73602,1,2020-08-22,19:00:03 22 Aug 2020,40000
2020,President,Trump,Biden,,39,0.029575,0.741022,0.544475,0.455525,,0.4949263,0.9965973,0.9943727,0.6257409,49.91525,49.0431,,1.04165,44.68111,43.81952,,0.5368937,55.12551,54.27811,,1.609982,0.872147,-9.570171,11.27457,1,2020-08-22,19:00:03 22 Aug 2020,40000
2020,President,Trump,Biden,,38,3.75e-05,0.0155719,0.985,0.015,,0.2749239,0.9866667,0.999262,0.0203997,60.83981,36.51646,,2.64373,54.21099,30.00115,,1.333022,67.40011,43.12399,,4.140021,24.32335,11.18997,37.24116,1,2020-08-22,19:00:03 22 Aug 2020,40000
2020,President,Trump,Biden,,37,0.037025,1.055862,0.518575,0.481425,,0.5100034,0.986083,0.9759225,0.6543418,49.77494,49.45839,,0.766667,44.72254,44.42498,,0.3976762,54.81078,54.52265,,1.180122,0.3165441,-9.785339,10.36546,1,2020-08-22,19:00:03 22 Aug 2020,40000
2020,President,Trump,Biden,,36,0.0008375,0.0156366,0.0028,0.9972,,0.8571429,0.727136,0.0088561,0.9994487,36.94215,61.97803,,1.079826,31.70185,56.68329,,0.5561286,42.22427,67.24901,,1.669838,-25.03588,-35.53778,-14.48398,1,2020-08-22,19:00:03 22 Aug 2020,40000
2020,President,Trump,Biden,,34,0.007375,0.2693309,0.040475,0.959525,,0.7541692,0.7458117,0.1126384,0.9863887,40.53637,58.59072,,0.872914,34.16308,52.11319,,0.4516086,47.01711,64.98508,,1.346014,-18.05435,-30.83881,-5.104116,1,2020-08-22,19:00:03 22 Aug 2020,40000
2020,President,Trump,Biden,,33,0.01195,2.204278,0.27845,0.72155,,0.7270605,0.9010463,0.747048,0.8961406,46.26946,52.71372,,1.016819,39.10333,45.51243,,0.5243675,53.44833,59.84513,,1.571056,-6.444255,-20.69912,7.935061,1,2020-08-22,19:00:03 22 Aug 2020,40000
2020,President,Trump,Biden,,32,0.0275,3.202084,0.21055,0.78945,,0.8639278,0.8833365,0.6712177,0.9611992,45.8047,52.50397,,1.691335,40.36219,47.08812,,0.8622059,51.24133,57.91681,,2.631105,-6.699274,-17.50431,4.106216,1,2020-08-22,19:00:03 22 Aug 2020,40000
2020,President,Trump,Biden,,31,0.0,0.0,0.983475,0.016525,,0.2754773,0.9954614,0.9997233,0.022674,58.62229,39.62192,,1.755786,53.14446,34.21493,,0.8921142,64.05772,45.07793,,2.733156,19.00037,8.106863,29.80931,1,2020-08-22,19:00:03 22 Aug 2020,40000
2020,President,Trump,Biden,,41,0.006975,0.4729844,0.083275,0.916725,,0.7835485,0.7719327,0.2407749,0.9753963,41.52647,56.15457,,2.318961,34.78194,49.3642,,1.173268,48.30932,62.90744,,3.624314,-14.62811,-28.01863,-1.148851,1,2020-08-22,19:00:03 22 Aug 2020,40000
2020,President,Trump,Biden,,21,0.0001125,0.0080031,0.97215,0.02785,,0.274829,0.9856374,0.9985051,0.0376672,59.28606,39.54019,,1.173749,53.03059,33.43697,,0.5990871,65.39719,45.77894,,1.819886,19.74587,7.266743,31.95747,1,2020-08-21,19:26:02 21 Aug 2020,40000
2020,President,Trump,Biden,,17,0.00045,0.0112124,0.005975,0.994025,,0.9707113,0.7329544,0.0216762,0.9997599,38.7461,59.76542,,1.488476,33.7032,54.67627,,0.7556717,43.80946,64.82967,,2.315563,-21.01932,-31.08761,-10.91098,1,2020-08-21,19:26:02 21 Aug 2020,40000
2020,President,Trump,Biden,,18,0.000125,0.0061511,0.944275,0.055725,,0.2832861,0.9986541,0.9997197,0.0763636,56.09603,42.53735,,1.36662,50.69192,37.21654,,0.6951639,61.44177,47.93523,,2.123377,13.55868,2.750792,24.19668,1,2020-08-21,19:26:02 21 Aug 2020,40000
2020,President,Trump,Biden,,19,0.002825,0.2567635,0.670375,0.329625,,0.3980981,0.9978005,0.9973839,0.4513208,51.28144,47.35898,,1.359572,45.54203,41.66983,,0.6916587,56.99108,53.07375,,2.112276,3.922462,-7.558273,15.28223,1,2020-08-21,19:26:02 21 Aug 2020,40000
2020,President,Trump,Biden,,20,0.00015,0.0173093,0.919575,0.080425,,0.2908137,0.9981349,0.9994394,0.1101544,55.14953,42.99556,,1.854909,49.57988,37.48871,,0.9368926,60.66883,48.53888,,2.894357,12.15396,1.06036,23.14141,1,2020-08-21,19:26:02 21 Aug 2020,40000
2020,President,Trump,Biden,,15,0.000225,0.0715096,0.014525,0.985475,,0.5817556,0.7333519,0.0315799,0.9916981,32.40344,65.79725,,1.799314,24.06458,57.28881,,0.9094744,40.91145,74.17737,,2.806374,-33.39381,-50.11671,-16.36738,1,2020-08-21,19:26:02 21 Aug 2020,40000
2020,President,Trump,Biden,,22,0.00175,0.1232598,0.909425,0.090575,,0.2901559,0.9585978,0.9861721,0.1191424,56.81221,42.35445,,0.8333389,49.9197,35.60777,,0.4284092,63.56838,49.23458,,1.285792,14.45776,0.6869564,27.95848,1,2020-08-21,19:26:02 21 Aug 2020,40000
2020,President,Trump,Biden,,23,0.0032875,0.6139633,0.216075,0.783925,,0.7345829,0.8569378,0.5931982,0.9218182,45.01575,53.44899,,1.535263,38.00556,46.43141,,0.7789767,52.05755,60.45881,,2.387481,-8.43324,-22.46263,5.581247,1,2020-08-21,19:26:02 21 Aug 2020,40000
2020,President,Trump,Biden,,24,0.0003,0.0149353,0.002325,0.997675,,0.7634408,0.729897,0.0066337,0.9992453,35.60941,63.05088,,1.33972,30.39003,57.76917,,0.6817827,40.87003,68.28762,,2.081005,-27.44147,-37.87352,-16.91915,1,2020-08-21,19:26:02 21 Aug 2020,40000
2020,President,Trump,Biden,,25,0.0002875,0.0124957,0.00465,0.99535,,0.8010753,0.7312252,0.0139213,0.9987307,33.85785,64.49217,,1.649974,27.40721,57.91893,,0.8356951,40.43538,70.95494,,2.570543,-30.63432,-43.50175,-17.49024,1,2020-08-21,19:26:02 21 Aug 2020,40000
2020,President,Trump,Biden,,26,0.06555,1.85329,0.164125,0.835875,,0.9597868,0.864244,0.5887135,0.9912865,45.60936,53.2817,,1.10894,40.56733,48.22705,,0.5667183,50.66837,58.33096,,1.718096,-7.672334,-17.72693,2.422869,1,2020-08-21,19:26:02 21 Aug 2020,40000
2020,President,Trump,Biden,,16,2.5e-05,0.0048868,0.99325,0.00675,,0.2692424,0.9777778,0.9994394,0.0090566,62.70033,34.28791,,3.011766,56.04637,27.85615,,1.50212,69.20923,40.81926,,4.734108,28.41242,15.36392,41.23215,1,2020-08-21,19:26:02 21 Aug 2020,40000
2020,President,Trump,Biden,,28,0.0022875,0.2688003,0.87945,0.12055,,0.296151,0.9402738,0.9733719,0.1555403,55.84398,43.40168,,0.7543454,48.96655,36.67347,,0.3885826,62.58982,50.29609,,1.162307,12.4423,-1.330996,25.92498,1,2020-08-21,19:26:02 21 Aug 2020,40000
2020,President,Trump,Biden,,13,0.013375,0.4396646,0.663,0.337,,0.399095,0.9909496,0.9888816,0.4582504,51.04082,48.12724,,0.8319356,46.49404,43.5626,,0.4277022,55.60764,52.67278,,1.283596,2.913575,-6.182434,12.04008,1,2020-08-21,19:26:02 21 Aug 2020,40000
2020,President,Trump,Biden,,12,0.2405625,3.358624,0.333225,0.666775,,0.7433416,0.9697799,0.9257218,0.887307,47.88636,51.33082,,0.7828206,42.68192,46.07839,,0.4029442,53.123,56.51863,,1.20678,-3.444458,-13.82422,7.027506,1,2020-08-21,19:26:02 21 Aug 2020,40000
2020,President,Trump,Biden,,11,0.0,0.0,0.0,1.0,,,0.72875,0.0,1.0,5.703341,90.85235,,3.444313,3.096942,87.43412,,1.711422,8.453573,94.03412,,5.425714,-85.149,-90.67448,-79.32772,1,2020-08-21,19:26:02 21 Aug 2020,40000
2020,President,Trump,Biden,,10,3.75e-05,0.0114959,0.002375,0.997625,,0.9789473,0.7304348,0.0086892,0.9999314,37.78456,61.08699,,1.128453,33.09357,56.32476,,0.5764726,42.51421,65.78082,,1.748788,-23.30242,-32.64101,-13.81328,1,2020-08-21,19:26:02 21 Aug 2020,40000
2020,President,Trump,Biden,,09,0.0009625,0.0829087,0.02135,0.97865,,0.9496487,0.7435498,0.0757731,0.9985248,40.08928,58.99201,,0.9187024,34.43344,53.27685,,0.4713666,45.80333,64.66049,,1.419489,-18.90273,-30.21771,-7.479973,1,2020-08-21,19:26:02 21 Aug 2020,40000
2020,President,Trump,Biden,,08,0.0203375,0.9922729,0.1331,0.8669,,0.8846732,0.8232784,0.4400635,0.9793482,44.17314,54.01401,,1.812853,38.49944,48.31217,,0.9161539,49.85855,59.699,,2.827796,-9.840865,-21.14483,1.504772,1,2020-08-21,19:26:02 21 Aug 2020,40000
2020,President,Trump,Biden,,06,0.00145,0.0144793,0.00265,0.99735,,0.7264151,0.7299594,0.0071942,0.9990051,33.77548,64.29258,,1.931942,27.95069,58.40987,,0.974843,39.64321,70.17374,,3.016368,-30.51711,-42.17808,-18.84507,1,2020-08-21,19:26:02 21 Aug 2020,40000
2020,President,Trump,Biden,,05,0.000425,0.0542786,0.92735,0.07265,,0.2875667,0.9872677,0.9966365,0.098422,56.57483,41.82619,,1.598976,50.17223,35.54278,,0.8104384,62.86831,48.22382,,2.489964,14.74863,2.012444,27.28461,1,2020-08-21,19:26:02 21 Aug 2020,40000
2020,President,Trump,Biden,,04,0.0537625,2.726499,0.425375,0.574625,,0.5686159,0.9533609,0.9039522,0.7517324,48.51485,50.17179,,1.313354,42.67386,44.31704,,0.6686659,54.37547,56.01533,,2.039473,-1.656939,-13.32564,10.0536,1,2020-08-21,19:26:02 21 Aug 2020,40000
2020,President,Trump,Biden,,02,0.00185,0.8297954,0.802625,0.197375,,0.3256502,0.9677011,0.9768289,0.2620926,53.50444,44.28413,,2.211431,46.4265,37.29372,,1.112086,60.55031,51.3496,,3.459096,9.220305,-4.870432,23.17689,1,2020-08-21,19:26:02 21 Aug 2020,40000
2020,President,Trump,Biden,,01,0.0003,0.0200252,0.9787,0.0213,,0.2727342,0.9694836,0.9975708,0.0283362,59.88553,39.33535,,0.7791198,53.92801,33.45153,,0.4010785,65.78269,45.28602,,1.200999,20.55017,8.647451,32.33917,1,2020-08-21,19:26:02 21 Aug 2020,40000
2020,President,Trump,Biden,,27,0.09,4.181352,0.272275,0.727725,,0.7923974,0.9253839,0.806316,0.9240823,46.87944,51.69957,,1.420981,41.73304,46.54033,,0.7221767,52.03465,56.86067,,2.209088,-4.820131,-15.08778,5.459696,1,2020-08-21,19:26:02 21 Aug 2020,40000
2020,President,Trump,Biden,,56,0.0,0.0,0.99845,0.00155,,0.2679403,0.9677419,0.9998131,0.0020583,68.5745,28.13022,,3.295283,61.68407,21.51649,,1.639395,75.31366,34.8764,,5.187572,40.44429,26.91014,53.66084,1,2020-08-21,19:26:02 21 Aug 2020,40000
2020,President,Trump,Biden,,29,0.00135,0.0663596,0.8696,0.1304,,0.3068365,0.9942484,0.997197,0.1779074,54.23991,44.34538,,1.414721,48.49494,38.71757,,0.7190678,59.88695,50.05533,,2.199221,9.894531,-1.532778,21.15301,1,2020-08-21,19:26:02 21 Aug 2020,40000
2020,President,Trump,Biden,,42,0.2239,5.07439,0.2627,0.7373,,0.8786639,0.9462566,0.8626553,0.9573585,47.30131,51.97671,,0.7219829,42.51826,47.22393,,0.3722437,52.05989,56.76019,,1.111823,-4.675404,-14.24752,4.817022,1,2020-08-21,19:26:02 21 Aug 2020,40000
2020,President,Trump,Biden,,55,0.1037875,4.835019,0.2761,0.7239,,0.8198116,0.9404268,0.8459311,0.9341681,47.07124,51.95023,,0.9785277,41.73031,46.62438,,0.5014058,52.39592,57.31135,,1.513291,-4.878997,-15.56957,5.731737,1,2020-08-21,19:26:02 21 Aug 2020,40000
2020,President,Trump,Biden,,54,7.5e-05,0.0154518,0.992125,0.007875,,0.2694721,0.9714286,0.9991591,0.0104974,66.01796,32.17592,,1.806118,58.27645,24.71704,,0.9128311,73.51055,39.86177,,2.817139,33.84204,18.47469,48.72792,1,2020-08-21,19:26:02 21 Aug 2020,40000
2020,President,Trump,Biden,,53,0.001375,0.0546886,0.012575,0.987425,,0.7972167,0.7354482,0.0374661,0.9965008,36.72642,61.07075,,2.202829,30.43568,54.7183,,1.107872,43.06353,67.3951,,3.445441,-24.34433,-36.86314,-11.7265,1,2020-08-21,19:26:02 21 Aug 2020,40000
2020,President,Trump,Biden,,51,0.0164125,0.5512247,0.0702,0.9298,,0.9740028,0.7818617,0.2555358,0.9975643,44.0919,54.89483,,1.013266,39.43648,50.22194,,0.5188247,48.74652,59.53304,,1.567772,-10.80293,-20.07327,-1.484402,1,2020-08-21,19:26:02 21 Aug 2020,40000
2020,President,Trump,Biden,,50,0.0002625,0.1174749,0.007375,0.992625,,0.7322034,0.7321748,0.0201813,0.9972899,31.19294,66.18317,,2.623886,23.23532,58.06752,,1.313565,39.25481,74.23114,,4.114862,-34.99023,-50.92968,-18.92411,1,2020-08-21,19:26:02 21 Aug 2020,40000
2020,President,Trump,Biden,,49,0.0005,0.0562886,0.9492,0.0508,,0.2807628,0.9788386,0.9959824,0.0682333,56.92316,39.81194,,3.264897,50.29993,33.28643,,1.624703,63.51034,46.37422,,5.138973,17.11122,4.102678,30.08497,1,2020-08-21,19:26:02 21 Aug 2020,40000
2020,President,Trump,Biden,,48,0.008625,0.1295229,0.732625,0.267375,,0.3649889,0.9993455,0.999346,0.3666552,51.94873,47.03998,,1.011295,46.80186,41.86955,,0.5178367,57.12781,52.19801,,1.56468,4.908752,-5.385227,15.24246,1,2020-08-21,19:26:02 21 Aug 2020,40000
2020,President,Trump,Biden,,47,0.0006,0.0323239,0.947175,0.052825,,0.2816797,0.9853289,0.9971036,0.0714237,57.62104,41.29548,,1.083481,51.37704,35.18473,,0.5539849,63.74283,47.49382,,1.678064,16.32556,3.896711,28.54123,1,2020-08-21,19:26:02 21 Aug 2020,40000
2020,President,Trump,Biden,,46,0.0001875,0.0674326,0.9597,0.0403,,0.277743,0.9745657,0.9961693,0.0538937,59.59828,38.95704,,1.444684,52.40613,31.86701,,0.7339447,66.70567,46.16631,,2.246472,20.64124,6.24132,34.84946,1,2020-08-21,19:26:02 21 Aug 2020,40000
2020,President,Trump,Biden,,45,0.0008125,0.0508186,0.868875,0.131125,,0.3072364,0.9952335,0.9976642,0.1790738,53.88327,45.23202,,0.8847101,48.89855,40.2927,,0.4542733,58.82145,50.21367,,1.366227,8.651244,-1.304564,18.51382,1,2020-08-21,19:26:02 21 Aug 2020,40000
2020,President,Trump,Biden,,44,0.00015,0.0446351,0.015525,0.984475,,0.937198,0.7392519,0.0543773,0.9986621,37.45301,61.15077,,1.396222,30.79318,54.42083,,0.7098787,44.14105,67.85286,,2.170056,-23.69777,-37.02345,-10.3173,1,2020-08-21,19:26:02 21 Aug 2020,40000
2020,President,Trump,Biden,,30,0.000725,0.19226,0.877225,0.122775,,0.302146,0.9794339,0.9905634,0.1650086,55.1681,42.83409,,1.997804,48.26267,36.06606,,1.007253,61.98296,49.71667,,3.120654,12.33401,-1.352962,25.87956,1,2020-08-21,19:26:02 21 Aug 2020,40000
2020,President,Trump,Biden,,41,0.007525,0.5051539,0.082425,0.917575,,0.7655444,0.7733155,0.2358217,0.9736878,41.53605,56.14862,,2.315338,34.81224,49.39347,,1.162953,48.28426,62.90834,,3.623945,-14.61257,-27.97411,-1.219439,1,2020-08-21,19:26:02 21 Aug 2020,40000
2020,President,Trump,Biden,,39,0.0277125,0.6977523,0.546225,0.453775,,0.4877569,0.9974106,0.9957021,0.6210635,49.92989,49.03191,,1.038199,44.71899,43.82854,,0.5313171,55.13071,54.21815,,1.6069,0.8979775,-9.472733,11.28145,1,2020-08-21,19:26:02 21 Aug 2020,40000
2020,President,Trump,Biden,,38,3.75e-05,0.0146698,0.984975,0.015025,,0.2714536,0.9866889,0.9992526,0.0203431,60.89927,36.46497,,2.635763,54.33914,29.98105,,1.319351,67.46468,42.99892,,4.133803,24.4343,11.47087,37.39724,1,2020-08-21,19:26:02 21 Aug 2020,40000
2020,President,Trump,Biden,,37,0.0351375,0.998342,0.515975,0.484025,,0.5057415,0.9859511,0.9752406,0.6548542,49.76914,49.46668,,0.7641771,44.75097,44.45867,,0.3935429,54.7836,54.4815,,1.177663,0.3024555,-9.751795,10.3275,1,2020-08-21,19:26:02 21 Aug 2020,40000
2020,President,Trump,Biden,,36,0.0008125,0.0154731,0.003425,0.996575,,0.890511,0.7308782,0.0113987,0.9994854,36.87009,62.05444,,1.075472,31.67271,56.79351,,0.5499773,42.09444,67.26186,,1.665473,-25.18435,-35.56968,-14.69449,1,2020-08-21,19:26:02 21 Aug 2020,40000
2020,President,Trump,Biden,,35,0.008575,1.493927,0.085475,0.914525,,0.9093302,0.7885787,0.2904793,0.9896055,42.92043,55.29987,,1.779698,37.12762,49.49736,,0.8997941,48.68814,61.07717,,2.775364,-12.37944,-23.93069,-0.8898754,1,2020-08-21,19:26:02 21 Aug 2020,40000
2020,President,Trump,Biden,,34,0.0077125,0.2804976,0.039125,0.960875,,0.7686901,0.7490308,0.1123984,0.9876158,40.49895,58.63184,,0.8692072,34.16676,52.19965,,0.4464721,46.93224,64.97641,,1.341946,-18.13289,-30.7926,-5.269438,1,2020-08-21,19:26:02 21 Aug 2020,40000
2020,President,Trump,Biden,,33,0.01285,2.386686,0.277025,0.722975,,0.7256565,0.903662,0.7512847,0.8965009,46.27618,52.7101,,1.013721,39.16071,45.63277,,0.5190526,53.39851,59.79989,,1.568485,-6.433921,-20.59154,7.766153,1,2020-08-21,19:26:02 21 Aug 2020,40000
2020,President,Trump,Biden,,32,0.0275,3.197305,0.204825,0.795175,,0.867814,0.8830132,0.6642997,0.9634991,45.75233,52.56269,,1.684975,40.35549,47.15283,,0.8530035,51.12206,57.94503,,2.625862,-6.810362,-17.56784,3.936279,1,2020-08-21,19:26:02 21 Aug 2020,40000
2020,President,Trump,Biden,,31,0.0,0.0,0.9828,0.0172,,0.272207,0.997093,0.9998131,0.0235334,58.67805,39.56882,,1.75313,53.22548,34.25918,,0.8875034,64.03789,44.99361,,2.731369,19.10924,8.299002,29.71739,1,2020-08-21,19:26:02 21 Aug 2020,40000
2020,President,Trump,Biden,,40,5e-05,0.0048105,0.991775,0.008225,,0.2695924,0.9756839,0.9992526,0.011012,63.195,35.62647,,1.178531,56.89922,29.44787,,0.6014719,69.3559,41.90811,,1.827388,27.56853,14.99702,39.88145,1,2020-08-21,19:26:02 21 Aug 2020,40000
2020,President,Trump,Biden,,21,0.0002,0.014355,0.97465,0.02535,,0.280434,0.9871795,0.9988124,0.0346211,59.40574,39.42597,,1.168292,53.17475,33.28084,,0.6000007,65.57512,45.64219,,1.814029,19.97977,7.559919,32.27582,1,2020-08-20,19:00:04 20 Aug 2020,40000
2020,President,Trump,Biden,,17,0.0006125,0.0153535,0.00575,0.99425,,0.9826087,0.7269047,0.0206468,0.9998617,38.79081,59.73114,,1.478045,33.85108,54.69809,,0.7551919,43.79151,64.68221,,2.30248,-20.94034,-30.79803,-10.94041,1,2020-08-20,19:00:04 20 Aug 2020,40000
2020,President,Trump,Biden,,18,0.0001125,0.0056031,0.950075,0.049925,,0.2878983,0.9974962,0.9995432,0.0688963,56.22383,42.42163,,1.354532,50.87736,37.08854,,0.6934036,61.55323,47.75279,,2.107554,13.8022,3.136118,24.44779,1,2020-08-20,19:00:04 20 Aug 2020,40000
2020,President,Trump,Biden,,19,0.0029375,0.2674901,0.683175,0.316825,,0.3997146,0.9981851,0.9978988,0.4375195,51.39243,47.25583,,1.351736,45.6845,41.51545,,0.692003,57.13085,52.96222,,2.103146,4.136595,-7.270386,15.58386,1,2020-08-20,19:00:04 20 Aug 2020,40000
2020,President,Trump,Biden,,20,0.000175,0.0209363,0.924475,0.075525,,0.2958706,0.9983449,0.9995432,0.1043129,55.25676,42.89687,,1.84636,49.75468,37.38673,,0.9385457,60.77275,48.3943,,2.885017,12.35989,1.411243,23.36343,1,2020-08-20,19:00:04 20 Aug 2020,40000
2020,President,Trump,Biden,,26,0.08195,2.309247,0.183125,0.816875,,0.9552218,0.8751339,0.6392289,0.9890015,45.96953,52.93332,,1.09715,40.97009,47.91225,,0.5642395,50.98767,57.93311,,1.70227,-6.963785,-16.94548,3.03524,1,2020-08-20,19:00:04 20 Aug 2020,40000
2020,President,Trump,Biden,,22,0.001125,0.0802377,0.924675,0.075325,,0.2930759,0.9641553,0.9903161,0.1004738,57.27095,41.90025,,0.828804,50.51109,35.17025,,0.4287466,64.00053,48.62717,,1.2812,15.37071,1.862177,28.79734,1,2020-08-20,19:00:04 20 Aug 2020,40000
2020,President,Trump,Biden,,23,0.003775,0.7048379,0.215625,0.784375,,0.7393623,0.8502948,0.5825872,0.9226992,45.04458,53.4297,,1.525726,38.08452,46.39647,,0.7786742,52.07574,60.44413,,2.379563,-8.385115,-22.31415,5.636831,1,2020-08-20,19:00:04 20 Aug 2020,40000
2020,President,Trump,Biden,,24,0.0003875,0.0193767,0.002,0.998,,0.7125,0.7236974,0.0052074,0.9992045,35.63333,63.03356,,1.333111,30.47406,57.79831,,0.6826725,40.85819,68.22688,,2.073791,-27.40023,-37.69104,-16.98004,1,2020-08-20,19:00:04 20 Aug 2020,40000
2020,President,Trump,Biden,,25,0.0003875,0.0166882,0.00365,0.99635,,0.8013698,0.7247453,0.0106888,0.998997,33.89486,64.46539,,1.639752,27.44787,57.86501,,0.8358614,40.49138,70.95538,,2.557945,-30.57053,-43.45291,-17.40982,1,2020-08-20,19:00:04 20 Aug 2020,40000
2020,President,Trump,Biden,,15,0.0006,0.1987541,0.0141,0.9859,,0.5762411,0.7271529,0.0296912,0.991803,32.42077,65.79486,,1.784369,24.12534,57.29168,,0.90781,40.92058,74.14289,,2.786804,-33.3741,-49.99041,-16.38112,1,2020-08-20,19:00:04 20 Aug 2020,40000
2020,President,Trump,Biden,,16,2.5e-05,0.004253,0.9936,0.0064,,0.2752617,0.9765625,0.9994519,0.0086466,62.79611,34.21499,,2.988895,56.21774,27.73413,,1.500417,69.35301,40.69052,,4.703058,28.58112,15.62216,41.48487,1,2020-08-20,19:00:04 20 Aug 2020,40000
2020,President,Trump,Biden,,09,0.0008,0.0686621,0.02165,0.97835,,0.9422633,0.7375428,0.0745478,0.9982707,40.12791,58.95934,,0.9127572,34.44728,53.2073,,0.4712473,45.86804,64.65044,,1.412713,-18.83143,-30.16879,-7.342323,1,2020-08-20,19:00:04 20 Aug 2020,40000
2020,President,Trump,Biden,,13,0.0144625,0.4722208,0.67385,0.32615,,0.4023522,0.9921049,0.9907729,0.4476533,51.13007,48.04327,,0.8266612,46.64896,43.53885,,0.4276606,55.63191,52.53974,,1.277849,3.086805,-5.895842,12.07658,1,2020-08-20,19:00:04 20 Aug 2020,40000
2020,President,Trump,Biden,,12,0.2292625,3.203508,0.349025,0.650975,,0.7298188,0.9703906,0.9308423,0.8739321,48.07004,51.16364,,0.7663203,42.83144,45.9788,,0.3970475,53.25301,56.39703,,1.183406,-3.093602,-13.56467,7.279444,1,2020-08-20,19:00:04 20 Aug 2020,40000
2020,President,Trump,Biden,,11,0.0,0.0,0.0,1.0,,,0.722825,0.0,1.0,5.669916,90.9071,,3.422977,3.099402,87.47665,,1.711728,8.386678,94.05067,,5.397163,-85.23719,-90.69149,-79.44757,1,2020-08-20,19:00:04 20 Aug 2020,40000
2020,President,Trump,Biden,,10,1.25e-05,0.0035092,0.002125,0.997875,,0.9764706,0.7243142,0.0075827,0.9999308,37.82621,61.05218,,1.121608,33.13165,56.3042,,0.5765406,42.56804,65.7552,,1.740676,-23.22597,-32.61858,-13.75132,1,2020-08-20,19:00:04 20 Aug 2020,40000
2020,President,Trump,Biden,,08,0.0202875,0.9875463,0.13715,0.86285,,0.8866205,0.8199861,0.4443632,0.9788331,44.32699,53.86905,,1.803952,38.71466,48.24031,,0.9175231,49.93745,59.50643,,2.817824,-9.542062,-20.72982,1.664955,1,2020-08-20,19:00:04 20 Aug 2020,40000
2020,President,Trump,Biden,,06,0.0017125,0.0174227,0.002275,0.997725,,0.6923077,0.7237716,0.0057555,0.9990316,33.79644,64.28259,,1.920982,28.09114,58.36112,,0.9755005,39.68297,70.0397,,3.003373,-30.48615,-41.88787,-18.72102,1,2020-08-20,19:00:04 20 Aug 2020,40000
2020,President,Trump,Biden,,05,0.0004125,0.051859,0.929725,0.070275,,0.2935008,0.9889719,0.9971679,0.0961505,56.64224,41.7697,,1.588065,50.24484,35.4568,,0.8100995,62.94926,48.16653,,2.47631,14.87255,2.094898,27.49018,1,2020-08-20,19:00:04 20 Aug 2020,40000
2020,President,Trump,Biden,,04,0.0479875,2.424758,0.44195,0.55805,,0.5639213,0.9544396,0.9107437,0.7368658,48.70877,50.01558,,1.275646,42.88704,44.22861,,0.65389,54.50348,55.80984,,1.983116,-1.306803,-12.87317,10.25684,1,2020-08-20,19:00:04 20 Aug 2020,40000
2020,President,Trump,Biden,,02,0.0018,0.8224399,0.811375,0.188625,,0.3293483,0.9658052,0.9765211,0.252032,53.60336,44.20137,,2.19527,46.5359,37.20108,,1.111076,60.59146,51.27316,,3.43866,9.401988,-4.682585,23.30103,1,2020-08-20,19:00:04 20 Aug 2020,40000
2020,President,Trump,Biden,,01,0.0003375,0.0215926,0.97915,0.02085,,0.2788132,0.9688249,0.9976247,0.0279459,59.97692,39.2494,,0.773678,54.0746,33.3466,,0.4007835,65.87688,45.16145,,1.194919,20.72752,8.931288,32.49745,1,2020-08-20,19:00:04 20 Aug 2020,40000
2020,President,Trump,Biden,,28,0.0019375,0.2276834,0.8911,0.1089,,0.3005274,0.9458219,0.9786223,0.1424965,56.0242,43.22547,,0.7503255,49.33945,36.55296,,0.3889228,62.68137,49.89999,,1.158385,12.79873,-0.5519199,26.10759,1,2020-08-20,19:00:04 20 Aug 2020,40000
2020,President,Trump,Biden,,27,0.0883375,4.111526,0.27785,0.72215,,0.7932338,0.9238386,0.8054084,0.9229758,46.9507,51.63668,,1.412617,41.77468,46.46305,,0.7224793,52.13371,56.81567,,2.19919,-4.685979,-15.00881,5.66144,1,2020-08-20,19:00:04 20 Aug 2020,40000
2020,President,Trump,Biden,,29,0.0008875,0.0441915,0.875175,0.124825,,0.3120804,0.9957941,0.9980815,0.1719642,54.31706,44.2783,,1.404636,48.63971,38.59311,,0.7184862,59.99506,49.93914,,2.186596,10.03876,-1.313349,21.36921,1,2020-08-20,19:00:04 20 Aug 2020,40000
2020,President,Trump,Biden,,56,1.25e-05,0.0057612,0.9983,0.0017,,0.2740409,0.9558824,0.9997259,0.0022481,68.69599,28.03325,,3.270759,61.85783,21.39279,,1.637739,75.48254,34.77545,,5.153463,40.66274,27.28471,53.95741,1,2020-08-20,19:00:04 20 Aug 2020,40000
2020,President,Trump,Biden,,42,0.2242,5.074606,0.257775,0.742225,,0.8932208,0.9378558,0.8414032,0.963027,47.25867,52.02639,,0.7149444,42.49807,47.26527,,0.3709315,52.03824,56.78961,,1.103034,-4.767721,-14.29072,4.75008,1,2020-08-20,19:00:04 20 Aug 2020,40000
2020,President,Trump,Biden,,30,0.0007625,0.2144726,0.880775,0.119225,,0.3077687,0.9784022,0.9905902,0.1613807,55.2357,42.78232,,1.981983,48.33921,35.9547,,1.005676,62.09258,49.65578,,3.100132,12.45338,-1.251526,26.12409,1,2020-08-20,19:00:04 20 Aug 2020,40000
2020,President,Trump,Biden,,55,0.1044125,4.873816,0.276,0.724,,0.8305253,0.9353591,0.8376576,0.9368796,47.07746,51.94683,,0.9757123,41.7594,46.6018,,0.5030506,52.39993,57.27007,,1.511537,-4.869365,-15.51327,5.782881,1,2020-08-20,19:00:04 20 Aug 2020,40000
2020,President,Trump,Biden,,54,0.0,0.0,0.992225,0.007775,,0.2755675,0.9710611,0.9991778,0.0104451,65.99477,32.20467,,1.800567,58.29239,24.6675,,0.9158446,73.59502,39.87876,,2.812463,33.7901,18.50775,48.86191,1,2020-08-20,19:00:04 20 Aug 2020,40000
2020,President,Trump,Biden,,53,0.0013625,0.0544737,0.010875,0.989125,,0.7724138,0.7282699,0.0306961,0.996576,36.73236,61.07941,,2.188235,30.55556,54.73525,,1.1076,43.01397,67.26897,,3.427469,-24.34705,-36.64622,-11.81433,1,2020-08-20,19:00:04 20 Aug 2020,40000
2020,President,Trump,Biden,,51,0.01565,0.522884,0.0715,0.9285,,0.9776224,0.7768174,0.2554358,0.9978557,44.11911,54.87433,,1.006552,39.50648,50.1938,,0.518608,48.78446,59.5166,,1.55997,-10.75522,-20.00145,-1.449837,1,2020-08-20,19:00:04 20 Aug 2020,40000
2020,President,Trump,Biden,,50,0.0002,0.0867599,0.006875,0.993125,,0.6690909,0.7255381,0.0168098,0.9968526,31.2247,66.17101,,2.604299,23.29069,58.03051,,1.312266,39.32535,74.11835,,4.08991,-34.94631,-50.78911,-18.77485,1,2020-08-20,19:00:04 20 Aug 2020,40000
2020,President,Trump,Biden,,49,0.0005,0.0564975,0.949,0.051,,0.2869599,0.9740196,0.9951581,0.0687234,56.96915,39.78859,,3.242255,50.33789,33.28016,,1.623873,63.55907,46.30103,,5.107854,17.18056,4.167616,30.09605,1,2020-08-20,19:00:04 20 Aug 2020,40000
2020,President,Trump,Biden,,47,0.000775,0.0426539,0.948975,0.051025,,0.2876525,0.9867712,0.9975333,0.0696573,57.68515,41.23875,,1.07611,51.48749,35.12627,,0.5536515,63.82026,47.44769,,1.669238,16.4464,4.026184,28.68493,1,2020-08-20,19:00:04 20 Aug 2020,40000
2020,President,Trump,Biden,,46,0.0001625,0.0594959,0.961025,0.038975,,0.2839676,0.9807569,0.9972593,0.0528828,59.73003,38.83572,,1.434252,52.48746,31.67467,,0.7333013,66.95142,46.06234,,2.233338,20.89431,6.437227,35.26484,1,2020-08-20,19:00:04 20 Aug 2020,40000
2020,President,Trump,Biden,,45,0.00115,0.0751725,0.8758,0.1242,,0.3116865,0.9945652,0.9975333,0.170892,54.00351,45.11746,,0.8790311,49.05986,40.18925,,0.4541833,58.93288,50.05823,,1.359848,8.886056,-1.00036,18.74303,1,2020-08-20,19:00:04 20 Aug 2020,40000
2020,President,Trump,Biden,,44,0.0002625,0.0812618,0.01635,0.98365,,0.9296636,0.7336705,0.0555454,0.998409,37.56309,61.05071,,1.386199,30.94222,54.32636,,0.7092596,44.30422,67.67664,,2.157507,-23.48763,-36.71896,-10.06801,1,2020-08-20,19:00:04 20 Aug 2020,40000
2020,President,Trump,Biden,,48,0.0074,0.1106149,0.742125,0.257875,,0.3683342,0.9988366,0.9989037,0.3563449,52.05555,46.94074,,1.003707,46.90915,41.81849,,0.5171733,57.17513,52.07671,,1.555497,5.114805,-5.161129,15.34463,1,2020-08-20,19:00:04 20 Aug 2020,40000
2020,President,Trump,Biden,,41,0.0067125,0.4491535,0.08235,0.91765,,0.767456,0.7669863,0.2309519,0.9737142,41.56864,56.13416,,2.2972,34.96059,49.4289,,1.161373,48.25111,62.75307,,3.600797,-14.56552,-27.72621,-1.250547,1,2020-08-20,19:00:04 20 Aug 2020,40000
2020,President,Trump,Biden,,35,0.00895,1.550763,0.0871,0.9129,,0.9061424,0.7829444,0.2884158,0.9888285,43.02056,55.21675,,1.762689,37.27227,49.42746,,0.8970448,48.75172,60.9757,,2.75247,-12.19619,-23.67758,-0.7323875,1,2020-08-20,19:00:04 20 Aug 2020,40000
2020,President,Trump,Biden,,40,6.25e-05,0.0062361,0.992325,0.007675,,0.275565,0.9739414,0.9992691,0.0103414,63.36311,35.46624,,1.170642,57.13165,29.34243,,0.601182,69.51297,41.68613,,1.817728,27.89687,15.47962,40.12,1,2020-08-20,19:00:04 20 Aug 2020,40000
2020,President,Trump,Biden,,32,0.0266375,3.102858,0.214675,0.785325,,0.8554792,0.881514,0.6711127,0.9577353,45.89554,52.42857,,1.675896,40.56944,47.01987,,0.8538624,51.28809,57.78727,,2.615046,-6.533025,-17.13702,4.243631,1,2020-08-20,19:00:04 20 Aug 2020,40000
2020,President,Trump,Biden,,33,0.0131,2.43245,0.27985,0.72015,,0.7339646,0.9013747,0.7505938,0.8980389,46.30959,52.68394,,1.006476,39.22109,45.55842,,0.5185693,53.43097,59.80297,,1.559849,-6.37435,-20.58479,7.82918,1,2020-08-20,19:00:04 20 Aug 2020,40000
2020,President,Trump,Biden,,34,0.0073875,0.2695801,0.040525,0.959475,,0.7655768,0.7434534,0.1133747,0.9868571,40.587,58.55791,,0.8550891,34.20907,52.21893,,0.442063,46.9467,64.9345,,1.32233,-17.97092,-30.70893,-5.287334,1,2020-08-20,19:00:04 20 Aug 2020,40000
2020,President,Trump,Biden,,31,0.0,0.0,0.98475,0.01525,,0.2778878,1.0,1.0,0.0210978,58.94277,39.31619,,1.741038,53.51948,33.87196,,0.8865066,64.40283,44.7228,,2.71858,19.62658,8.858105,30.49806,1,2020-08-20,19:00:04 20 Aug 2020,40000
2020,President,Trump,Biden,,36,0.0007,0.0125013,0.00275,0.99725,,0.8636364,0.7244422,0.008679,0.9994812,36.9183,62.01247,,1.069231,31.75317,56.7709,,0.5501885,42.13886,67.18167,,1.658441,-25.09416,-35.40314,-14.66155,1,2020-08-20,19:00:04 20 Aug 2020,40000
2020,President,Trump,Biden,,37,0.0379625,1.078278,0.510125,0.489875,,0.5211958,0.9836183,0.9715878,0.6666206,49.71269,49.52964,,0.7576767,44.73641,44.55346,,0.3926575,54.67802,54.48668,,1.169884,0.1830504,-9.750429,10.13535,1,2020-08-20,19:00:04 20 Aug 2020,40000
2020,President,Trump,Biden,,38,5e-05,0.019275,0.985475,0.014525,,0.2773536,0.9776248,0.9988124,0.0196451,60.95077,36.4303,,2.618928,54.3576,29.92325,,1.319438,67.54895,42.98964,,4.113269,24.52047,11.47909,37.51722,1,2020-08-20,19:00:04 20 Aug 2020,40000
2020,President,Trump,Biden,,39,0.0295,0.7383429,0.543475,0.456525,,0.500713,0.9966596,0.9944272,0.6294746,49.91155,49.04582,,1.042626,44.74476,43.89526,,0.5367899,55.08311,54.22751,,1.616668,0.8657323,-9.471455,11.15026,1,2020-08-20,19:00:04 20 Aug 2020,40000
2020,President,Trump,Biden,,15,0.0005125,0.1716479,0.013725,0.986275,,0.571949,0.7213506,0.0281741,0.991879,32.49626,65.71811,,1.785628,24.16515,57.18703,,0.9069515,41.01113,74.10809,,2.793771,-33.22184,-49.93696,-16.1822,1,2020-08-19,23:52:08 19 Aug 2020,40000
2020,President,Trump,Biden,,26,0.0811125,2.291713,0.18735,0.81265,,0.9571657,0.8730696,0.643607,0.9891604,46.02032,52.8797,,1.099989,41.03648,47.83741,,0.5648524,51.04331,57.87124,,1.710108,-6.859378,-16.81436,3.178585,1,2020-08-19,23:52:08 19 Aug 2020,40000
2020,President,Trump,Biden,,25,0.000375,0.0160071,0.0042,0.9958,,0.7619048,0.719296,0.011485,0.9986058,33.94433,64.4092,,1.646466,27.41582,57.76519,,0.8378909,40.56533,70.96323,,2.573331,-30.46487,-43.49955,-17.26687,1,2020-08-19,23:52:08 19 Aug 2020,40000
2020,President,Trump,Biden,,24,0.0003625,0.01865,0.002375,0.997625,,0.7052631,0.7182809,0.0060117,0.9990241,35.68976,62.97514,,1.335097,30.49121,57.70893,,0.6827273,40.92902,68.1932,,2.080871,-27.28539,-37.66942,-16.84246,1,2020-08-19,23:52:08 19 Aug 2020,40000
2020,President,Trump,Biden,,23,0.003725,0.6942237,0.220125,0.779875,,0.7444634,0.8481488,0.5881561,0.9221707,45.0979,53.3714,,1.530696,38.21466,46.36909,,0.7793508,52.09419,60.26682,,2.39104,-8.273493,-22.01612,5.697496,1,2020-08-19,23:52:08 19 Aug 2020,40000
2020,President,Trump,Biden,,22,0.0018625,0.1308659,0.922225,0.077775,,0.2987612,0.9578913,0.988874,0.1038653,57.30011,41.86981,,0.8300747,50.44343,35.09821,,0.4287013,64.07036,48.7218,,1.285777,15.4303,1.713648,28.9641,1,2020-08-19,23:52:08 19 Aug 2020,40000
2020,President,Trump,Biden,,21,0.000225,0.0179652,0.975375,0.024625,,0.2852749,0.9847715,0.9986541,0.0338085,59.46778,39.36039,,1.171836,53.31409,33.21903,,0.6009338,65.62149,45.4865,,1.8233,20.1074,7.84083,32.39818,1,2020-08-19,23:52:08 19 Aug 2020,40000
2020,President,Trump,Biden,,20,0.000125,0.0139258,0.9274,0.0726,,0.300275,0.9979339,0.9994617,0.1010073,55.35152,42.8013,,1.84718,49.83958,37.29054,,0.9374521,60.84221,48.26009,,2.891348,12.55023,1.607548,23.46543,1,2020-08-19,23:52:08 19 Aug 2020,40000
2020,President,Trump,Biden,,19,0.002975,0.2695329,0.68625,0.31375,,0.4051366,0.9980876,0.9978465,0.4365829,51.43776,47.20684,,1.355403,45.68505,41.46511,,0.6928815,57.15239,52.97242,,2.112908,4.230915,-7.259708,15.65934,1,2020-08-19,23:52:08 19 Aug 2020,40000
2020,President,Trump,Biden,,18,8.75e-05,0.0045398,0.9491,0.0509,,0.2934359,0.9975442,0.9995514,0.0707887,56.27174,42.37035,,1.35791,50.90491,37.09757,,0.6941347,61.56339,47.70018,,2.116863,13.90138,3.231726,24.44503,1,2020-08-19,23:52:08 19 Aug 2020,40000
2020,President,Trump,Biden,,17,0.0007,0.017589,0.006175,0.993825,,0.9757085,0.7215807,0.021624,0.9997908,38.84521,59.68002,,1.474763,33.8436,54.62064,,0.7524561,43.85842,64.7196,,2.301683,-20.83481,-30.8333,-10.78701,1,2020-08-19,23:52:08 19 Aug 2020,40000
2020,President,Trump,Biden,,16,6.25e-05,0.0126439,0.993375,0.006625,,0.2803574,0.9811321,0.9995514,0.0090621,62.87608,34.14309,,2.980833,56.31359,27.71883,,1.494356,69.41611,40.63808,,4.697172,28.733,15.82122,41.59727,1,2020-08-19,23:52:08 19 Aug 2020,40000
2020,President,Trump,Biden,,28,0.0018,0.2130858,0.88895,0.11105,,0.3060915,0.9387663,0.9765815,0.1453417,56.02273,43.22392,,0.7533466,49.23371,36.49778,,0.3898116,62.7219,49.99766,,1.165397,12.79881,-0.746769,26.21912,1,2020-08-19,23:52:08 19 Aug 2020,40000
2020,President,Trump,Biden,,13,0.0131125,0.4321464,0.6753,0.3247,,0.4091885,0.9922236,0.9917452,0.4491653,51.16029,48.01103,,0.8286783,46.66415,43.52155,,0.4279945,55.64667,52.51943,,1.283581,3.149254,-5.846529,12.1019,1,2020-08-19,23:52:08 19 Aug 2020,40000
2020,President,Trump,Biden,,12,0.2226625,3.105995,0.35755,0.64245,,0.727171,0.9703868,0.9331539,0.8691576,48.12756,51.10445,,0.7679919,42.945,45.96043,,0.397244,53.2833,56.29995,,1.188353,-2.976884,-13.35019,7.335562,1,2020-08-19,23:52:08 19 Aug 2020,40000
2020,President,Trump,Biden,,11,0.0,0.0,0.0,1.0,,,0.717275,0.0,1.0,5.693897,90.88698,,3.419122,3.096492,87.4828,,1.707632,8.443557,94.03826,,5.399591,-85.19308,-90.67596,-79.39162,1,2020-08-19,23:52:08 19 Aug 2020,40000
2020,President,Trump,Biden,,10,3.75e-05,0.0111097,0.00215,0.99785,,0.9883721,0.7187954,0.0076267,0.9999651,37.87499,61.00213,,1.122886,33.14912,56.2489,,0.5763633,42.61636,65.73126,,1.746155,-23.12714,-32.56814,-13.65671,1,2020-08-19,23:52:08 19 Aug 2020,40000
2020,President,Trump,Biden,,09,0.000875,0.0763989,0.021225,0.978775,,0.9446408,0.7316288,0.0719605,0.9983618,40.17258,58.91432,,0.9131011,34.48508,53.12576,,0.4706661,45.95238,64.6108,,1.416321,-18.74174,-30.11279,-7.188793,1,2020-08-19,23:52:08 19 Aug 2020,40000
2020,President,Trump,Biden,,08,0.022275,1.084628,0.1446,0.8554,,0.8805325,0.8192658,0.4569762,0.9770311,44.41262,53.78131,,1.806068,38.7745,48.07516,,0.9170834,50.08473,59.41502,,2.82616,-9.368694,-20.57331,1.949337,1,2020-08-19,23:52:08 19 Aug 2020,40000
2020,President,Trump,Biden,,06,0.0017375,0.0176228,0.00275,0.99725,,0.6818182,0.7183755,0.0067295,0.9987801,33.85738,64.22142,,1.921202,28.05444,58.33726,,0.9741034,39.72709,70.05705,,3.008809,-30.36403,-41.93865,-18.69093,1,2020-08-19,23:52:08 19 Aug 2020,40000
2020,President,Trump,Biden,,05,0.00045,0.0561089,0.9323,0.0677,,0.2978387,0.9859675,0.9965904,0.0930605,56.70037,41.70844,,1.591197,50.33292,35.37365,,0.8104107,63.03072,48.02354,,2.48586,14.99193,2.363859,27.62765,1,2020-08-19,23:52:08 19 Aug 2020,40000
2020,President,Trump,Biden,,04,0.049375,2.502521,0.4477,0.5523,,0.5647755,0.9512041,0.9074922,0.7324248,48.76139,49.96121,,1.277397,42.93958,44.13903,,0.6538512,54.5708,55.79413,,1.98986,-1.199815,-12.82307,10.40271,1,2020-08-19,23:52:08 19 Aug 2020,40000
2020,President,Trump,Biden,,02,0.0019625,0.8754878,0.814025,0.185975,,0.3349099,0.9673343,0.9784657,0.2508104,53.71067,44.0895,,2.199819,46.62453,37.04145,,1.11162,60.75846,51.14213,,3.45156,9.62117,-4.428154,23.65582,1,2020-08-19,23:52:08 19 Aug 2020,40000
2020,President,Trump,Biden,,01,0.0002625,0.0184505,0.980025,0.019975,,0.2837428,0.9724656,0.998026,0.0270817,59.99559,39.22874,,0.7756683,54.06786,33.32646,,0.4011384,65.90839,45.13637,,1.20037,20.76685,8.963583,32.5555,1,2020-08-19,23:52:08 19 Aug 2020,40000
2020,President,Trump,Biden,,27,0.093725,4.352779,0.280275,0.719725,,0.8021586,0.9215673,0.8069089,0.924715,46.99334,51.59056,,1.416102,41.85856,46.42851,,0.723204,52.17188,56.73769,,2.208882,-4.597229,-14.85126,5.710701,1,2020-08-19,23:52:08 19 Aug 2020,40000
2020,President,Trump,Biden,,29,0.0013125,0.0651261,0.879325,0.120675,,0.3162085,0.9952351,0.9979363,0.1674393,54.37828,44.21446,,1.407257,48.74545,38.57423,,0.718789,60.03825,49.81678,,2.194887,10.16383,-1.067158,21.43604,1,2020-08-19,23:52:08 19 Aug 2020,40000
2020,President,Trump,Biden,,56,0.0,0.0,0.997925,0.002075,,0.2791292,0.9638554,0.9997308,0.0027883,68.74103,27.99642,,3.262555,61.90025,21.45354,,1.631578,75.44784,34.63465,,5.148394,40.74461,27.44745,53.81677,1,2020-08-19,23:52:08 19 Aug 2020,40000
2020,President,Trump,Biden,,42,0.221425,5.013418,0.2578,0.7422,,0.9063227,0.9352601,0.8385823,0.9677599,47.24964,52.03433,,0.7160311,42.53533,47.2383,,0.3708584,52.0306,56.74712,,1.106993,-4.784697,-14.20379,4.775984,1,2020-08-19,23:52:08 19 Aug 2020,40000
2020,President,Trump,Biden,,55,0.105725,4.923035,0.281525,0.718475,,0.8347394,0.9360799,0.8434275,0.937646,47.12963,51.89133,,0.9790345,41.79241,46.53622,,0.5039265,52.48883,57.23478,,1.51989,-4.761694,-15.41268,5.935259,1,2020-08-19,23:52:08 19 Aug 2020,40000
2020,President,Trump,Biden,,54,5e-05,0.0108251,0.992325,0.007675,,0.2806036,0.9771987,0.9993719,0.0104562,66.06821,32.12727,,1.804525,58.47861,24.70923,,0.9163188,73.52834,39.6489,,2.823715,33.94094,18.87122,48.82915,1,2020-08-19,23:52:08 19 Aug 2020,40000
2020,President,Trump,Biden,,53,0.0009125,0.0361752,0.011625,0.988375,,0.7784946,0.723182,0.0324809,0.9965146,36.80761,61.00192,,2.19047,30.62609,54.66925,,1.107018,43.13029,67.25209,,3.436672,-24.19431,-36.58279,-11.56959,1,2020-08-19,23:52:08 19 Aug 2020,40000
2020,President,Trump,Biden,,51,0.0161,0.5449603,0.072375,0.927625,,0.9772021,0.7715133,0.2538358,0.9977694,44.17562,54.81634,,1.008031,39.53316,50.14941,,0.5185487,48.81284,59.47446,,1.56547,-10.64072,-19.93815,-1.329445,1,2020-08-19,23:52:08 19 Aug 2020,40000
2020,President,Trump,Biden,,50,0.0003,0.1289748,0.00725,0.99275,,0.6413793,0.7199194,0.0166891,0.99641,31.28681,66.11564,,2.597558,23.34694,57.86251,,1.307017,39.46225,74.1259,,4.085176,-34.82883,-50.69891,-18.49091,1,2020-08-19,23:52:08 19 Aug 2020,40000
2020,President,Trump,Biden,,49,0.0005,0.0568523,0.952425,0.047575,,0.291309,0.9753022,0.9957829,0.0646893,57.06051,39.69188,,3.247612,50.49699,33.23066,,1.624312,63.62526,46.22646,,5.124459,17.36863,4.412024,30.24921,1,2020-08-19,23:52:08 19 Aug 2020,40000
2020,President,Trump,Biden,,48,0.0087125,0.1298552,0.7493,0.2507,,0.3715134,0.9988034,0.9991027,0.349099,52.1533,46.84143,,1.005264,46.96588,41.73497,,0.517154,57.25568,52.02003,,1.561118,5.311866,-5.028839,15.50336,1,2020-08-19,23:52:08 19 Aug 2020,40000
2020,President,Trump,Biden,,47,0.0005875,0.0323441,0.9523,0.0477,,0.2918198,0.9842767,0.997398,0.0654561,57.73566,41.18589,,1.078444,51.58575,35.08377,,0.5540131,63.85065,47.3228,,1.676211,16.54977,4.298717,28.74336,1,2020-08-19,23:52:08 19 Aug 2020,40000
2020,President,Trump,Biden,,46,0.000225,0.0818105,0.96315,0.03685,,0.2884546,0.9782904,0.9971288,0.0502597,59.8007,38.76857,,1.430725,52.60337,31.65736,,0.730502,66.9026,45.92886,,2.23203,21.03214,6.729992,35.23206,1,2020-08-19,23:52:08 19 Aug 2020,40000
2020,President,Trump,Biden,,45,0.00105,0.0681541,0.877925,0.122075,,0.3166842,0.9948802,0.9978465,0.1693214,54.02892,45.08964,,0.8814408,49.08179,40.1778,,0.4546758,58.93627,50.03349,,1.366566,8.939279,-0.9361057,18.74093,1,2020-08-19,23:52:08 19 Aug 2020,40000
2020,President,Trump,Biden,,44,0.0002875,0.0870615,0.015975,0.984025,,0.9233177,0.7277254,0.0529385,0.9983618,37.61679,61.00036,,1.382846,30.97017,54.25537,,0.7065977,44.33625,67.62465,,2.156282,-23.38357,-36.62213,-9.913071,1,2020-08-19,23:52:08 19 Aug 2020,40000
2020,President,Trump,Biden,,30,0.000775,0.2175227,0.8849,0.1151,,0.3122669,0.979583,0.9917452,0.1571922,55.30238,42.71023,,1.987387,48.52032,35.95971,,1.006843,62.08864,49.50532,,3.11378,12.59215,-0.9549179,26.07243,1,2020-08-19,23:52:08 19 Aug 2020,40000
2020,President,Trump,Biden,,41,0.007375,0.4959087,0.0844,0.9156,,0.775474,0.762997,0.2349035,0.973964,41.64614,56.06361,,2.29025,34.95092,49.36131,,1.156141,48.39864,62.75106,,3.595428,-14.41747,-27.7035,-1.07082,1,2020-08-19,23:52:08 19 Aug 2020,40000
2020,President,Trump,Biden,,39,0.02815,0.7028759,0.548925,0.451075,,0.5047138,0.9962866,0.9943472,0.6265379,49.95388,49.00125,,1.04487,44.80079,43.7912,,0.5371108,55.1414,54.13789,,1.623405,0.9526271,-9.343397,11.31686,1,2020-08-19,23:52:08 19 Aug 2020,40000
2020,President,Trump,Biden,,38,2.5e-05,0.0097551,0.9863,0.0137,,0.2823178,0.9872262,0.9993719,0.0188561,61.04275,36.33115,,2.626106,54.44208,29.82161,,1.321001,67.55653,42.85735,,4.130685,24.7116,11.67316,37.64253,1,2020-08-19,23:52:08 19 Aug 2020,40000
2020,President,Trump,Biden,,37,0.0397625,1.129001,0.5143,0.4857,,0.5262979,0.9830657,0.971467,0.6656792,49.7492,49.49154,,0.7592711,44.77792,44.51514,,0.3928187,54.72055,54.46431,,1.174683,0.2576607,-9.695507,10.2036,1,2020-08-19,23:52:08 19 Aug 2020,40000
2020,President,Trump,Biden,,36,0.0008625,0.0157864,0.003,0.997,,0.8416666,0.7189569,0.0090624,0.9993378,36.96106,61.96825,,1.070693,31.74021,56.65994,,0.5501119,42.26726,67.18842,,1.664018,-25.00719,-35.4361,-14.37937,1,2020-08-19,23:52:08 19 Aug 2020,40000
2020,President,Trump,Biden,,35,0.0092375,1.6043,0.088425,0.911575,,0.9163132,0.779146,0.290803,0.990206,43.0919,55.14369,,1.764401,37.39718,49.38499,,0.8964258,48.82473,60.8876,,2.76014,-12.05179,-23.46416,-0.6307468,1,2020-08-19,23:52:08 19 Aug 2020,40000
2020,President,Trump,Biden,,34,0.007,0.2546326,0.04155,0.95845,,0.7659447,0.7383275,0.1142216,0.9865811,40.61708,58.52675,,0.8561637,34.21018,52.09141,,0.4418987,47.06234,64.92821,,1.326809,-17.90966,-30.70082,-5.033144,1,2020-08-19,23:52:08 19 Aug 2020,40000
2020,President,Trump,Biden,,33,0.012675,2.342418,0.27575,0.72425,,0.7425204,0.8932689,0.7348587,0.9019553,46.25218,52.73069,,1.01713,39.21828,45.60268,,0.5231349,53.39032,59.73789,,1.579785,-6.478507,-20.48904,7.759678,1,2020-08-19,23:52:08 19 Aug 2020,40000
2020,President,Trump,Biden,,32,0.026525,3.089348,0.22095,0.77905,,0.859131,0.8816186,0.6812921,0.9575477,45.9642,52.35822,,1.677576,40.59309,46.97457,,0.853352,51.36041,57.7238,,2.622618,-6.394018,-17.08766,4.355625,1,2020-08-19,23:52:08 19 Aug 2020,40000
2020,President,Trump,Biden,,31,1.25e-05,0.0020916,0.985475,0.014525,,0.2827063,0.9982789,0.9999103,0.0202154,59.02435,39.23393,,1.741717,53.64053,33.86529,,0.883739,64.41911,44.62997,,2.725503,19.79043,9.037842,30.50579,1,2020-08-19,23:52:08 19 Aug 2020,40000
2020,President,Trump,Biden,,40,0.0001375,0.0134838,0.9922,0.0078,,0.2806894,0.9839743,0.9995514,0.0107002,63.43602,35.39087,,1.173113,57.24571,29.2715,,0.6015745,69.56961,41.55418,,1.825314,28.04515,15.70006,40.27137,1,2020-08-19,23:52:08 19 Aug 2020,40000
2020,President,Trump,Biden,,22,0.0015625,0.1092392,0.924275,0.075725,,0.2861973,0.9554308,0.9879552,0.0992319,57.67374,41.5359,,0.7903695,50.55768,34.49697,,0.4049092,64.72628,48.66225,,1.218701,16.13784,1.890425,30.20347,1,2020-08-18,19:23:03 18 Aug 2020,40000
2020,President,Trump,Biden,,18,0.000125,0.0064224,0.949675,0.050325,,0.2818596,0.9985097,0.9997199,0.0689206,56.23087,42.41161,,1.357517,50.91207,37.13874,,0.6878719,61.50725,47.73912,,2.108032,13.81925,3.209635,24.33203,1,2020-08-18,19:23:03 18 Aug 2020,40000
2020,President,Trump,Biden,,19,0.0032,0.2882656,0.682,0.318,,0.3920455,0.9988208,0.9985994,0.4356398,51.38314,47.26179,,1.355071,45.66776,41.58569,,0.6866581,57.04286,52.95974,,2.104185,4.121355,-7.246563,15.44602,1,2020-08-18,19:23:03 18 Aug 2020,40000
2020,President,Trump,Biden,,20,0.000175,0.0204387,0.926975,0.073025,,0.2887618,0.998973,0.9997199,0.1000549,55.31245,42.84325,,1.844299,49.78543,37.38788,,0.9281054,60.79371,48.32693,,2.875388,12.4692,1.493971,23.36584,1,2020-08-18,19:23:03 18 Aug 2020,40000
2020,President,Trump,Biden,,21,0.00025,0.0186535,0.97435,0.02565,,0.2746703,0.9951267,0.9995331,0.0350089,59.40003,39.42872,,1.171246,53.21588,33.27001,,0.5952874,65.54634,45.6202,,1.815147,19.97131,7.615896,32.26639,1,2020-08-18,19:23:03 18 Aug 2020,40000
2020,President,Trump,Biden,,27,0.090575,4.212461,0.2654,0.7346,,0.7986059,0.9213517,0.7915967,0.928302,46.82763,51.75307,,1.419301,41.69957,46.59937,,0.7185069,51.97625,56.8941,,2.205119,-4.925447,-15.15259,5.34116,1,2020-08-18,19:23:03 18 Aug 2020,40000
2020,President,Trump,Biden,,23,0.0034,0.6375644,0.214225,0.785775,,0.7202708,0.8520251,0.5762839,0.9182554,45.02969,53.43985,,1.530459,38.01314,46.48526,,0.7732635,52.00198,60.48437,,2.379781,-8.410168,-22.47364,5.51516,1,2020-08-18,19:23:03 18 Aug 2020,40000
2020,President,Trump,Biden,,24,0.0003125,0.0152546,0.002375,0.997625,,0.7578948,0.7302845,0.0067227,0.9992456,35.63979,63.0259,,1.334316,30.44494,57.77748,,0.6763584,40.8726,68.23042,,2.071547,-27.38611,-37.76075,-16.94986,1,2020-08-18,19:23:03 18 Aug 2020,40000
2020,President,Trump,Biden,,25,0.0002625,0.0110555,0.004425,0.995575,,0.819209,0.731537,0.0135387,0.9989027,33.93051,64.42018,,1.649306,27.43665,57.80495,,0.8321447,40.541,70.90257,,2.567612,-30.48967,-43.36882,-17.31569,1,2020-08-18,19:23:03 18 Aug 2020,40000
2020,President,Trump,Biden,,26,0.0797375,2.251564,0.18255,0.81745,,0.951794,0.88143,0.6489263,0.9882389,45.95651,52.9436,,1.099887,40.94161,47.93694,,0.5597618,50.94044,57.95485,,1.703058,-6.987088,-17.02384,2.969145,1,2020-08-18,19:23:03 18 Aug 2020,40000
2020,President,Trump,Biden,,16,6.25e-05,0.0112626,0.99345,0.00655,,0.2694147,0.9847328,0.9996265,0.0088465,62.81645,34.19135,,2.992194,56.27747,27.7356,,1.487741,69.33835,40.67344,,4.697535,28.6251,15.74906,41.52653,1,2020-08-18,19:23:03 18 Aug 2020,40000
2020,President,Trump,Biden,,17,0.0007875,0.0200549,0.007075,0.992925,,0.9823322,0.7341944,0.025957,0.9998628,38.8043,59.71586,,1.479845,33.81865,54.6879,,0.748494,43.79803,64.71902,,2.300437,-20.91156,-30.87826,-10.92528,1,2020-08-18,19:23:03 18 Aug 2020,40000
2020,President,Trump,Biden,,09,0.000875,0.075105,0.020175,0.979825,,0.9454771,0.7429898,0.0712418,0.9984913,40.12282,58.96519,,0.9119932,34.44839,53.26163,,0.4659291,45.84456,64.63695,,1.408825,-18.84237,-30.18089,-7.436937,1,2020-08-18,19:23:03 18 Aug 2020,40000
2020,President,Trump,Biden,,15,0.00065,0.21418,0.01385,0.98615,,0.5776173,0.7334584,0.0298786,0.992045,32.42069,65.7942,,1.785111,24.04449,57.27555,,0.8990133,40.93019,74.19275,,2.78189,-33.3735,-50.0834,-16.38045,1,2020-08-18,19:23:03 18 Aug 2020,40000
2020,President,Trump,Biden,,13,0.0135125,0.4421471,0.671475,0.328525,,0.3948397,0.9920098,0.990196,0.4469894,51.12657,48.04486,,0.828563,46.56025,43.52397,,0.4240981,55.64502,52.61041,,1.278327,3.081708,-6.029938,12.085,1,2020-08-18,19:23:03 18 Aug 2020,40000
2020,President,Trump,Biden,,12,0.2182875,3.049733,0.34775,0.65225,,0.7173257,0.97133,0.9316527,0.868948,48.06044,51.17194,,0.7676169,42.82871,45.99554,,0.3934685,53.24696,56.39072,,1.183179,-3.111497,-13.55128,7.240648,1,2020-08-18,19:23:03 18 Aug 2020,40000
2020,President,Trump,Biden,,11,0.0,0.0,0.0,1.0,,,0.7291,0.0,1.0,5.678924,90.89265,,3.42842,3.086482,87.45596,,1.698223,8.429838,94.04534,,5.393449,-85.21373,-90.70032,-79.38164,1,2020-08-18,19:23:03 18 Aug 2020,40000
2020,President,Trump,Biden,,10,3.75e-05,0.0113172,0.002725,0.997275,,0.9724771,0.731017,0.0098973,0.9998971,37.82708,61.05044,,1.122486,33.13625,56.29916,,0.571019,42.56984,65.74606,,1.738544,-23.22337,-32.58617,-13.71912,1,2020-08-18,19:23:03 18 Aug 2020,40000
2020,President,Trump,Biden,,08,0.021325,1.035895,0.13545,0.86455,,0.8818752,0.8251981,0.4461251,0.9785009,44.34346,53.8507,,1.805839,38.74781,48.22511,,0.9092045,49.95165,59.46712,,2.814602,-9.507242,-20.66527,1.654459,1,2020-08-18,19:23:03 18 Aug 2020,40000
2020,President,Trump,Biden,,06,0.001525,0.0154428,0.00255,0.99745,,0.6862745,0.730187,0.0065359,0.9989371,33.83564,64.24628,,1.918077,28.03313,58.37163,,0.9643298,39.6979,70.0395,,2.991808,-30.41064,-41.94408,-18.73321,1,2020-08-18,19:23:03 18 Aug 2020,40000
2020,President,Trump,Biden,,05,0.0005,0.0605627,0.930175,0.069825,,0.2870696,0.9892589,0.9972922,0.0947401,56.63365,41.77618,,1.590169,50.28633,35.47701,,0.8029914,62.93492,48.11027,,2.474348,14.85747,2.187569,27.41951,1,2020-08-18,19:23:03 18 Aug 2020,40000
2020,President,Trump,Biden,,04,0.0495625,2.508692,0.441275,0.558725,,0.5533398,0.9560159,0.9119514,0.7326155,48.71701,50.00629,,1.276696,42.89758,44.15744,,0.6477426,54.57577,55.82661,,1.980879,-1.289277,-12.94103,10.39049,1,2020-08-18,19:23:03 18 Aug 2020,40000
2020,President,Trump,Biden,,02,0.0022625,1.034486,0.81075,0.18925,,0.3232192,0.9693527,0.9787115,0.2516116,53.61161,44.18993,,2.198457,46.53975,37.21465,,1.101551,60.58677,51.24866,,3.435992,9.421688,-4.651749,23.30917,1,2020-08-18,19:23:03 18 Aug 2020,40000
2020,President,Trump,Biden,,01,0.0004125,0.0269121,0.979225,0.020775,,0.2728944,0.9735259,0.9980392,0.0277397,59.95936,39.2655,,0.7751381,54.0293,33.38376,,0.3972501,65.8335,45.19378,,1.19492,20.69385,8.851938,32.42219,1,2020-08-18,19:23:03 18 Aug 2020,40000
2020,President,Trump,Biden,,28,0.001625,0.1893368,0.888025,0.111975,,0.2953746,0.9499888,0.9796452,0.1458991,55.9769,43.26892,,0.7541802,49.24726,36.54658,,0.3867106,62.70689,49.97809,,1.162207,12.70799,-0.7274914,26.15738,1,2020-08-18,19:23:03 18 Aug 2020,40000
2020,President,Trump,Biden,,29,0.00125,0.0615302,0.87335,0.12665,,0.3060628,0.9962495,0.9983193,0.1730558,54.31828,44.27515,,1.406574,48.66321,38.64667,,0.7121996,59.958,49.95232,,2.185122,10.04313,-1.28023,21.26908,1,2020-08-18,19:23:03 18 Aug 2020,40000
2020,President,Trump,Biden,,35,0.00975,1.704112,0.08825,0.91175,,0.9073654,0.7910063,0.2990663,0.9891647,43.04184,55.19352,,1.764637,37.35633,49.43026,,0.8889433,48.82966,60.89297,,2.749569,-12.15167,-23.45685,-0.6270046,1,2020-08-18,19:23:03 18 Aug 2020,40000
2020,President,Trump,Biden,,30,0.000975,0.2635091,0.880375,0.119625,,0.3010649,0.9774294,0.989916,0.1603689,55.22201,42.79179,,1.986203,48.40918,36.00959,,0.9977426,62.01126,49.59039,,3.099548,12.43022,-1.134779,25.92414,1,2020-08-18,19:23:03 18 Aug 2020,40000
2020,President,Trump,Biden,,44,0.0003375,0.0994516,0.016625,0.983375,,0.9278196,0.7402313,0.0576097,0.9983884,37.57764,61.03456,,1.387797,30.96461,54.35682,,0.7028906,44.2749,67.64658,,2.155621,-23.45693,-36.6332,-10.11835,1,2020-08-18,19:23:03 18 Aug 2020,40000
2020,President,Trump,Biden,,56,2.5e-05,0.0135236,0.998275,0.001725,,0.2681876,0.9855072,0.9999066,0.0023316,68.66455,28.06088,,3.274569,61.87926,21.4557,,1.624086,75.39301,34.76436,,5.147946,40.60368,27.30279,53.7971,1,2020-08-18,19:23:03 18 Aug 2020,40000
2020,President,Trump,Biden,,55,0.110175,5.154567,0.274275,0.725725,,0.8238082,0.9400255,0.8438842,0.9356741,47.08591,51.93423,,0.979866,41.80104,46.63665,,0.4998754,52.3689,57.239,,1.514936,-4.848318,-15.40844,5.70289,1,2020-08-18,19:23:03 18 Aug 2020,40000
2020,President,Trump,Biden,,54,7.5e-05,0.0147641,0.991875,0.008125,,0.2698173,0.9815385,0.9995331,0.0109381,65.93708,32.26845,,1.794469,58.32242,24.80504,,0.9036149,73.4528,39.90522,,2.796644,33.66863,18.48075,48.56713,1,2020-08-18,19:23:03 18 Aug 2020,40000
2020,President,Trump,Biden,,53,0.0010375,0.0418163,0.0118,0.9882,,0.7563559,0.7349221,0.0333333,0.9960911,36.74414,61.06648,,2.189378,30.55574,54.76147,,1.097113,43.01891,67.27999,,3.421602,-24.32235,-36.64372,-11.79385,1,2020-08-18,19:23:03 18 Aug 2020,40000
2020,President,Trump,Biden,,51,0.0165375,0.5608265,0.069725,0.930275,,0.9749014,0.7818656,0.2538749,0.9975998,44.10921,54.88339,,1.007398,39.46114,50.25169,,0.5136285,48.73787,59.53108,,1.557979,-10.77418,-20.02306,-1.53406,1,2020-08-18,19:23:03 18 Aug 2020,40000
2020,President,Trump,Biden,,50,0.0002125,0.0944878,0.0081,0.9919,,0.7037037,0.7326344,0.0212885,0.9967083,31.24263,66.15012,,2.607248,23.28743,57.95037,,1.300882,39.3577,74.1465,,4.085179,-34.90749,-50.80978,-18.68855,1,2020-08-18,19:23:03 18 Aug 2020,40000
2020,President,Trump,Biden,,31,5e-05,0.0080873,0.9864,0.0136,,0.2714162,0.9981618,0.9999066,0.0186188,58.96863,39.28788,,1.743489,53.55916,33.90179,,0.8787224,64.34106,44.67773,,2.716611,19.68075,8.93841,30.39732,1,2020-08-18,19:23:03 18 Aug 2020,40000
2020,President,Trump,Biden,,48,0.00815,0.1225103,0.7422,0.2578,,0.3605497,0.9994181,0.9994398,0.3533809,52.07594,46.9197,,1.004353,46.93173,41.77825,,0.512108,57.23428,52.06747,,1.553212,5.156235,-5.101273,15.4127,1,2020-08-18,19:23:03 18 Aug 2020,40000
2020,President,Trump,Biden,,47,0.0005625,0.0318969,0.951025,0.048975,,0.2808812,0.9867279,0.9976657,0.0662803,57.67466,41.24754,,1.077809,51.49,35.13235,,0.5487588,63.78227,47.43094,,1.66841,16.42712,4.079103,28.59536,1,2020-08-18,19:23:03 18 Aug 2020,40000
2020,President,Trump,Biden,,46,0.000275,0.0999261,0.96195,0.03805,,0.2774053,0.9756899,0.9966387,0.0509189,59.73067,38.83344,,1.435891,52.5215,31.63763,,0.7267275,66.93634,46.04389,,2.231203,20.89723,6.496275,35.2723,1,2020-08-18,19:23:03 18 Aug 2020,40000
2020,President,Trump,Biden,,45,0.0007625,0.0500299,0.875225,0.124775,,0.3054643,0.9965939,0.9985061,0.1705527,53.99015,45.12897,,0.8808793,49.0128,40.20607,,0.4503444,58.9162,50.11241,,1.360122,8.861188,-1.074512,18.69971,1,2020-08-18,19:23:03 18 Aug 2020,40000
2020,President,Trump,Biden,,49,0.0004625,0.053717,0.952525,0.047475,,0.2798089,0.974197,0.9954248,0.0634344,56.97434,39.77938,,3.246282,50.44157,33.28958,,1.610452,63.53323,46.23512,,5.102798,17.19496,4.362341,30.11656,1,2020-08-18,19:23:03 18 Aug 2020,40000
2020,President,Trump,Biden,,42,0.2224125,5.032341,0.248225,0.751775,,0.8952563,0.9362509,0.829972,0.9653683,47.19522,52.08942,,0.7153493,42.47964,47.394,,0.3671648,51.8938,56.81081,,1.101702,-4.894201,-14.33083,4.486471,1,2020-08-18,19:23:03 18 Aug 2020,40000
2020,President,Trump,Biden,,40,7.5e-05,0.0071059,0.992525,0.007475,,0.2696909,0.9866221,0.9997199,0.0101152,63.37658,35.45087,,1.172553,57.1451,29.32094,,0.5959376,69.49622,41.66663,,1.817199,27.9257,15.48044,40.1697,1,2020-08-18,19:23:03 18 Aug 2020,40000
2020,President,Trump,Biden,,39,0.0290375,0.7283246,0.54505,0.45495,,0.4894046,0.997747,0.9962652,0.6225826,49.91022,49.04564,,1.044139,44.74991,43.92795,,0.5319669,55.03179,54.23054,,1.615589,0.86458,-9.473715,11.07613,1,2020-08-18,19:23:03 18 Aug 2020,40000
2020,President,Trump,Biden,,38,1.25e-05,0.0049118,0.9863,0.0137,,0.271317,0.9890511,0.9994398,0.0185846,60.96928,36.4062,,2.624524,54.38367,29.92409,,1.309287,67.48697,42.97625,,4.112638,24.56308,11.5161,37.49901,1,2020-08-18,19:23:03 18 Aug 2020,40000
2020,President,Trump,Biden,,37,0.0405125,1.153281,0.510775,0.489225,,0.5114287,0.9862538,0.9756302,0.6617748,49.70928,49.53149,,0.7592273,44.71112,44.54662,,0.3892494,54.68807,54.54156,,1.170084,0.1777808,-9.826332,10.14409,1,2020-08-18,19:23:03 18 Aug 2020,40000
2020,President,Trump,Biden,,36,0.001175,0.0212707,0.00355,0.99645,,0.8239437,0.7310703,0.0109244,0.9991428,36.93943,61.99019,,1.070379,31.72908,56.74995,,0.5450543,42.18821,67.2032,,1.656751,-25.05075,-35.4854,-14.58328,1,2020-08-18,19:23:03 18 Aug 2020,40000
2020,President,Trump,Biden,,34,0.0082375,0.2997799,0.04225,0.95775,,0.7378698,0.7498303,0.1164332,0.9849815,40.60487,58.53934,,0.8557915,34.20659,52.10218,,0.437763,47.03022,64.92274,,1.32088,-17.93447,-30.72449,-5.094149,1,2020-08-18,19:23:03 18 Aug 2020,40000
2020,President,Trump,Biden,,33,0.01175,2.189432,0.269525,0.730475,,0.7211761,0.8959239,0.725957,0.8976135,46.17005,52.81343,,1.01652,39.045,45.69542,,0.5181831,53.27948,59.92027,,1.57228,-6.643384,-20.85981,7.561987,1,2020-08-18,19:23:03 18 Aug 2020,40000
2020,President,Trump,Biden,,32,0.0279125,3.239033,0.215475,0.784525,,0.8511428,0.889073,0.6849673,0.9566589,45.91557,52.40668,,1.677741,40.58368,47.03687,,0.8461601,51.25513,57.76251,,2.612468,-6.491111,-17.14253,4.157393,1,2020-08-18,19:23:03 18 Aug 2020,40000
2020,President,Trump,Biden,,41,0.00655,0.4405078,0.08305,0.91695,,0.7757375,0.7750422,0.2406162,0.9747291,41.58856,56.11196,,2.299483,34.93268,49.40522,,1.150908,48.27828,62.76142,,3.596406,-14.5234,-27.73598,-1.157024,1,2020-08-18,19:23:03 18 Aug 2020,40000
2020,President,Trump,Biden,,21,0.0003,0.021438,0.975375,0.024625,,0.278944,0.986802,0.9988069,0.0335751,59.46487,39.36649,,1.168634,53.25087,33.21756,,0.5967973,65.62816,45.59756,,1.818374,20.09838,7.682156,32.36202,1,2020-08-17,22:43:02 17 Aug 2020,40000
2020,President,Trump,Biden,,17,0.0006375,0.0159784,0.006375,0.993625,,0.9764706,0.7282425,0.0228524,0.9997928,38.8239,59.70104,,1.475056,33.81109,54.65927,,0.7496351,43.85927,64.73419,,2.302629,-20.87714,-30.88048,-10.8443,1,2020-08-17,22:43:02 17 Aug 2020,40000
2020,President,Trump,Biden,,18,0.0,0.0,0.947475,0.052525,,0.2874482,0.9990481,0.9998164,0.0725043,56.26993,42.3754,,1.354673,50.84953,37.11073,,0.6897368,61.57477,47.78815,,2.112139,13.89453,3.100212,24.44227,1,2020-08-17,22:43:02 17 Aug 2020,40000
2020,President,Trump,Biden,,19,0.002775,0.2507929,0.686025,0.313975,,0.3963412,0.9984075,0.9981645,0.4331261,51.42629,47.22229,,1.351416,45.65276,41.51063,,0.6881136,57.1517,52.99846,,2.106997,4.203997,-7.30916,15.61854,1,2020-08-17,22:43:02 17 Aug 2020,40000
2020,President,Trump,Biden,,20,0.0001125,0.0125329,0.926975,0.073025,,0.2937512,0.9986306,0.9996329,0.1007599,55.39495,42.76899,,1.836056,49.8766,37.30458,,0.9284112,60.87476,48.30472,,2.874554,12.62596,1.610231,23.51166,1,2020-08-17,22:43:02 17 Aug 2020,40000
2020,President,Trump,Biden,,26,0.0793,2.242765,0.179325,0.820675,,0.9563642,0.8725744,0.6295888,0.9894301,45.89347,53.00539,,1.101139,40.86058,47.96756,,0.5630236,50.92393,58.077,,1.711978,-7.111914,-17.21517,2.932325,1,2020-08-17,22:43:02 17 Aug 2020,40000
2020,President,Trump,Biden,,22,0.0017375,0.122795,0.9227,0.0773,,0.2915357,0.9543985,0.9875184,0.1019344,57.65006,41.56202,,0.7879241,50.53146,34.49274,,0.4055185,64.69446,48.68192,,1.219832,16.08805,1.875187,30.18972,1,2020-08-17,22:43:02 17 Aug 2020,40000
2020,President,Trump,Biden,,23,0.0033,0.6187477,0.22395,0.77605,,0.7270596,0.854423,0.5977423,0.9161658,45.12159,53.3516,,1.526811,38.02878,46.29678,,0.7743947,52.16015,60.46006,,2.384802,-8.230014,-22.41053,5.867756,1,2020-08-17,22:43:02 17 Aug 2020,40000
2020,President,Trump,Biden,,24,0.0002375,0.0122548,0.00215,0.99785,,0.7674419,0.7248083,0.0060573,0.9993092,35.65252,63.01682,,1.330666,30.45622,57.79729,,0.6777701,40.87216,68.24022,,2.074184,-27.36431,-37.73051,-16.96116,1,2020-08-17,22:43:02 17 Aug 2020,40000
2020,President,Trump,Biden,,25,0.000225,0.0090482,0.004,0.996,,0.775,0.725753,0.0113803,0.9987565,33.92778,64.42357,,1.648656,27.43978,57.80897,,0.8357338,40.51444,70.93097,,2.57761,-30.49579,-43.43811,-17.33158,1,2020-08-17,22:43:02 17 Aug 2020,40000
2020,President,Trump,Biden,,15,0.0005125,0.1648753,0.01325,0.98675,,0.5584906,0.7276159,0.0271659,0.9920207,32.50093,65.71977,,1.779297,24.0357,57.14763,,0.9003758,41.06303,74.2254,,2.784587,-33.21884,-50.12608,-16.13057,1,2020-08-17,22:43:02 17 Aug 2020,40000
2020,President,Trump,Biden,,16,6.25e-05,0.0119101,0.9938,0.0062,,0.2740743,0.9959677,0.9999082,0.008532,62.84664,34.17117,,2.982193,56.2581,27.73122,,1.489919,69.38795,40.68211,,4.7015,28.67547,15.71824,41.5054,1,2020-08-17,22:43:02 17 Aug 2020,40000
2020,President,Trump,Biden,,28,0.0020875,0.2430149,0.88685,0.11315,,0.2998816,0.9416704,0.9763216,0.1472193,55.97497,43.27096,,0.7540726,49.23023,36.56779,,0.3884164,62.68176,50.03234,,1.166801,12.70401,-0.7866592,26.11071,1,2020-08-17,22:43:02 17 Aug 2020,40000
2020,President,Trump,Biden,,13,0.013275,0.4376546,0.67155,0.32845,,0.4014221,0.9910945,0.9896292,0.4497755,51.13607,48.03728,,0.826643,46.59443,43.52738,,0.4250479,55.65452,52.5712,,1.280565,3.098791,-5.967781,12.12368,1,2020-08-17,22:43:02 17 Aug 2020,40000
2020,President,Trump,Biden,,12,0.219875,3.072379,0.3485,0.6515,,0.7246054,0.9689179,0.9270374,0.8721935,48.0638,51.16668,,0.7695214,42.84855,45.98395,,0.3962235,53.26634,56.37581,,1.191008,-3.102876,-13.5325,7.269699,1,2020-08-17,22:43:02 17 Aug 2020,40000
2020,President,Trump,Biden,,11,0.0,0.0,0.0,1.0,,,0.72375,0.0,1.0,5.676956,90.90527,,3.417767,3.067395,87.50938,,1.701208,8.403423,94.08022,,5.398928,-85.22832,-90.71822,-79.42669,1,2020-08-17,22:43:02 17 Aug 2020,40000
2020,President,Trump,Biden,,10,2.5e-05,0.0072375,0.002175,0.997825,,0.9655172,0.7252524,0.0077093,0.9998963,37.84999,61.03032,,1.119687,33.11053,56.30665,,0.5723113,42.56744,65.7632,,1.741198,-23.18033,-32.64253,-13.75763,1,2020-08-17,22:43:02 17 Aug 2020,40000
2020,President,Trump,Biden,,09,0.000825,0.0727869,0.019925,0.980075,,0.9309912,0.737061,0.0680984,0.9981002,40.12884,58.96238,,0.908781,34.42286,53.2056,,0.4664255,45.89165,64.67989,,1.409558,-18.83354,-30.22015,-7.326759,1,2020-08-17,22:43:02 17 Aug 2020,40000
2020,President,Trump,Biden,,08,0.02165,1.052211,0.14145,0.85855,,0.8753977,0.8230738,0.4545705,0.9763731,44.39558,53.80315,,1.801265,38.71552,48.1272,,0.9112301,50.07604,59.48857,,2.81939,-9.407576,-20.73224,1.874125,1,2020-08-17,22:43:02 17 Aug 2020,40000
2020,President,Trump,Biden,,06,0.0016125,0.0161317,0.00255,0.99745,,0.6862745,0.7247983,0.0064244,0.9988946,33.87077,64.21972,,1.909507,28.04217,58.36824,,0.9646531,39.72205,70.02068,,2.99112,-30.34894,-41.92379,-18.71185,1,2020-08-17,22:43:02 17 Aug 2020,40000
2020,President,Trump,Biden,,05,0.0003625,0.0459752,0.931225,0.068775,,0.2914441,0.9854598,0.9963289,0.0936442,56.67319,41.74,,1.586812,50.28531,35.40607,,0.8050898,62.99197,48.1358,,2.47967,14.93319,2.180027,27.5802,1,2020-08-17,22:43:02 17 Aug 2020,40000
2020,President,Trump,Biden,,04,0.0487625,2.471527,0.439775,0.560225,,0.5626172,0.95301,0.908315,0.7376857,48.68647,50.0355,,1.278031,42.80972,44.17151,,0.6515133,54.56414,55.90648,,1.991061,-1.34903,-13.09959,10.31907,1,2020-08-17,22:43:02 17 Aug 2020,40000
2020,President,Trump,Biden,,02,0.002,0.8857661,0.8144,0.1856,,0.327818,0.970097,0.9800844,0.2487738,53.68859,44.11813,,2.193288,46.66346,37.15146,,1.104325,60.71388,51.11826,,3.442451,9.570463,-4.408619,23.46853,1,2020-08-17,22:43:02 17 Aug 2020,40000
2020,President,Trump,Biden,,01,0.0001875,0.0129832,0.9796,0.0204,,0.2775112,0.9730392,0.9979809,0.0274266,59.99119,39.2352,,0.773616,54.04756,33.3295,,0.3982921,65.90702,45.19233,,1.197421,20.75599,8.871719,32.56994,1,2020-08-17,22:43:02 17 Aug 2020,40000
2020,President,Trump,Biden,,27,0.093575,4.363351,0.2718,0.7282,,0.7954378,0.9194589,0.7936857,0.9251122,46.87809,51.70651,,1.4154,41.66338,46.54906,,0.7199802,52.01473,56.92832,,2.208175,-4.828417,-15.22668,5.439259,1,2020-08-17,22:43:02 17 Aug 2020,40000
2020,President,Trump,Biden,,56,0.0,0.0,0.998525,0.001475,,0.2727523,0.9661017,0.9998164,0.0019689,68.7505,27.9858,,3.263706,61.95101,21.41622,,1.626611,75.44357,34.65913,,5.15217,40.7647,27.46434,53.86512,1,2020-08-17,22:43:02 17 Aug 2020,40000
2020,President,Trump,Biden,,29,0.001075,0.0549949,0.873875,0.126125,,0.3109426,0.99445,0.9975221,0.1732988,54.36898,44.2271,,1.403915,48.61668,38.61306,,0.7142657,60.03179,49.96699,,2.189998,10.14188,-1.310001,21.39054,1,2020-08-17,22:43:02 17 Aug 2020,40000
2020,President,Trump,Biden,,42,0.2241125,5.074558,0.255625,0.744375,,0.8968215,0.9380689,0.8415933,0.9648014,47.23832,52.04714,,0.7145393,42.46564,47.29529,,0.3684202,51.98914,56.80659,,1.104924,-4.808822,-14.3284,4.690151,1,2020-08-17,22:43:02 17 Aug 2020,40000
2020,President,Trump,Biden,,55,0.1096875,5.124948,0.2793,0.7207,,0.8262621,0.9397114,0.8471916,0.9357513,47.1066,51.91372,,0.9796796,41.73734,46.59914,,0.5020697,52.40619,57.2621,,1.521037,-4.807128,-15.53589,5.773802,1,2020-08-17,22:43:02 17 Aug 2020,40000
2020,President,Trump,Biden,,54,0.000125,0.0267261,0.992475,0.007525,,0.2742386,0.9700997,0.999174,0.0100864,66.01731,32.19201,,1.790676,58.33355,24.69519,,0.9059985,73.52156,39.85556,,2.802627,33.8253,18.5173,48.74871,1,2020-08-17,22:43:02 17 Aug 2020,40000
2020,President,Trump,Biden,,53,0.0010375,0.0406462,0.010625,0.989375,,0.7764706,0.7291219,0.0302863,0.9967185,36.80128,61.01543,,2.183295,30.55669,54.71042,,1.099417,43.08781,67.2919,,3.426543,-24.21415,-36.69117,-11.73795,1,2020-08-17,22:43:02 17 Aug 2020,40000
2020,President,Trump,Biden,,51,0.0164625,0.5542364,0.0708,0.9292,,0.9756356,0.7770932,0.2535793,0.9976857,44.15646,54.83863,,1.004908,39.52192,50.20568,,0.5147359,48.77987,59.4689,,1.560647,-10.68217,-19.93771,-1.451521,1,2020-08-17,22:43:02 17 Aug 2020,40000
2020,President,Trump,Biden,,50,0.0001375,0.0582876,0.00785,0.99215,,0.6528662,0.726755,0.0188142,0.9962694,31.31195,66.08946,,2.598594,23.27036,57.77282,,1.302851,39.57412,74.19618,,4.087999,-34.77752,-50.80488,-18.25652,1,2020-08-17,22:43:02 17 Aug 2020,40000
2020,President,Trump,Biden,,49,0.0006,0.0682656,0.9517,0.0483,,0.2848849,0.9725673,0.9953194,0.064905,57.02476,39.73702,,3.238225,50.49939,33.30614,,1.614266,63.51794,46.22009,,5.111317,17.28774,4.426973,30.06153,1,2020-08-17,22:43:02 17 Aug 2020,40000
2020,President,Trump,Biden,,48,0.008325,0.1247667,0.744475,0.255525,,0.3654925,0.998826,0.9988987,0.3526425,52.08374,46.91489,,1.00137,46.88234,41.78563,,0.5129584,57.21834,52.12711,,1.555092,5.168844,-5.22896,15.42872,1,2020-08-17,22:43:02 17 Aug 2020,40000
2020,President,Trump,Biden,,47,0.0006625,0.036956,0.95095,0.04905,,0.2858457,0.9882773,0.9978892,0.0669775,57.72404,41.20015,,1.075803,51.55195,35.06334,,0.5503232,63.86202,47.36838,,1.672077,16.52389,4.20068,28.78599,1,2020-08-17,22:43:02 17 Aug 2020,40000
2020,President,Trump,Biden,,46,0.00015,0.0610086,0.9645,0.0355,,0.2816226,0.978169,0.9971549,0.0479793,59.79473,38.77407,,1.431195,52.62764,31.6046,,0.7278354,66.92765,45.96208,,2.233178,21.02066,6.736383,35.29199,1,2020-08-17,22:43:02 17 Aug 2020,40000
2020,President,Trump,Biden,,45,0.0008625,0.0549843,0.874425,0.125575,,0.31089,0.9956201,0.9979809,0.1727461,54.01875,45.10233,,0.8789219,48.99307,40.13621,,0.4513936,58.99862,50.11116,,1.362619,8.916417,-1.106596,18.85184,1,2020-08-17,22:43:02 17 Aug 2020,40000
2020,President,Trump,Biden,,44,0.000275,0.0866635,0.015875,0.984125,,0.9212598,0.7341801,0.0536894,0.9983074,37.57741,61.03932,,1.383272,30.92515,54.31905,,0.7039856,44.32693,67.71405,,2.157332,-23.46191,-36.78733,-10.00162,1,2020-08-17,22:43:02 17 Aug 2020,40000
2020,President,Trump,Biden,,30,0.0008,0.2165789,0.883025,0.116975,,0.3062767,0.9829023,0.9928414,0.1588601,55.31417,42.70408,,1.981752,48.45915,35.97778,,1.000283,62.06445,49.5493,,3.105882,12.61008,-1.038359,26.0108,1,2020-08-17,22:43:02 17 Aug 2020,40000
2020,President,Trump,Biden,,41,0.0067625,0.4538262,0.084825,0.915175,,0.7633363,0.7692518,0.2377019,0.9727116,41.63612,56.07217,,2.291708,34.94038,49.34483,,1.152603,48.38033,62.763,,3.598824,-14.43605,-27.71242,-1.023193,1,2020-08-17,22:43:02 17 Aug 2020,40000
2020,President,Trump,Biden,,39,0.0288,0.7226517,0.55115,0.44885,,0.4919713,0.9969366,0.9954112,0.6182729,49.95243,49.0058,,1.04177,44.7468,43.8139,,0.5332469,55.13781,54.19328,,1.618544,0.9466324,-9.430023,11.30196,1,2020-08-17,22:43:02 17 Aug 2020,40000
2020,President,Trump,Biden,,38,2.5e-05,0.0111235,0.986625,0.013375,,0.27589,0.9850467,0.9992658,0.0182038,61.02655,36.35417,,2.619284,54.4178,29.89046,,1.312949,67.55286,42.95848,,4.121042,24.67238,11.57052,37.56252,1,2020-08-17,22:43:02 17 Aug 2020,40000
2020,President,Trump,Biden,,37,0.0378125,1.071944,0.512725,0.487275,,0.5158711,0.9828639,0.9709985,0.6617271,49.74694,49.4959,,0.7571643,44.72904,44.52114,,0.3899791,54.73203,54.52146,,1.17165,0.2510434,-9.778559,10.21116,1,2020-08-17,22:43:02 17 Aug 2020,40000
2020,President,Trump,Biden,,36,0.001025,0.0183421,0.0029,0.9971,,0.8965517,0.7255792,0.0095448,0.99962,36.9218,62.01038,,1.06782,31.73276,56.74797,,0.5463189,42.18872,67.19533,,1.659507,-25.08858,-35.44355,-14.59579,1,2020-08-17,22:43:02 17 Aug 2020,40000
2020,President,Trump,Biden,,35,0.009475,1.649327,0.089625,0.910375,,0.9057183,0.7860497,0.2979993,0.9887392,43.08352,55.15561,,1.76088,37.32495,49.37656,,0.8912733,48.84927,60.9291,,2.755365,-12.07209,-23.55381,-0.5942955,1,2020-08-17,22:43:02 17 Aug 2020,40000
2020,President,Trump,Biden,,34,0.00825,0.2989789,0.041975,0.958025,,0.7569982,0.7450223,0.1166483,0.986183,40.55759,58.58865,,0.8537651,34.1448,52.13531,,0.4387193,47.04469,65.01268,,1.323101,-18.03106,-30.87049,-5.080408,1,2020-08-17,22:43:02 17 Aug 2020,40000
2020,President,Trump,Biden,,33,0.0113375,2.100526,0.274875,0.725125,,0.7292405,0.8965351,0.7358664,0.8982384,46.22823,52.75731,,1.014464,39.12768,45.57598,,0.5195366,53.40796,59.88596,,1.575655,-6.529085,-20.74574,7.822195,1,2020-08-17,22:43:02 17 Aug 2020,40000
2020,President,Trump,Biden,,32,0.0275375,3.218946,0.218275,0.781725,,0.8517925,0.8852218,0.6825441,0.9561313,45.93081,52.39543,,1.673756,40.52058,47.01829,,0.8481686,51.32437,57.82106,,2.617354,-6.464616,-17.27522,4.266188,1,2020-08-17,22:43:02 17 Aug 2020,40000
2020,President,Trump,Biden,,31,0.0,0.0,0.9866,0.0134,,0.2760237,0.994403,0.9997247,0.0184111,59.01365,39.24792,,1.738435,53.58361,33.93509,,0.8783658,64.36487,44.65244,,2.719583,19.76572,8.976215,30.38259,1,2020-08-17,22:43:02 17 Aug 2020,40000
2020,President,Trump,Biden,,40,7.5e-05,0.0071668,0.99285,0.00715,,0.2741351,0.9685315,0.999174,0.0095682,63.42215,35.40807,,1.169774,57.1756,29.30504,,0.5973675,69.55624,41.64547,,1.820174,28.01408,15.56748,40.21393,1,2020-08-17,22:43:02 17 Aug 2020,40000
2020,President,Trump,Biden,,21,0.0002875,0.020205,0.972925,0.027075,,0.2896164,0.9889197,0.9989365,0.0374738,59.47448,39.3514,,1.174119,53.16718,33.15563,,0.6011834,65.68279,45.64462,,1.831267,20.12308,7.516403,32.51546,1,2020-08-16,20:17:02 16 Aug 2020,40000
2020,President,Trump,Biden,,17,0.0005,0.0124586,0.00735,0.99265,,0.9965987,0.7197652,0.0259683,0.999965,38.90611,59.61127,,1.482624,33.88868,54.50144,,0.7554249,44.0078,64.64722,,2.319511,-20.70516,-30.716,-10.552,1,2020-08-16,20:17:02 16 Aug 2020,40000
2020,President,Trump,Biden,,18,0.0001125,0.0059218,0.947375,0.052625,,0.2976382,0.9980997,0.9996455,0.0735129,56.32729,42.31356,,1.359142,50.9176,36.95877,,0.6937997,61.69634,47.73025,,2.123938,14.01373,3.212856,24.72726,1,2020-08-16,20:17:02 16 Aug 2020,40000
2020,President,Trump,Biden,,19,0.003225,0.2929849,0.687975,0.312025,,0.4092445,0.9981572,0.9981388,0.4358992,51.49852,47.14417,,1.357315,45.69349,41.33524,,0.6928867,57.31868,52.96301,,2.121047,4.35435,-7.246014,15.94834,1,2020-08-16,20:17:02 16 Aug 2020,40000
2020,President,Trump,Biden,,20,0.000275,0.032528,0.925725,0.074275,,0.3045721,0.9983171,0.9995568,0.1037789,55.45362,42.70699,,1.839382,49.80369,37.14357,,0.932623,61.04504,48.33664,,2.885944,12.74663,1.528881,23.86455,1,2020-08-16,20:17:02 16 Aug 2020,40000
2020,President,Trump,Biden,,26,0.0755625,2.133906,0.185525,0.814475,,0.9582267,0.8678904,0.6302402,0.9893282,45.96547,52.92876,,1.105766,40.91862,47.82397,,0.5668726,51.06043,57.97308,,1.723229,-6.963296,-17.06128,3.231655,1,2020-08-16,20:17:02 16 Aug 2020,40000
2020,President,Trump,Biden,,22,0.00155,0.1093154,0.926425,0.073575,,0.3012117,0.9578661,0.9892759,0.0986354,57.7388,41.46946,,0.7917386,50.66009,34.36875,,0.4085295,64.85239,48.53469,,1.228198,16.26934,2.139481,30.47039,1,2020-08-16,20:17:02 16 Aug 2020,40000
2020,President,Trump,Biden,,23,0.003625,0.6826074,0.221,0.779,,0.7513575,0.8469833,0.5886732,0.923443,45.13726,53.32785,,1.534882,38.15136,46.22117,,0.7808372,52.24712,60.3198,,2.401764,-8.190588,-22.09411,6.001825,1,2020-08-16,20:17:02 16 Aug 2020,40000
2020,President,Trump,Biden,,24,0.0002875,0.0141184,0.002775,0.997225,,0.7297297,0.7157362,0.0071789,0.9989503,35.75251,62.91451,,1.332986,30.51331,57.6334,,0.6807274,41.04982,68.16525,,2.082565,-27.162,-37.64163,-16.59142,1,2020-08-16,20:17:02 16 Aug 2020,40000
2020,President,Trump,Biden,,25,0.0003875,0.0163204,0.00555,0.99445,,0.7927928,0.7173312,0.0155987,0.9983905,34.09335,64.24645,,1.660192,27.56843,57.54366,,0.8437628,40.82749,70.80994,,2.601132,-30.1531,-43.21508,-16.72639,1,2020-08-16,20:17:02 16 Aug 2020,40000
2020,President,Trump,Biden,,15,0.0005625,0.1862682,0.01525,0.98475,,0.6,0.7193958,0.0324382,0.9914976,32.6295,65.58141,,1.789084,24.19449,56.97961,,0.9077069,41.2179,74.03303,,2.805912,-32.95191,-49.85948,-15.7801,1,2020-08-16,20:17:02 16 Aug 2020,40000
2020,President,Trump,Biden,,16,5e-05,0.0104339,0.9938,0.0062,,0.2837844,0.9919355,0.9998227,0.0086074,62.88737,34.11415,,2.998481,56.19302,27.6684,,1.502109,69.46019,40.76853,,4.737961,28.77322,15.54112,41.68117,1,2020-08-16,20:17:02 16 Aug 2020,40000
2020,President,Trump,Biden,,09,0.001125,0.0990442,0.025825,0.974175,,0.9273959,0.7315164,0.0849065,0.9973758,40.25449,58.83281,,0.9127035,34.5036,52.99651,,0.4696679,46.09254,64.58559,,1.418584,-18.57833,-30.07624,-6.926012,1,2020-08-16,20:17:02 16 Aug 2020,40000
2020,President,Trump,Biden,,13,0.014875,0.4901774,0.664575,0.335425,,0.4200805,0.9910561,0.989719,0.4652554,51.0786,48.09255,,0.8288492,46.48974,43.48359,,0.4273042,55.67198,52.66799,,1.286564,2.986048,-6.175354,12.17981,1,2020-08-16,20:17:02 16 Aug 2020,40000
2020,President,Trump,Biden,,12,0.22165,3.094622,0.36315,0.63685,,0.7273166,0.9711863,0.9363644,0.8656403,48.18706,51.04089,,0.7720509,42.90416,45.76767,,0.3985608,53.45498,56.33423,,1.19723,-2.853828,-13.41707,7.679762,1,2020-08-16,20:17:02 16 Aug 2020,40000
2020,President,Trump,Biden,,11,0.0,0.0,0.0,1.0,,,0.7145,0.0,1.0,5.733147,90.83344,,3.43341,3.127651,87.38815,,1.713832,8.49823,94.01493,,5.436886,-85.1003,-90.63023,-79.25916,1,2020-08-16,20:17:02 16 Aug 2020,40000
2020,President,Trump,Biden,,10,8.75e-05,0.0270496,0.00255,0.99745,,0.9313725,0.7161512,0.0084197,0.9997551,37.94793,60.92996,,1.122104,33.17909,56.13158,,0.5750781,42.76096,65.70055,,1.749071,-22.98203,-32.49744,-13.38319,1,2020-08-16,20:17:02 16 Aug 2020,40000
2020,President,Trump,Biden,,08,0.021925,1.066301,0.146625,0.853375,,0.888832,0.818837,0.4620225,0.9779916,44.50809,53.68423,,1.807681,38.86287,47.98835,,0.9169217,50.21479,59.31705,,2.835485,-9.176135,-20.38901,2.144184,1,2020-08-16,20:17:02 16 Aug 2020,40000
2020,President,Trump,Biden,,06,0.0016375,0.0163324,0.003475,0.996525,,0.7410072,0.7160884,0.0091288,0.9987404,33.98849,64.09908,,1.912434,28.14994,58.15427,,0.9687759,39.93306,69.95387,,3.002154,-30.11059,-41.78667,-18.27902,1,2020-08-16,20:17:02 16 Aug 2020,40000
2020,President,Trump,Biden,,05,0.0006,0.0745286,0.929225,0.070775,,0.3027523,0.989403,0.9973412,0.0980056,56.71388,41.69648,,1.589644,50.24193,35.29185,,0.8087049,63.12083,48.14346,,2.489174,15.0174,2.11132,27.80645,1,2020-08-16,20:17:02 16 Aug 2020,40000
2020,President,Trump,Biden,,04,0.0449625,2.281484,0.452,0.548,,0.5698562,0.9529653,0.9131437,0.7308958,48.83369,49.8849,,1.281404,42.96614,43.97263,,0.6549267,54.74294,55.78918,,2.001008,-1.051212,-12.78286,10.76719,1,2020-08-16,20:17:02 16 Aug 2020,40000
2020,President,Trump,Biden,,02,0.0016625,0.7714952,0.814,0.186,,0.3389435,0.9666666,0.9781086,0.2516445,53.72503,44.07445,,2.200518,46.57589,36.97496,,1.110957,60.84195,51.17147,,3.460903,9.650585,-4.551411,23.81193,1,2020-08-16,20:17:02 16 Aug 2020,40000
2020,President,Trump,Biden,,01,0.000275,0.0175407,0.9789,0.0211,,0.2876188,0.9751185,0.9981388,0.0287964,60.03529,39.18821,,0.7764928,54.05097,33.25914,,0.4008104,65.96439,45.15504,,1.204216,20.84708,8.876047,32.70139,1,2020-08-16,20:17:02 16 Aug 2020,40000
2020,President,Trump,Biden,,28,0.0021625,0.2556639,0.88785,0.11215,,0.310807,0.944494,0.9782859,0.1482505,56.01855,43.22401,,0.7574465,49.21115,36.43192,,0.3911619,62.81983,50.02605,,1.174265,12.79454,-0.8076305,26.39328,1,2020-08-16,20:17:02 16 Aug 2020,40000
2020,President,Trump,Biden,,27,0.0887125,4.141584,0.2781,0.7219,,0.8016002,0.9150852,0.790304,0.9245626,46.93689,51.64262,,1.42049,41.7624,46.43188,,0.7244337,52.17179,56.83378,,2.221115,-4.705741,-15.04827,5.748518,1,2020-08-16,20:17:02 16 Aug 2020,40000
2020,President,Trump,Biden,,29,0.0013375,0.0671947,0.8746,0.1254,,0.3218614,0.9954147,0.9979615,0.1747026,54.41253,44.18014,,1.407336,48.63115,38.46571,,0.7178682,60.14497,49.92268,,2.200265,10.23239,-1.255959,21.64719,1,2020-08-16,20:17:02 16 Aug 2020,40000
2020,President,Trump,Biden,,56,6.25e-05,0.0361726,0.998125,0.001875,,0.2825297,0.96,0.9997341,0.0025192,68.7122,28.00659,,3.281206,61.82036,21.36876,,1.639925,75.43508,34.78797,,5.191916,40.70562,27.21611,53.91604,1,2020-08-16,20:17:02 16 Aug 2020,40000
2020,President,Trump,Biden,,42,0.2304,5.21305,0.2635,0.7365,,0.9000949,0.9356755,0.8408225,0.9644856,47.32796,51.95522,,0.7168218,42.51458,47.1036,,0.3705761,52.18813,56.77258,,1.110403,-4.627251,-14.25882,5.080982,1,2020-08-16,20:17:02 16 Aug 2020,40000
2020,President,Trump,Biden,,30,0.0010125,0.2723681,0.88145,0.11855,,0.3170344,0.9778575,0.990694,0.1622463,55.33612,42.67461,,1.989267,48.4198,35.84742,,1.006755,62.2077,49.61568,,3.124311,12.66152,-1.15456,26.3258,1,2020-08-16,20:17:02 16 Aug 2020,40000
2020,President,Trump,Biden,,55,0.1078125,5.02413,0.282725,0.717275,,0.8403042,0.9350668,0.8422405,0.9386984,47.13305,51.87968,,0.9872689,41.79517,46.45291,,0.5072712,52.56381,57.25516,,1.536193,-4.746622,-15.45777,6.094362,1,2020-08-16,20:17:02 16 Aug 2020,40000
2020,President,Trump,Biden,,54,7.5e-05,0.0141293,0.991625,0.008375,,0.2842557,0.9761194,0.9992909,0.0114416,66.00887,32.19629,,1.794849,58.22774,24.66032,,0.9105636,73.56449,39.93205,,2.815072,33.81258,18.36331,48.87474,1,2020-08-16,20:17:02 16 Aug 2020,40000
2020,President,Trump,Biden,,53,0.0012875,0.0515889,0.012625,0.987375,,0.7940594,0.7210026,0.0355402,0.9963611,36.90593,60.90407,,2.190002,30.71192,54.54621,,1.105777,43.27719,67.1254,,3.444122,-23.99814,-36.31227,-11.32632,1,2020-08-16,20:17:02 16 Aug 2020,40000
2020,President,Trump,Biden,,51,0.0166875,0.5610595,0.077875,0.922125,,0.9759229,0.7728345,0.2694319,0.9974108,44.25584,54.73603,,1.008123,39.5899,50.01078,,0.5177678,48.97417,59.42647,,1.569133,-10.48019,-19.83313,-1.044743,1,2020-08-16,20:17:02 16 Aug 2020,40000
2020,President,Trump,Biden,,50,0.0002375,0.1014901,0.008625,0.991375,,0.6927536,0.7180431,0.0211823,0.9962911,31.34403,66.04337,,2.612591,23.3834,57.81235,,1.313343,39.54969,74.07544,,4.119492,-34.69934,-50.65117,-18.28903,1,2020-08-16,20:17:02 16 Aug 2020,40000
2020,President,Trump,Biden,,49,0.0004375,0.0505993,0.951275,0.048725,,0.2949725,0.9697281,0.9947709,0.0661302,57.11148,39.64003,,3.248493,50.44886,33.1489,,1.624006,63.67958,46.30312,,5.139358,17.47144,4.354309,30.37828,1,2020-08-16,20:17:02 16 Aug 2020,40000
2020,President,Trump,Biden,,47,0.0005125,0.0285883,0.952025,0.047975,,0.295633,0.9869724,0.9977843,0.0662701,57.76594,41.15369,,1.080365,51.49459,34.92908,,0.5541057,63.99494,47.42902,,1.683123,16.61225,4.049498,29.04125,1,2020-08-16,20:17:02 16 Aug 2020,40000
2020,President,Trump,Biden,,46,0.0001875,0.0695444,0.960825,0.039175,,0.2925611,0.9751117,0.9965435,0.053464,59.79882,38.76244,,1.43873,52.45056,31.51868,,0.7335353,67.0416,46.11106,,2.249995,21.03638,6.350979,35.50563,1,2020-08-16,20:17:02 16 Aug 2020,40000
2020,President,Trump,Biden,,45,0.0007875,0.0512521,0.876775,0.123225,,0.32112,0.9957395,0.9981388,0.1717285,54.07174,45.04583,,0.8824315,49.05888,40.04099,,0.4543816,59.07354,50.06482,,1.370901,9.025909,-1.007223,19.01845,1,2020-08-16,20:17:02 16 Aug 2020,40000
2020,President,Trump,Biden,,44,0.0004625,0.143022,0.0185,0.9815,,0.9310811,0.7267193,0.0610653,0.9982855,37.69957,60.90992,,1.390518,30.96817,54.1254,,0.7094718,44.49961,67.64812,,2.173612,-23.21035,-36.669,-9.632175,1,2020-08-16,20:17:02 16 Aug 2020,40000
2020,President,Trump,Biden,,48,0.0120125,0.1810039,0.71265,0.28735,,0.3954255,0.999043,0.9990251,0.4017844,51.75387,47.25782,,0.9883164,46.52333,42.02934,,0.5077989,56.97079,52.50223,,1.537847,4.496049,-5.965914,14.92984,1,2020-08-16,20:17:02 16 Aug 2020,40000
2020,President,Trump,Biden,,41,0.00785,0.5280769,0.087575,0.912425,,0.7776192,0.7619804,0.2414252,0.9730581,41.70451,55.99089,,2.3046,35.07124,49.24181,,1.162182,48.44023,62.64261,,3.627063,-14.28639,-27.48285,-0.8328209,1,2020-08-16,20:17:02 16 Aug 2020,40000
2020,President,Trump,Biden,,35,0.0086625,1.503461,0.098125,0.901875,,0.9064968,0.7822315,0.3153417,0.9873688,43.18921,55.04227,,1.768523,37.4119,49.15741,,0.8975155,49.07783,60.86257,,2.773226,-11.85306,-23.37226,-0.1008358,1,2020-08-16,20:17:02 16 Aug 2020,40000
2020,President,Trump,Biden,,40,0.0001125,0.0107842,0.992425,0.007575,,0.2841021,0.9834983,0.9995568,0.0104269,63.42976,35.39747,,1.172774,57.16339,29.19823,,0.6005087,69.65154,41.66097,,1.829141,28.03229,15.54081,40.42721,1,2020-08-16,20:17:02 16 Aug 2020,40000
2020,President,Trump,Biden,,32,0.0272375,3.172304,0.227625,0.772375,,0.8611752,0.8850623,0.6949393,0.956753,46.07066,52.24881,,1.680534,40.67434,46.82274,,0.8538638,51.5267,57.66175,,2.633428,-6.178152,-16.93526,4.659279,1,2020-08-16,20:17:02 16 Aug 2020,40000
2020,President,Trump,Biden,,33,0.012325,2.293118,0.2786,0.7214,,0.7444364,0.8925007,0.7352654,0.9011196,46.28752,52.69286,,1.019617,39.18352,45.44944,,0.5235503,53.52351,59.80568,,1.587263,-6.405343,-20.5924,8.066938,1,2020-08-16,20:17:02 16 Aug 2020,40000
2020,President,Trump,Biden,,34,0.007375,0.2702317,0.04615,0.95385,,0.7860239,0.7388216,0.1286006,0.9863191,40.74673,58.39539,,0.8578832,34.40406,51.96032,,0.4419788,47.18518,64.75572,,1.332252,-17.64866,-30.35816,-4.77923,1,2020-08-16,20:17:02 16 Aug 2020,40000
2020,President,Trump,Biden,,31,1.25e-05,0.0022473,0.984175,0.015825,,0.286509,0.9936809,0.9996455,0.0220084,59.03381,39.22173,,1.744472,53.49689,33.78688,,0.8847445,64.52412,44.76373,,2.738549,19.81208,8.781168,30.67921,1,2020-08-16,20:17:02 16 Aug 2020,40000
2020,President,Trump,Biden,,36,0.0009375,0.0181023,0.00445,0.99555,,0.8483146,0.7170157,0.013383,0.9990553,37.07748,61.84872,,1.073794,31.80793,56.44543,,0.5508021,42.49213,67.15381,,1.672751,-24.77123,-35.31835,-13.95235,1,2020-08-16,20:17:02 16 Aug 2020,40000
2020,President,Trump,Biden,,37,0.03755,1.064813,0.51795,0.48205,,0.5299739,0.9839747,0.9731454,0.6638559,49.79053,49.4499,,0.7595736,44.75799,44.4231,,0.3922398,54.83177,54.47827,,1.177609,0.3406318,-9.695616,10.39949,1,2020-08-16,20:17:02 16 Aug 2020,40000
2020,President,Trump,Biden,,38,5e-05,0.0205609,0.9842,0.0158,,0.2863747,0.9857595,0.9992023,0.0217985,61.03261,36.3427,,2.624698,54.3111,29.75629,,1.319275,67.67102,43.05328,,4.138869,24.68991,11.40172,37.81181,1,2020-08-16,20:17:02 16 Aug 2020,40000
2020,President,Trump,Biden,,39,0.02785,0.6991835,0.5542,0.4458,,0.5059094,0.9961866,0.9939733,0.6215535,50.01788,48.93646,,1.045667,44.78596,43.69989,,0.5366556,55.23552,54.16722,,1.628361,1.08142,-9.369148,11.50765,1,2020-08-16,20:17:02 16 Aug 2020,40000
2020,President,Trump,Biden,,15,0.0005875,0.1941149,0.013425,0.986575,,0.5735568,0.7232091,0.0277527,0.9921435,32.51857,65.67503,,1.806396,24.14646,57.09898,,0.9157898,41.09135,74.10281,,2.818114,-33.15647,-49.89464,-16.07319,1,2020-08-15,19:00:05 15 Aug 2020,40000
2020,President,Trump,Biden,,26,0.0795625,2.253718,0.18445,0.81555,,0.9578477,0.872448,0.6367814,0.9893972,45.86869,53.0192,,1.112106,40.73948,47.87289,,0.5699652,51.00504,58.15277,,1.724275,-7.150512,-17.38636,3.120447,1,2020-08-15,19:00:05 15 Aug 2020,40000
2020,President,Trump,Biden,,25,0.0003375,0.0142824,0.005075,0.994925,,0.7684729,0.7216373,0.0140566,0.9983661,34.01063,64.31931,,1.670069,27.37806,57.5739,,0.8482315,40.76485,70.96,,2.602784,-30.30868,-43.5426,-16.85142,1,2020-08-15,19:00:05 15 Aug 2020,40000
2020,President,Trump,Biden,,24,0.0003,0.0146073,0.002625,0.997375,,0.6476191,0.7201153,0.0061272,0.9987137,35.64926,63.00819,,1.342555,30.38139,57.70193,,0.6852576,40.95364,68.2897,,2.086509,-27.35893,-37.90984,-16.79302,1,2020-08-15,19:00:05 15 Aug 2020,40000
2020,President,Trump,Biden,,23,0.003375,0.6310502,0.2183,0.7817,,0.7503436,0.8504221,0.5903766,0.9243899,45.06126,53.39815,,1.540589,38.02222,46.27966,,0.7839917,52.20118,60.47456,,2.397441,-8.336883,-22.41844,5.899944,1,2020-08-15,19:00:05 15 Aug 2020,40000
2020,President,Trump,Biden,,22,0.0014625,0.1001012,0.922575,0.077425,,0.2977807,0.9644818,0.9901784,0.1038379,57.60447,41.59583,,0.7997113,50.50319,34.51582,,0.4126242,64.67265,48.71439,,1.234795,16.00864,1.795752,30.16465,1,2020-08-15,19:00:05 15 Aug 2020,40000
2020,President,Trump,Biden,,21,0.0003,0.0223205,0.971625,0.028375,,0.2851666,0.9867842,0.9986484,0.0389349,59.37743,39.44492,,1.177647,53.02932,33.17575,,0.6028175,65.62897,45.80134,,1.827336,19.93251,7.242376,32.44667,1,2020-08-15,19:00:05 15 Aug 2020,40000
2020,President,Trump,Biden,,20,0.0002125,0.0252831,0.924425,0.075575,,0.3000514,0.9990076,0.9997297,0.1049851,55.36578,42.78595,,1.848263,49.70801,37.19002,,0.9365181,60.94804,48.39006,,2.884223,12.57983,1.350939,23.70572,1,2020-08-15,19:00:05 15 Aug 2020,40000
2020,President,Trump,Biden,,19,0.003175,0.2904776,0.67785,0.32215,,0.4087556,0.9986807,0.9986484,0.4473684,51.39226,47.24399,,1.36375,45.5424,41.38673,,0.6958375,57.23618,53.11025,,2.119864,4.148269,-7.557146,15.81266,1,2020-08-15,19:00:05 15 Aug 2020,40000
2020,President,Trump,Biden,,18,0.000125,0.0063247,0.944925,0.055075,,0.2935154,0.9981843,0.9996396,0.0764444,56.21798,42.41504,,1.366982,50.75337,37.01165,,0.6974504,61.63293,47.87209,,2.124954,13.80294,2.934565,24.62932,1,2020-08-15,19:00:05 15 Aug 2020,40000
2020,President,Trump,Biden,,17,0.0006875,0.0174218,0.0071,0.9929,,0.9823943,0.7241666,0.0251397,0.9998262,38.79018,59.71091,,1.498905,33.66889,54.55951,,0.76318,43.96358,64.85416,,2.332525,-20.92073,-31.13954,-10.64766,1,2020-08-15,19:00:05 15 Aug 2020,40000
2020,President,Trump,Biden,,16,3.75e-05,0.0063659,0.99285,0.00715,,0.2793473,0.986014,0.9996396,0.0098032,62.74801,34.21681,,3.035179,56.07121,27.70273,,1.518485,69.35599,40.83111,,4.770671,28.5312,15.39915,41.51619,1,2020-08-15,19:00:05 15 Aug 2020,40000
2020,President,Trump,Biden,,28,0.0019875,0.2313419,0.88475,0.11525,,0.3067251,0.9466377,0.9781042,0.1517069,55.90075,43.3388,,0.760447,49.1302,36.60392,,0.3927631,62.64942,50.09506,,1.173444,12.56196,-0.9487915,26.03806,1,2020-08-15,19:00:05 15 Aug 2020,40000
2020,President,Trump,Biden,,13,0.01415,0.4665459,0.654275,0.345725,,0.4200833,0.9922627,0.990629,0.4770215,50.96593,48.20152,,0.8325537,46.34155,43.63501,,0.4292137,55.52203,52.83511,,1.286118,2.764405,-6.489336,11.85077,1,2020-08-15,19:00:05 15 Aug 2020,40000
2020,President,Trump,Biden,,12,0.22205,3.106306,0.35195,0.64805,,0.7382441,0.9723787,0.936475,0.8762428,48.04601,51.17609,,0.7778963,42.70211,45.87886,,0.4015946,53.35447,56.5211,,1.200731,-3.130086,-13.7946,7.461931,1,2020-08-15,19:00:05 15 Aug 2020,40000
2020,President,Trump,Biden,,11,0.0,0.0,0.0,1.0,,,0.71915,0.0,1.0,5.692624,90.84425,,3.463128,3.06981,87.41797,,1.726268,8.461744,94.04694,,5.454483,-85.15163,-90.71582,-79.30825,1,2020-08-15,19:00:05 15 Aug 2020,40000
2020,President,Trump,Biden,,10,8.75e-05,0.0261821,0.0025,0.9975,,0.99,0.7209273,0.0089205,0.9999653,37.83022,61.03688,,1.132908,33.0524,56.20016,,0.5803977,42.6579,65.82143,,1.756991,-23.20666,-32.74773,-13.54596,1,2020-08-15,19:00:05 15 Aug 2020,40000
2020,President,Trump,Biden,,09,0.0010125,0.0869523,0.024575,0.975425,,0.9450661,0.7358844,0.0837088,0.9981228,40.15903,58.91908,,0.9218885,34.34376,53.02991,,0.474315,46.03503,64.71617,,1.4259,-18.76005,-30.35377,-7.014826,1,2020-08-15,19:00:05 15 Aug 2020,40000
2020,President,Trump,Biden,,08,0.0215125,1.047054,0.14475,0.85525,,0.887392,0.8222449,0.4629663,0.9778558,44.39984,53.77352,,1.826644,38.68128,48.00921,,0.925813,50.17313,59.48273,,2.850084,-9.373675,-20.72672,2.113695,1,2020-08-15,19:00:05 15 Aug 2020,40000
2020,President,Trump,Biden,,06,0.0015375,0.015159,0.002425,0.997575,,0.6597938,0.7200712,0.0057668,0.9988528,33.85476,64.22434,,1.920899,28.0153,58.27947,,0.9724613,39.75832,70.07645,,2.998985,-30.36958,-41.97721,-18.55679,1,2020-08-15,19:00:05 15 Aug 2020,40000
2020,President,Trump,Biden,,05,0.0004375,0.0554178,0.924875,0.075125,,0.2992567,0.991015,0.9975671,0.103525,56.58204,41.81904,,1.598926,50.06931,35.3835,,0.8129115,63.03883,48.32901,,2.490468,14.763,1.746758,27.62861,1,2020-08-15,19:00:05 15 Aug 2020,40000
2020,President,Trump,Biden,,04,0.0480875,2.433736,0.443775,0.556225,,0.5661653,0.9510989,0.9055686,0.7356254,48.70363,50.00657,,1.289796,42.74051,44.0393,,0.6589072,54.67989,55.98256,,2.003544,-1.302945,-13.21625,10.61817,1,2020-08-15,19:00:05 15 Aug 2020,40000
2020,President,Trump,Biden,,02,0.0016625,0.7525325,0.81115,0.18885,,0.3340936,0.965184,0.9767526,0.2534589,53.67041,44.11718,,2.212407,46.56244,37.03988,,1.116213,60.77106,51.23841,,3.461026,9.553224,-4.599775,23.65511,1,2020-08-15,19:00:05 15 Aug 2020,40000
2020,President,Trump,Biden,,01,0.000175,0.0117423,0.97935,0.02065,,0.2829938,0.9854721,0.9989187,0.0282973,59.92171,39.29895,,0.7793416,53.95105,33.35022,,0.4023259,65.87903,45.28219,,1.202987,20.62276,8.669228,32.52007,1,2020-08-15,19:00:05 15 Aug 2020,40000
2020,President,Trump,Biden,,27,0.0916375,4.273635,0.27625,0.72375,,0.8047059,0.9210708,0.8012254,0.9269624,46.86573,51.70567,,1.428603,41.62769,46.44174,,0.7281793,52.10382,56.95358,,2.221952,-4.839938,-15.28235,5.631601,1,2020-08-15,19:00:05 15 Aug 2020,40000
2020,President,Trump,Biden,,56,2.5e-05,0.0132775,0.997975,0.002025,,0.2779629,0.9753087,0.9998198,0.0027463,68.63074,28.04926,,3.320006,61.76001,21.362,,1.65693,75.45144,34.80262,,5.225866,40.58147,27.14042,53.93956,1,2020-08-15,19:00:05 15 Aug 2020,40000
2020,President,Trump,Biden,,29,0.0011875,0.0592624,0.86775,0.13225,,0.3191011,0.9956522,0.9980177,0.1830981,54.302,44.28127,,1.416729,48.49529,38.5101,,0.7222634,60.08783,50.0755,,2.203288,10.02073,-1.535585,21.5584,1,2020-08-15,19:00:05 15 Aug 2020,40000
2020,President,Trump,Biden,,42,0.2267125,5.136493,0.2605,0.7395,,0.9006718,0.9385734,0.8456479,0.9651325,47.24149,52.0373,,0.7212151,42.37579,47.17614,,0.3728623,52.11218,56.91451,,1.112092,-4.795809,-14.5159,4.943054,1,2020-08-15,19:00:05 15 Aug 2020,40000
2020,President,Trump,Biden,,30,0.000825,0.2266889,0.8793,0.1207,,0.3128909,0.9805303,0.9916201,0.1645693,55.22636,42.77775,,1.995897,48.3433,35.94373,,1.009527,62.09712,49.69931,,3.117652,12.44861,-1.265141,26.11036,1,2020-08-15,19:00:05 15 Aug 2020,40000
2020,President,Trump,Biden,,55,0.10575,4.934933,0.27775,0.72225,,0.8430243,0.937314,0.8439358,0.9413544,47.05073,51.95732,,0.9919444,41.64117,46.53411,,0.5096009,52.46311,57.37054,,1.535607,-4.90659,-15.73638,5.923832,1,2020-08-15,19:00:05 15 Aug 2020,40000
2020,President,Trump,Biden,,54,2.5e-05,0.0049039,0.9918,0.0082,,0.2795927,0.9817073,0.9994594,0.0111938,65.91953,32.27452,,1.80595,58.13619,24.67148,,0.9155692,73.53473,40.01821,,2.81741,33.645,18.2068,48.83959,1,2020-08-15,19:00:05 15 Aug 2020,40000
2020,President,Trump,Biden,,53,0.0011375,0.045341,0.011825,0.988175,,0.8139535,0.7255547,0.0346909,0.9969756,36.80861,60.98096,,2.210427,30.56334,54.5966,,1.115239,43.1694,67.2543,,3.457889,-24.17235,-36.64906,-11.45278,1,2020-08-15,19:00:05 15 Aug 2020,40000
2020,President,Trump,Biden,,51,0.016275,0.5493987,0.074625,0.925375,,0.9711893,0.774848,0.2612182,0.9970451,44.1371,54.8459,,1.017005,39.37759,50.0955,,0.5222052,48.88752,59.61573,,1.574922,-10.70881,-20.21127,-1.227074,1,2020-08-15,19:00:05 15 Aug 2020,40000
2020,President,Trump,Biden,,50,0.0001875,0.0828794,0.0076,0.9924,,0.7171053,0.7224909,0.0196432,0.9970104,31.26065,66.09552,,2.64383,23.29463,57.94637,,1.327597,39.34335,74.10533,,4.146837,-34.83488,-50.74543,-18.68695,1,2020-08-15,19:00:05 15 Aug 2020,40000
2020,President,Trump,Biden,,49,0.0007875,0.0902089,0.947925,0.052075,,0.2917161,0.9817571,0.9966661,0.0710909,57.00425,39.72499,,3.270764,50.33289,33.15468,,1.633036,63.64856,46.29789,,5.147217,17.27926,4.16811,30.37306,1,2020-08-15,19:00:05 15 Aug 2020,40000
2020,President,Trump,Biden,,47,0.0003625,0.019836,0.9478,0.0522,,0.2922821,0.9913793,0.9984682,0.07196,57.64661,41.26719,,1.086199,51.33791,35.02125,,0.5569657,63.88564,47.55859,,1.683541,16.37943,3.823017,28.83385,1,2020-08-15,19:00:05 15 Aug 2020,40000
2020,President,Trump,Biden,,46,0.0002375,0.0850337,0.9603,0.0397,,0.2882693,0.9842569,0.9977474,0.054335,59.71323,38.83146,,1.455316,52.40209,31.55648,,0.7414796,67.0079,46.12814,,2.263942,20.88178,6.303654,35.47465,1,2020-08-15,19:00:05 15 Aug 2020,40000
2020,President,Trump,Biden,,45,0.000675,0.0433267,0.866575,0.133425,,0.3198511,0.9979389,0.9990088,0.1851491,53.94696,45.16765,,0.8853915,48.82778,40.11868,,0.4559009,59.0017,50.28202,,1.368755,8.779313,-1.403376,18.86243,1,2020-08-15,19:00:05 15 Aug 2020,40000
2020,President,Trump,Biden,,44,0.0003875,0.1162356,0.018375,0.981625,,0.9346939,0.7313893,0.061903,0.9983314,37.57259,61.021,,1.406411,30.83391,54.21706,,0.717119,44.39983,67.78108,,2.18705,-23.44841,-36.92014,-9.834751,1,2020-08-15,19:00:05 15 Aug 2020,40000
2020,President,Trump,Biden,,48,0.0102125,0.153558,0.7019,0.2981,,0.3948212,0.9989098,0.9988286,0.4140652,51.64303,47.36046,,0.9965099,46.38416,42.16217,,0.5118977,56.85856,52.61156,,1.542768,4.282569,-6.21629,14.67755,1,2020-08-15,19:00:05 15 Aug 2020,40000
2020,President,Trump,Biden,,41,0.0065625,0.442728,0.084525,0.915475,,0.7737356,0.7647942,0.2357181,0.9735799,41.5783,56.08729,,2.334405,34.8861,49.32751,,1.176135,48.36568,62.79785,,3.654464,-14.50899,-27.8507,-1.023075,1,2020-08-15,19:00:05 15 Aug 2020,40000
2020,President,Trump,Biden,,35,0.009925,1.744435,0.093925,0.906075,,0.9097684,0.7845653,0.3079834,0.9884934,43.04927,55.16416,,1.786576,37.17354,49.2843,,0.9059755,48.93816,61.06615,,2.786796,-12.11489,-23.83394,-0.3621788,1,2020-08-15,19:00:05 15 Aug 2020,40000
2020,President,Trump,Biden,,40,0.000125,0.0118459,0.992425,0.007575,,0.2794166,0.980198,0.9994594,0.0103247,63.33745,35.48426,,1.178297,57.02467,29.20536,,0.6031431,69.63181,41.75645,,1.828356,27.85319,15.25231,40.42249,1,2020-08-15,19:00:05 15 Aug 2020,40000
2020,President,Trump,Biden,,32,0.026675,3.11208,0.2221,0.7779,,0.8592976,0.8849466,0.6878717,0.9572412,45.93718,52.36486,,1.697962,40.40876,46.88499,,0.8620671,51.43242,57.90013,,2.646839,-6.427689,-17.46272,4.515278,1,2020-08-15,19:00:05 15 Aug 2020,40000
2020,President,Trump,Biden,,33,0.0128,2.389525,0.275275,0.724725,,0.7428027,0.8952016,0.7369797,0.9021414,46.22007,52.75174,,1.028201,39.05439,45.50599,,0.5278339,53.47839,59.91296,,1.592491,-6.531669,-20.83221,7.945921,1,2020-08-15,19:00:05 15 Aug 2020,40000
2020,President,Trump,Biden,,34,0.006675,0.2425781,0.042575,0.957425,,0.7909572,0.7419641,0.1213732,0.9877981,40.63636,58.49776,,0.8658822,34.24179,52.0459,,0.44605,47.0788,64.89114,,1.338252,-17.8614,-30.65031,-4.979591,1,2020-08-15,19:00:05 15 Aug 2020,40000
2020,President,Trump,Biden,,31,0.0,0.0,0.98375,0.01625,,0.2820076,0.9984615,0.9999099,0.0225614,58.92398,39.31693,,1.759089,53.38932,33.87173,,0.8912882,64.36725,44.84784,,2.742921,19.60705,8.581921,30.49081,1,2020-08-15,19:00:05 15 Aug 2020,40000
2020,President,Trump,Biden,,36,0.0007875,0.0145849,0.003775,0.996225,,0.8476821,0.7212979,0.0115336,0.9992005,36.98167,61.93515,,1.083176,31.64465,56.54402,,0.5554483,42.36136,67.28459,,1.678794,-24.95348,-35.61208,-14.18767,1,2020-08-15,19:00:05 15 Aug 2020,40000
2020,President,Trump,Biden,,37,0.0398375,1.139021,0.503925,0.496075,,0.5360421,0.9847301,0.9735988,0.6792741,49.62946,49.60478,,0.7657606,44.53899,44.55148,,0.395453,54.69611,54.70454,,1.181753,0.0246865,-10.17088,10.13318,1,2020-08-15,19:00:05 15 Aug 2020,40000
2020,President,Trump,Biden,,38,1.25e-05,0.0048442,0.984875,0.015125,,0.2816347,0.9950413,0.9997297,0.0209275,60.94097,36.42159,,2.637447,54.26887,29.84978,,1.32448,67.53285,43.08411,,4.136673,24.51938,11.232,37.61126,1,2020-08-15,19:00:05 15 Aug 2020,40000
2020,President,Trump,Biden,,39,0.026775,0.6717929,0.542875,0.457125,,0.5087267,0.9971014,0.9954046,0.6338038,49.90663,49.04083,,1.052538,44.62139,43.75217,,0.5400633,55.20709,54.34773,,1.630689,0.8657981,-9.70117,11.42954,1,2020-08-15,19:00:05 15 Aug 2020,40000
2020,President,Trump,Biden,,16,0.0,0.0,0.993225,0.006775,,0.2692492,0.9926199,0.9998131,0.0092218,62.69247,34.26006,,3.047478,55.97217,27.76614,,1.529973,69.31378,40.91253,,4.786379,28.43241,15.15071,41.41148,1,2020-08-14,19:00:02 14 Aug 2020,40000
2020,President,Trump,Biden,,27,0.090375,4.20145,0.26695,0.73305,,0.7956546,0.9224132,0.7940929,0.9272197,46.80196,51.76401,,1.434034,41.60751,46.58743,,0.7337921,51.99984,56.94578,,2.228261,-4.962049,-15.33323,5.364021,1,2020-08-14,19:00:02 14 Aug 2020,40000
2020,President,Trump,Biden,,26,0.075925,2.1387,0.176225,0.823775,,0.9580082,0.8765136,0.6311805,0.9901268,45.80533,53.07843,,1.116233,40.78587,47.97562,,0.5743266,50.90649,58.09746,,1.72821,-7.2731,-17.29809,2.912729,1,2020-08-14,19:00:02 14 Aug 2020,40000
2020,President,Trump,Biden,,25,0.000425,0.017864,0.00485,0.99515,,0.7731959,0.7316988,0.01402,0.9984916,33.95195,64.37205,,1.676001,27.37511,57.66453,,0.8544168,40.63071,70.96709,,2.609567,-30.4201,-43.5457,-17.05145,1,2020-08-14,19:00:02 14 Aug 2020,40000
2020,President,Trump,Biden,,24,0.0002375,0.0118486,0.001975,0.998025,,0.6455696,0.7299917,0.0047668,0.9990401,35.56512,63.08788,,1.346991,30.36239,57.82936,,0.6902531,40.84002,68.28267,,2.09099,-27.52276,-37.89174,-17.00799,1,2020-08-14,19:00:02 14 Aug 2020,40000
2020,President,Trump,Biden,,23,0.0034625,0.641297,0.214575,0.785425,,0.732145,0.8556832,0.5873446,0.9215975,45.00165,53.45196,,1.546391,37.98755,46.39739,,0.7899421,52.0756,60.46285,,2.406555,-8.450303,-22.4189,5.662674,1,2020-08-14,19:00:02 14 Aug 2020,40000
2020,President,Trump,Biden,,22,0.0016,0.1115526,0.92105,0.07895,,0.287308,0.9629512,0.9893448,0.1042509,57.59365,41.60378,,0.8025773,50.41963,34.51572,,0.4157578,64.68897,48.76361,,1.237135,15.98987,1.679216,30.15022,1,2020-08-14,19:00:02 14 Aug 2020,40000
2020,President,Trump,Biden,,21,0.00025,0.0181079,0.97225,0.02775,,0.2748264,0.9900901,0.9989719,0.0376757,59.33487,39.48312,,1.182003,53.07781,33.29398,,0.6074187,65.52998,45.7346,,1.831524,19.85175,7.360834,32.21086,1,2020-08-14,19:00:02 14 Aug 2020,40000
2020,President,Trump,Biden,,20,0.000275,0.03333,0.922225,0.077775,,0.2899509,0.9990357,0.9997196,0.1065478,55.29095,42.85357,,1.855477,49.68238,37.29976,,0.9435308,60.85865,48.43246,,2.892925,12.43739,1.316284,23.49371,1,2020-08-14,19:00:02 14 Aug 2020,40000
2020,President,Trump,Biden,,19,0.00285,0.2590275,0.6783,0.3217,,0.3934837,0.9982126,0.9978502,0.4403497,51.32958,47.30151,,1.368909,45.50737,41.5782,,0.7012239,57.08222,53.11333,,2.125604,4.028066,-7.598097,15.48574,1,2020-08-14,19:00:02 14 Aug 2020,40000
2020,President,Trump,Biden,,18,0.0001,0.0050907,0.945975,0.054025,,0.2827506,1.0,1.0,0.074083,56.16903,42.45881,,1.372163,50.81902,37.11119,,0.7028523,61.53986,47.80513,,2.13074,13.71021,3.045086,24.39985,1,2020-08-14,19:00:02 14 Aug 2020,40000
2020,President,Trump,Biden,,17,0.0006125,0.0156883,0.006625,0.993375,,0.9773585,0.7339625,0.0242079,0.9997943,38.71273,59.78266,,1.504617,33.67638,54.66599,,0.7690416,43.82283,64.81913,,2.339484,-21.06993,-31.12927,-10.89638,1,2020-08-14,19:00:02 14 Aug 2020,40000
2020,President,Trump,Biden,,01,0.0002,0.0134992,0.979025,0.020975,,0.2726948,0.9761621,0.9981307,0.0280768,59.88784,39.33002,,0.7821355,53.86717,33.36593,,0.405367,65.87185,45.32955,,1.205212,20.55782,8.541311,32.48718,1,2020-08-14,19:00:02 14 Aug 2020,40000
2020,President,Trump,Biden,,15,0.0005,0.1670422,0.013675,0.986325,,0.5630713,0.7333536,0.0287877,0.9918752,32.38638,65.80023,,1.813397,23.96586,57.21411,,0.9226624,40.96471,74.24784,,2.826495,-33.41385,-50.25009,-16.29725,1,2020-08-14,19:00:02 14 Aug 2020,40000
2020,President,Trump,Biden,,13,0.01415,0.4661986,0.646075,0.353925,,0.40955,0.9915236,0.9892513,0.4812136,50.89821,48.26624,,0.8355532,46.35368,43.68792,,0.4325061,55.49761,52.82384,,1.288694,2.631972,-6.463297,11.8146,1,2020-08-14,19:00:02 14 Aug 2020,40000
2020,President,Trump,Biden,,12,0.2232,3.11851,0.3415,0.6585,,0.7308199,0.9723235,0.9330779,0.8779911,47.98724,51.23209,,0.7806772,42.73693,45.96301,,0.4046255,53.25143,56.46346,,1.202936,-3.244846,-13.70181,7.25045,1,2020-08-14,19:00:02 14 Aug 2020,40000
2020,President,Trump,Biden,,11,0.0,0.0,0.0,1.0,,,0.72925,0.0,1.0,5.683818,90.83886,,3.477323,3.09052,87.4224,,1.739556,8.448614,94.03779,,5.472936,-85.15504,-90.68497,-79.31556,1,2020-08-14,19:00:02 14 Aug 2020,40000
2020,President,Trump,Biden,,10,1.25e-05,0.0037801,0.00225,0.99775,,0.9333333,0.7307442,0.0078512,0.9997943,37.77792,61.08506,,1.137027,33.01836,56.29607,,0.5847914,42.57368,65.87012,,1.760874,-23.30714,-32.80667,-13.74186,1,2020-08-14,19:00:02 14 Aug 2020,40000
2020,President,Trump,Biden,,09,0.000875,0.0765149,0.02225,0.97775,,0.9370787,0.7444388,0.0779512,0.9981145,40.04643,59.04867,,0.9049025,34.31599,53.21913,,0.4676592,45.87235,64.79269,,1.397153,-19.00224,-30.45437,-7.371815,1,2020-08-14,19:00:02 14 Aug 2020,40000
2020,President,Trump,Biden,,08,0.0211125,1.029491,0.13825,0.86175,,0.8743219,0.8265158,0.4519114,0.9766884,44.29704,53.86937,,1.833594,38.61356,48.16447,,0.9326802,49.99351,59.53924,,2.858368,-9.572332,-20.90922,1.783459,1,2020-08-14,19:00:02 14 Aug 2020,40000
2020,President,Trump,Biden,,06,0.0016875,0.016926,0.0023,0.9977,,0.6630435,0.7301543,0.0057015,0.9989372,33.78637,64.28535,,1.928283,27.92918,58.3447,,0.9796025,39.68512,70.19595,,3.008158,-30.49899,-42.22835,-18.73357,1,2020-08-14,19:00:02 14 Aug 2020,40000
2020,President,Trump,Biden,,05,0.00035,0.0440882,0.9248,0.0752,,0.2881163,0.9863697,0.9961678,0.1017141,56.52818,41.86676,,1.605057,50.05076,35.44907,,0.8191203,63.00744,48.341,,2.4976,14.66143,1.767567,27.52562,1,2020-08-14,19:00:02 14 Aug 2020,40000
2020,President,Trump,Biden,,04,0.049775,2.511784,0.4403,0.5597,,0.5542812,0.9562265,0.9124217,0.7339047,48.66162,50.04372,,1.294652,42.74957,44.1565,,0.6640084,54.58914,55.9261,,2.008506,-1.382102,-13.14683,10.41672,1,2020-08-14,19:00:02 14 Aug 2020,40000
2020,President,Trump,Biden,,02,0.0018625,0.8545087,0.807275,0.192725,,0.3244248,0.9706836,0.9791569,0.2565307,53.54601,44.23285,,2.221143,46.42386,37.23992,,1.124372,60.57309,51.34526,,3.471989,9.313153,-4.812487,23.26055,1,2020-08-14,19:00:02 14 Aug 2020,40000
2020,President,Trump,Biden,,28,0.001975,0.2296864,0.8801,0.1199,,0.2974662,0.9516264,0.9787831,0.1564621,55.84914,43.38769,,0.763164,48.99057,36.64744,,0.3957179,62.61819,50.26392,,1.175604,12.46145,-1.296358,25.95295,1,2020-08-14,19:00:02 14 Aug 2020,40000
2020,President,Trump,Biden,,29,0.0011375,0.0561075,0.869575,0.130425,,0.3068453,0.9950163,0.9975699,0.1779568,54.2426,44.33529,,1.422108,48.48562,38.62385,,0.727831,59.96391,50.04283,,2.209457,9.907303,-1.532055,21.27642,1,2020-08-14,19:00:02 14 Aug 2020,40000
2020,President,Trump,Biden,,30,0.0008125,0.2269158,0.877475,0.122525,,0.3024018,0.9826566,0.9920554,0.1651011,55.17602,42.82027,,2.003706,48.23918,36.00394,,1.016979,62.0468,49.70052,,3.12764,12.35574,-1.402597,25.99547,1,2020-08-14,19:00:02 14 Aug 2020,40000
2020,President,Trump,Biden,,44,0.0002,0.0600105,0.0178,0.9822,,0.9227528,0.7410914,0.0614076,0.9981488,37.50562,61.08265,,1.41174,30.80135,54.28201,,0.7226479,44.32372,67.77845,,2.193113,-23.57703,-36.96829,-10.00423,1,2020-08-14,19:00:02 14 Aug 2020,40000
2020,President,Trump,Biden,,56,0.0,0.0,0.99815,0.00185,,0.2678706,0.9459459,0.9996262,0.0023997,68.55778,28.10866,,3.333563,61.6649,21.55588,,1.66957,75.34135,34.91177,,5.242938,40.44912,26.97572,53.61507,1,2020-08-14,19:00:02 14 Aug 2020,40000
2020,President,Trump,Biden,,55,0.1068,4.983101,0.2715,0.7285,,0.8276243,0.9387097,0.8400785,0.9377443,46.98098,52.02344,,0.9955804,41.63786,46.62714,,0.5135022,52.36971,57.35917,,1.539082,-5.042465,-15.69058,5.73554,1,2020-08-14,19:00:02 14 Aug 2020,40000
2020,President,Trump,Biden,,54,7.5e-05,0.0143426,0.991725,0.008275,,0.2694547,0.9697885,0.9990653,0.0110045,65.87357,32.31348,,1.81295,58.19759,24.8157,,0.9224404,73.45488,39.98957,,2.825788,33.56009,18.24905,48.56738,1,2020-08-14,19:00:02 14 Aug 2020,40000
2020,President,Trump,Biden,,53,0.0012375,0.0488518,0.011475,0.988525,,0.7494553,0.7348322,0.0321525,0.9960919,36.71994,61.06121,,2.218857,30.40353,54.66919,,1.123243,43.14069,67.3727,,3.468366,-24.34127,-36.92542,-11.56317,1,2020-08-14,19:00:02 14 Aug 2020,40000
2020,President,Trump,Biden,,51,0.01665,0.5611752,0.071775,0.928225,,0.9724835,0.7835385,0.260959,0.997326,44.05986,54.91945,,1.020692,39.3707,50.20901,,0.5261769,48.77225,59.60463,,1.578385,-10.85959,-20.22581,-1.45101,1,2020-08-14,19:00:02 14 Aug 2020,40000
2020,President,Trump,Biden,,50,0.00015,0.0680699,0.007375,0.992625,,0.6779661,0.7322755,0.0186933,0.9967432,31.17928,66.16631,,2.654419,23.18584,57.94815,,1.337542,39.34877,74.24492,,4.160497,-34.98703,-51.02858,-18.739,1,2020-08-14,19:00:02 14 Aug 2020,40000
2020,President,Trump,Biden,,49,0.0005125,0.0606144,0.9492,0.0508,,0.2806047,0.9773622,0.995794,0.0680836,56.9198,39.79609,,3.284115,50.30028,33.32588,,1.645472,63.48491,46.31612,,5.163852,17.12371,4.132483,29.98775,1,2020-08-14,19:00:02 14 Aug 2020,40000
2020,President,Trump,Biden,,48,0.0111125,0.1680063,0.69785,0.30215,,0.3826395,0.9985107,0.9983176,0.4137127,51.5611,47.43875,,1.000154,46.34484,42.24324,,0.5158115,56.76478,52.66983,,1.54624,4.122349,-6.304638,14.49261,1,2020-08-14,19:00:02 14 Aug 2020,40000
2020,President,Trump,Biden,,47,0.0007625,0.0406254,0.9462,0.0538,,0.2822078,0.9916357,0.9983176,0.0731574,57.60244,41.30734,,1.090216,51.32532,35.11269,,0.5612262,63.82893,47.58203,,1.687362,16.29511,3.739038,28.71056,1,2020-08-14,19:00:02 14 Aug 2020,40000
2020,President,Trump,Biden,,46,8.75e-05,0.0312043,0.960675,0.039325,,0.2776173,0.9802924,0.9971026,0.0528625,59.66568,38.87348,,1.460847,52.38196,31.69597,,0.7471883,66.8421,46.13813,,2.270545,20.7922,6.235861,35.12646,1,2020-08-14,19:00:02 14 Aug 2020,40000
2020,President,Trump,Biden,,45,0.0009125,0.0574337,0.8657,0.1343,,0.3082477,0.9953462,0.9976633,0.1833048,53.88854,45.22289,,0.888567,48.86776,40.18413,,0.4593868,58.93163,50.23344,,1.371629,8.665653,-1.348627,18.71925,1,2020-08-14,19:00:02 14 Aug 2020,40000
2020,President,Trump,Biden,,31,2.5e-05,0.0045241,0.983225,0.016775,,0.272013,0.9985097,0.9999065,0.0229688,58.87856,39.35555,,1.765894,53.38963,33.95965,,0.8982685,64.32605,44.85256,,2.753121,19.52301,8.569458,30.30348,1,2020-08-14,19:00:02 14 Aug 2020,40000
2020,President,Trump,Biden,,42,0.2273625,5.147575,0.252075,0.747925,,0.897352,0.941438,0.8456865,0.9655468,47.17587,52.10035,,0.7237821,42.39579,47.2952,,0.3756772,52.00223,56.87502,,1.114166,-4.924469,-14.46435,4.680962,1,2020-08-14,19:00:02 14 Aug 2020,40000
2020,President,Trump,Biden,,40,0.0001125,0.0110288,0.9921,0.0079,,0.2694537,0.9810126,0.9994392,0.0106274,63.27044,35.54687,,1.182691,56.9387,29.34499,,0.6077647,69.49466,41.86551,,1.832603,27.72357,15.08763,40.14651,1,2020-08-14,19:00:02 14 Aug 2020,40000
2020,President,Trump,Biden,,39,0.027075,0.6784018,0.53855,0.46145,,0.4939653,0.9968036,0.994579,0.6307508,49.85316,49.09043,,1.056413,44.6705,43.87979,,0.5441928,55.06526,54.27704,,1.634356,0.7627357,-9.606094,11.17146,1,2020-08-14,19:00:02 14 Aug 2020,40000
2020,President,Trump,Biden,,38,5e-05,0.023632,0.98385,0.01615,,0.2716877,0.9891641,0.9993457,0.0219061,60.86802,36.48396,,2.648018,54.16948,29.95685,,1.334401,67.48338,43.13004,,4.150321,24.38405,11.12278,37.41593,1,2020-08-14,19:00:02 14 Aug 2020,40000
2020,President,Trump,Biden,,37,0.0396625,1.12873,0.49325,0.50675,,0.5263558,0.9841638,0.9706514,0.6838875,49.55945,49.67205,,0.768499,44.51565,44.61366,,0.3984319,54.63661,54.72092,,1.18393,-0.1126044,-10.19596,10.02496,1,2020-08-14,19:00:02 14 Aug 2020,40000
2020,President,Trump,Biden,,36,0.0009875,0.0181992,0.00365,0.99635,,0.8287671,0.7312942,0.0113095,0.9991429,36.91534,61.99781,,1.086851,31.67176,56.63649,,0.5595312,42.2665,67.25475,,1.682082,-25.08246,-35.58059,-14.39123,1,2020-08-14,19:00:02 14 Aug 2020,40000
2020,President,Trump,Biden,,35,0.009,1.556069,0.088525,0.911475,,0.9124541,0.7917112,0.3019908,0.989544,42.98761,55.21889,,1.7935,37.17114,49.40782,,0.9127897,48.79488,61.01949,,2.795059,-12.23128,-23.80853,-0.6632729,1,2020-08-14,19:00:02 14 Aug 2020,40000
2020,President,Trump,Biden,,34,0.0069625,0.2531896,0.04275,0.95725,,0.7730994,0.7518151,0.1235629,0.9868701,40.56898,58.56231,,0.8687093,34.22955,52.19433,,0.4493243,46.9542,64.89917,,1.340569,-17.99333,-30.62926,-5.254797,1,2020-08-14,19:00:02 14 Aug 2020,40000
2020,President,Trump,Biden,,33,0.0126,2.34107,0.2698,0.7302,,0.7356375,0.901705,0.742032,0.9028797,46.11284,52.85526,,1.0319,38.98429,45.70185,,0.5318315,53.25732,59.95884,,1.595937,-6.742415,-20.94779,7.559334,1,2020-08-14,19:00:02 14 Aug 2020,40000
2020,President,Trump,Biden,,32,0.0264625,3.075923,0.21335,0.78665,,0.8596203,0.8894362,0.6856716,0.9594446,45.87743,52.41806,,1.704509,40.48025,46.97543,,0.868591,51.34509,57.82443,,2.654517,-6.54062,-17.31177,4.317482,1,2020-08-14,19:00:02 14 Aug 2020,40000
2020,President,Trump,Biden,,41,0.006475,0.4337862,0.08525,0.91475,,0.7530792,0.7743372,0.2400224,0.9713061,41.49557,56.16078,,2.343655,34.78511,49.34458,,1.184774,48.35046,62.88012,,3.666387,-14.66521,-28.00744,-1.118643,1,2020-08-14,19:00:02 14 Aug 2020,40000
2020,President,Trump,Biden,,21,0.000175,0.0125014,0.9731,0.0269,,0.2824478,0.9869888,0.9987282,0.0367932,59.39012,39.43322,,1.17666,53.09391,33.14453,,0.6043814,65.67357,45.71421,,1.827029,19.95689,7.413286,32.51928,1,2020-08-13,21:50:04 13 Aug 2020,40000
2020,President,Trump,Biden,,17,0.0007625,0.0196776,0.0072,0.9928,,0.9791667,0.7266821,0.0256177,0.9997921,38.8595,59.63765,,1.50285,33.75162,54.47777,,0.7677997,43.99888,64.77805,,2.341118,-20.77814,-31.01415,-10.56551,1,2020-08-13,21:50:04 13 Aug 2020,40000
2020,President,Trump,Biden,,18,0.000175,0.008755,0.945475,0.054525,,0.2910177,0.999083,0.9998183,0.075492,56.25572,42.37483,,1.369452,50.80168,37.00311,,0.7010741,61.65342,47.83344,,2.130663,13.88089,2.991842,24.64927,1,2020-08-13,21:50:04 13 Aug 2020,40000
2020,President,Trump,Biden,,19,0.0028875,0.2643749,0.67985,0.32015,,0.4040597,0.998204,0.9981831,0.44287,51.38669,47.24989,,1.363419,45.55679,41.42841,,0.6980541,57.18571,53.07882,,2.121161,4.136802,-7.488947,15.71463,1,2020-08-13,21:50:04 13 Aug 2020,40000
2020,President,Trump,Biden,,20,0.00015,0.0178744,0.92355,0.07645,,0.2978994,0.999019,0.9997275,0.1058412,55.37851,42.77323,,1.848257,49.73608,37.20338,,0.939869,60.95455,48.39925,,2.887099,12.60528,1.400101,23.68767,1,2020-08-13,21:50:04 13 Aug 2020,40000
2020,President,Trump,Biden,,26,0.072725,2.051045,0.181425,0.818575,,0.957696,0.8723696,0.631359,0.9896064,45.87915,53.0077,,1.113145,40.7558,47.91141,,0.5724486,50.97266,58.15363,,1.726989,-7.128549,-17.37544,3.04509,1,2020-08-13,21:50:04 13 Aug 2020,40000
2020,President,Trump,Biden,,22,0.0014125,0.0991985,0.919125,0.080875,,0.2957704,0.9576507,0.9878271,0.1073309,57.6034,41.59507,,0.8015383,50.379,34.45837,,0.4150184,64.74407,48.84892,,1.238211,16.00833,1.558386,30.27939,1,2020-08-13,21:50:04 13 Aug 2020,40000
2020,President,Trump,Biden,,23,0.0034875,0.655995,0.216375,0.783625,,0.7502022,0.8523529,0.5898438,0.9256167,45.07145,53.38926,,1.539296,38.121,46.3698,,0.7854112,52.09311,60.36582,,2.401296,-8.317816,-22.1949,5.704752,1,2020-08-13,21:50:04 13 Aug 2020,40000
2020,President,Trump,Biden,,24,0.0002875,0.0141653,0.002575,0.997425,,0.7669903,0.7228613,0.0071766,0.9991685,35.70097,62.95239,,1.346635,30.51843,57.65375,,0.6896507,40.97059,68.16779,,2.094729,-27.25142,-37.60951,-16.67588,1,2020-08-13,21:50:04 13 Aug 2020,40000
2020,President,Trump,Biden,,25,0.0002625,0.0112946,0.0051,0.9949,,0.8676471,0.7246206,0.0160792,0.9990646,34.00076,64.31603,,1.683202,27.44756,57.62651,,0.8577839,40.68947,70.94743,,2.626039,-30.31527,-43.41884,-16.93919,1,2020-08-13,21:50:04 13 Aug 2020,40000
2020,President,Trump,Biden,,15,0.000625,0.2070857,0.016025,0.983975,,0.5975039,0.7267969,0.0347929,0.9910615,32.58136,65.60843,,1.81021,24.07866,56.97406,,0.9209752,41.19609,74.12458,,2.826837,-33.02706,-50.02161,-15.78265,1,2020-08-13,21:50:04 13 Aug 2020,40000
2020,President,Trump,Biden,,16,0.0,0.0,0.9931,0.0069,,0.2770365,0.9891304,0.9997275,0.0094581,62.77013,34.18547,,3.044403,56.06361,27.66461,,1.52847,69.38428,40.82449,,4.790364,28.58466,15.36658,41.63362,1,2020-08-13,21:50:04 13 Aug 2020,40000
2020,President,Trump,Biden,,09,0.0008625,0.0749629,0.024325,0.975675,,0.950668,0.7383606,0.0840298,0.998337,40.15503,58.93726,,0.9077114,34.36864,53.09115,,0.4688216,46.01392,64.74712,,1.404382,-18.78223,-30.3782,-7.095194,1,2020-08-13,21:50:04 13 Aug 2020,40000
2020,President,Trump,Biden,,13,0.0145,0.4758459,0.652775,0.347225,,0.4172188,0.9912881,0.9896439,0.4769956,50.96532,48.20223,,0.8324491,46.3505,43.62305,,0.4307104,55.53536,52.82202,,1.286597,2.763093,-6.472788,11.89477,1,2020-08-13,21:50:04 13 Aug 2020,40000
2020,President,Trump,Biden,,12,0.2256125,3.155137,0.351625,0.648375,,0.7341628,0.9731637,0.9380451,0.874411,48.07082,51.14932,,0.7798603,42.77093,45.841,,0.4040049,53.36534,56.45369,,1.204303,-3.078504,-13.65946,7.500572,1,2020-08-13,21:50:04 13 Aug 2020,40000
2020,President,Trump,Biden,,11,0.0,0.0,0.0,1.0,,,0.7216,0.0,1.0,5.765395,90.76669,,3.467915,3.127582,87.29869,,1.735026,8.534555,93.95678,,5.468284,-85.0013,-90.54082,-79.15517,1,2020-08-13,21:50:04 13 Aug 2020,40000
2020,President,Trump,Biden,,10,5e-05,0.0147962,0.002825,0.997175,,0.9823009,0.7235941,0.0100836,0.9999307,37.90858,60.95203,,1.139388,33.13555,56.14552,,0.5856482,42.71062,65.74706,,1.768315,-23.04345,-32.60496,-13.48834,1,2020-08-13,21:50:04 13 Aug 2020,40000
2020,President,Trump,Biden,,08,0.0217375,1.060776,0.146775,0.853225,,0.8846874,0.826306,0.4718387,0.9770302,44.45381,53.70921,,1.836975,38.73429,47.96807,,0.9342682,50.18872,59.42752,,2.86921,-9.255403,-20.64007,2.167484,1,2020-08-13,21:50:04 13 Aug 2020,40000
2020,President,Trump,Biden,,06,0.00175,0.01778,0.0034,0.9966,,0.7720588,0.7232842,0.0095385,0.998926,34.17166,63.94497,,1.883374,28.25149,57.98836,,0.9572971,40.07472,69.88692,,2.942795,-29.7733,-41.60729,-18.00011,1,2020-08-13,21:50:04 13 Aug 2020,40000
2020,President,Trump,Biden,,05,0.000375,0.0465023,0.927475,0.072525,,0.2957762,0.9875905,0.9968205,0.0992586,56.62313,41.77422,,1.602643,50.12599,35.34186,,0.8176305,63.06198,48.2975,,2.498753,14.84891,1.850407,27.68923,1,2020-08-13,21:50:04 13 Aug 2020,40000
2020,President,Trump,Biden,,04,0.04785,2.414365,0.4448,0.5552,,0.5628935,0.9534402,0.9097929,0.7335781,48.72125,49.98771,,1.291042,42.76341,44.04827,,0.6617962,54.63277,55.93286,,2.007106,-1.266456,-13.13305,10.55959,1,2020-08-13,21:50:04 13 Aug 2020,40000
2020,President,Trump,Biden,,02,0.00185,0.8262799,0.8112,0.1888,,0.3322547,0.9699417,0.9793786,0.2537763,53.63206,44.15168,,2.216259,46.56253,37.15337,,1.122038,60.65939,51.20245,,3.470574,9.480378,-4.615427,23.44477,1,2020-08-13,21:50:04 13 Aug 2020,40000
2020,President,Trump,Biden,,01,0.0002625,0.01728,0.977625,0.022375,,0.280757,0.9675978,0.9973655,0.0300028,59.94276,39.27744,,0.7797962,53.93671,33.20273,,0.4039723,65.98694,45.275,,1.204203,20.66532,8.656836,32.78881,1,2020-08-13,21:50:04 13 Aug 2020,40000
2020,President,Trump,Biden,,28,0.0018875,0.2208439,0.883375,0.116625,,0.3043724,0.9440514,0.9770167,0.1525776,55.91137,43.328,,0.7606298,49.07814,36.55362,,0.3942345,62.67303,50.14914,,1.174204,12.58337,-1.07814,26.12563,1,2020-08-13,21:50:04 13 Aug 2020,40000
2020,President,Trump,Biden,,27,0.092725,4.312456,0.2754,0.7246,,0.7989289,0.9214394,0.7995095,0.9252703,46.88229,51.68876,,1.42895,41.64364,46.48693,,0.7308416,52.10028,56.94371,,2.224401,-4.806465,-15.26108,5.531891,1,2020-08-13,21:50:04 13 Aug 2020,40000
2020,President,Trump,Biden,,29,0.000825,0.0421388,0.8706,0.1294,,0.3152137,0.9938176,0.9971839,0.1782151,54.35522,44.22327,,1.421508,48.53211,38.48766,,0.7271167,60.09391,50.06014,,2.212673,10.13196,-1.503712,21.56994,1,2020-08-13,21:50:04 13 Aug 2020,40000
2020,President,Trump,Biden,,56,0.0,0.0,0.998075,0.001925,,0.2755304,0.8961039,0.9992732,0.0023905,68.59884,28.07177,,3.329395,61.70822,21.41889,,1.667567,75.38935,34.8782,,5.246048,40.52707,26.99495,53.9123,1,2020-08-13,21:50:04 13 Aug 2020,40000
2020,President,Trump,Biden,,42,0.22535,5.100719,0.2589,0.7411,,0.9015064,0.9404264,0.8481104,0.9658398,47.25338,52.02483,,0.7217811,42.4037,47.17013,,0.3744854,52.10472,56.87143,,1.113452,-4.77145,-14.49102,4.925449,1,2020-08-13,21:50:04 13 Aug 2020,40000
2020,President,Trump,Biden,,30,0.0008125,0.2208384,0.8801,0.1199,,0.3099364,0.9793578,0.9911882,0.1627287,55.23935,42.76508,,1.995573,48.34833,35.9304,,1.012915,62.1105,49.6491,,3.120689,12.47427,-1.257441,26.11486,1,2020-08-13,21:50:04 13 Aug 2020,40000
2020,President,Trump,Biden,,55,0.1036,4.844176,0.2758,0.7242,,0.8350254,0.9353769,0.8368459,0.9387472,47.04706,51.96146,,0.9914777,41.65197,46.57996,,0.5111235,52.43353,57.37028,,1.535755,-4.914405,-15.70463,5.833088,1,2020-08-13,21:50:04 13 Aug 2020,40000
2020,President,Trump,Biden,,54,3.75e-05,0.0070493,0.9922,0.0078,,0.2772627,0.9871795,0.9996367,0.0106707,65.95621,32.23254,,1.811251,58.27383,24.70187,,0.9214923,73.51799,39.92596,,2.828483,33.72366,18.39576,48.7754,1,2020-08-13,21:50:04 13 Aug 2020,40000
2020,President,Trump,Biden,,53,0.001275,0.0512318,0.013725,0.986275,,0.8196721,0.7291577,0.0408794,0.9966047,36.87225,60.90776,,2.219991,30.61128,54.54637,,1.12388,43.1845,67.22404,,3.476505,-24.0355,-36.5325,-11.43576,1,2020-08-13,21:50:04 13 Aug 2020,40000
2020,President,Trump,Biden,,51,0.015875,0.5348511,0.078125,0.921875,,0.976,0.7808,0.2770712,0.9975055,44.18439,54.7938,,1.021815,39.43836,50.02125,,0.5264298,48.95345,59.54681,,1.583437,-10.60941,-20.0844,-1.076096,1,2020-08-13,21:50:04 13 Aug 2020,40000
2020,President,Trump,Biden,,50,0.0001625,0.0732515,0.008325,0.991675,,0.7087087,0.7252124,0.021439,0.9966394,31.32557,66.0228,,2.651628,23.41604,57.81839,,1.336195,39.44577,74.01678,,4.163776,-34.69722,-50.49519,-18.42005,1,2020-08-13,21:50:04 13 Aug 2020,40000
2020,President,Trump,Biden,,49,0.0005375,0.0642098,0.9507,0.0493,,0.2885242,0.9817444,0.9967297,0.0670732,57.02587,39.69505,,3.279077,50.40466,33.17674,,1.643038,63.61167,46.25852,,5.16537,17.33082,4.317432,30.2829,1,2020-08-13,21:50:04 13 Aug 2020,40000
2020,President,Trump,Biden,,47,0.000725,0.0399455,0.9484,0.0516,,0.2895403,0.9878876,0.9978198,0.0706416,57.68332,41.22818,,1.088502,51.32919,34.94464,,0.5600469,63.94398,47.59754,,1.688303,16.45514,3.774347,28.97871,1,2020-08-13,21:50:04 13 Aug 2020,40000
2020,President,Trump,Biden,,46,0.0003125,0.108825,0.961025,0.038975,,0.2852423,0.9724182,0.9960938,0.0525222,59.72274,38.81775,,1.459514,52.37568,31.59081,,0.7461327,66.95146,46.12775,,2.27262,20.90499,6.26992,35.33644,1,2020-08-13,21:50:04 13 Aug 2020,40000
2020,President,Trump,Biden,,45,0.000825,0.0521405,0.867425,0.132575,,0.3163674,0.9941543,0.9971839,0.1826497,53.96358,45.15161,,0.8848058,48.89302,40.13786,,0.4572372,58.98009,50.21425,,1.368524,8.811972,-1.30891,18.83698,1,2020-08-13,21:50:04 13 Aug 2020,40000
2020,President,Trump,Biden,,44,0.0003875,0.1179614,0.018925,0.981075,,0.9379128,0.734373,0.0644985,0.998441,37.64786,60.94173,,1.410412,30.94306,54.10078,,0.7215676,44.4684,67.67392,,2.195189,-23.29387,-36.71572,-9.625769,1,2020-08-13,21:50:04 13 Aug 2020,40000
2020,President,Trump,Biden,,48,0.0111125,0.1660397,0.7077,0.2923,,0.3885121,0.9991447,0.9990916,0.4047256,51.67469,47.32529,,1.000022,46.36284,42.10003,,0.5154347,56.88267,52.63005,,1.549176,4.349405,-6.27494,14.75959,1,2020-08-13,21:50:04 13 Aug 2020,40000
2020,President,Trump,Biden,,41,0.006925,0.4646722,0.0881,0.9119,,0.7746878,0.769739,0.2480015,0.9727342,41.67313,55.98448,,2.342391,35.00085,49.18947,,1.184244,48.42886,62.69334,,3.671591,-14.31135,-27.62309,-0.8041363,1,2020-08-13,21:50:04 13 Aug 2020,40000
2020,President,Trump,Biden,,35,0.0093875,1.624866,0.091875,0.908125,,0.9148299,0.7862904,0.3054142,0.9895371,43.1396,55.06315,,1.797247,37.37306,49.3081,,0.9145316,48.90768,60.87046,,2.80633,-11.92355,-23.45485,-0.467083,1,2020-08-13,21:50:04 13 Aug 2020,40000
2020,President,Trump,Biden,,40,0.0001,0.009626,0.992175,0.007825,,0.2772444,0.9840255,0.9995458,0.0106707,63.37228,35.44837,,1.179343,56.98618,29.12659,,0.6057298,69.69704,41.82339,,1.831245,27.92391,15.19408,40.55343,1,2020-08-13,21:50:04 13 Aug 2020,40000
2020,President,Trump,Biden,,32,0.0287875,3.348383,0.22665,0.77335,,0.8564968,0.8917696,0.7053961,0.9557234,46.01833,52.2737,,1.707963,40.58598,46.87663,,0.8701135,51.45244,57.7049,,2.66516,-6.255369,-17.09954,4.545218,1,2020-08-13,21:50:04 13 Aug 2020,40000
2020,President,Trump,Biden,,33,0.01345,2.498624,0.273225,0.726775,,0.7455394,0.8983523,0.740189,0.9047949,46.24139,52.72613,,1.032479,39.10092,45.57257,,0.5318125,53.38265,59.87154,,1.600209,-6.484737,-20.73883,7.80378,1,2020-08-13,21:50:04 13 Aug 2020,40000
2020,President,Trump,Biden,,34,0.008275,0.2988618,0.044775,0.955225,,0.7956449,0.7459761,0.1294513,0.9874931,40.66604,58.46352,,0.8704386,34.29602,51.96348,,0.4499671,47.14329,64.87344,,1.346041,-17.79748,-30.56823,-4.836472,1,2020-08-13,21:50:04 13 Aug 2020,40000
2020,President,Trump,Biden,,31,0.0,0.0,0.98475,0.01525,,0.2794618,1.0,1.0,0.0211336,58.95683,39.27891,,1.764254,53.41387,33.83876,,0.8971007,64.43794,44.81465,,2.75722,19.67792,8.641245,30.53398,1,2020-08-13,21:50:04 13 Aug 2020,40000
2020,President,Trump,Biden,,36,0.0009125,0.0167581,0.004325,0.995675,,0.8901734,0.7242574,0.0139898,0.9993417,37.02524,61.88629,,1.088469,31.72326,56.509,,0.5600301,42.38715,67.20914,,1.688251,-24.86105,-35.4652,-14.14951,1,2020-08-13,21:50:04 13 Aug 2020,40000
2020,President,Trump,Biden,,37,0.04145,1.179329,0.50445,0.49555,,0.5304292,0.9839572,0.9722929,0.6757206,49.64284,49.59166,,0.7654999,44.5503,44.5247,,0.3967077,54.70672,54.70128,,1.18183,0.0511762,-10.14242,10.17956,1,2020-08-13,21:50:04 13 Aug 2020,40000
2020,President,Trump,Biden,,38,6.25e-05,0.0251665,0.985375,0.014625,,0.2791831,0.9931624,0.9996367,0.0201289,60.94332,36.41467,,2.642011,54.22463,29.85751,,1.331479,67.57944,43.0799,,4.148433,24.52865,11.25352,37.62011,1,2020-08-13,21:50:04 13 Aug 2020,40000
2020,President,Trump,Biden,,39,0.0257,0.6416665,0.54875,0.45125,,0.4993166,0.9972299,0.9956396,0.6236142,49.94538,48.99952,,1.055101,44.67295,43.77417,,0.5432253,55.17129,54.28584,,1.635773,0.9458704,-9.603512,11.38754,1,2020-08-13,21:50:04 13 Aug 2020,40000
2020,President,Trump,Biden,,15,0.000525,0.1734618,0.0155,0.9845,,0.6177419,0.7139411,0.033287,0.9917108,32.7072,65.46474,,1.828056,24.14391,56.74262,,0.928272,41.41318,74.0526,,2.851393,-32.75754,-49.88062,-15.35748,1,2020-08-12,23:41:03 12 Aug 2020,40000
2020,President,Trump,Biden,,26,0.073875,2.091307,0.1876,0.8124,,0.9612207,0.863737,0.6268903,0.9900529,45.93601,52.94169,,1.122295,40.76991,47.82236,,0.5762594,51.05516,58.10279,,1.738415,-7.00568,-17.32046,3.22488,1,2020-08-12,23:41:03 12 Aug 2020,40000
2020,President,Trump,Biden,,25,0.0005875,0.0247026,0.0059,0.9941,,0.8432204,0.7120259,0.0172953,0.9986949,34.05172,64.24726,,1.701023,27.28588,57.43917,,0.8652135,40.84653,70.99374,,2.650293,-30.19555,-43.67554,-16.63088,1,2020-08-12,23:41:03 12 Aug 2020,40000
2020,President,Trump,Biden,,24,0.000425,0.0220378,0.00255,0.99745,,0.7450981,0.7099103,0.0066052,0.9990829,35.7534,62.88134,,1.365259,30.47825,57.51965,,0.6979998,41.07356,68.15979,,2.120602,-27.12793,-37.66104,-16.47461,1,2020-08-12,23:41:03 12 Aug 2020,40000
2020,President,Trump,Biden,,23,0.0032125,0.5996587,0.2271,0.7729,,0.7414135,0.8416678,0.5853468,0.9178483,45.14959,53.29983,,1.550584,37.9772,46.1076,,0.7915558,52.34173,60.49665,,2.41431,-8.150246,-22.4928,6.195061,1,2020-08-12,23:41:03 12 Aug 2020,40000
2020,President,Trump,Biden,,22,0.0017,0.119186,0.92235,0.07765,,0.3087223,0.961687,0.9899183,0.1053616,57.5984,41.58956,,0.812045,50.41679,34.43932,,0.4198103,64.73465,48.78336,,1.252438,16.00884,1.657333,30.29486,1,2020-08-12,23:41:03 12 Aug 2020,40000
2020,President,Trump,Biden,,21,0.00015,0.0102784,0.97325,0.02675,,0.2951965,0.9869159,0.9987832,0.0372487,59.44903,39.3664,,1.184571,53.11127,33.10701,,0.6075253,65.72189,45.72456,,1.836334,20.08264,7.424446,32.5907,1,2020-08-12,23:41:03 12 Aug 2020,40000
2020,President,Trump,Biden,,20,0.0002375,0.0266337,0.923,0.077,,0.3115655,0.999026,0.9997393,0.1085362,55.42621,42.70731,,1.866482,49.71566,37.11121,,0.9473201,61.0394,48.42459,,2.912316,12.7189,1.377676,23.87934,1,2020-08-12,23:41:03 12 Aug 2020,40000
2020,President,Trump,Biden,,19,0.002725,0.2492871,0.6856,0.3144,,0.4187938,0.9983302,0.9981748,0.4428571,51.4618,47.16397,,1.374228,45.59959,41.35033,,0.7024819,57.27016,53.06965,,2.134686,4.297838,-7.460386,15.89583,1,2020-08-12,23:41:03 12 Aug 2020,40000
2020,President,Trump,Biden,,18,0.0001625,0.008472,0.946525,0.053475,,0.3038747,0.9995325,0.9999131,0.0754145,56.29264,42.32353,,1.383828,50.80082,36.96677,,0.7072781,61.68372,47.79882,,2.14976,13.96911,3.040283,24.67876,1,2020-08-12,23:41:03 12 Aug 2020,40000
2020,President,Trump,Biden,,17,0.0008125,0.0202162,0.00885,0.99115,,0.9915254,0.7150028,0.0305058,0.9998942,38.9199,59.55587,,1.524221,33.81376,54.43382,,0.7772875,44.04626,64.66315,,2.371054,-20.63597,-30.77053,-10.42768,1,2020-08-12,23:41:03 12 Aug 2020,40000
2020,President,Trump,Biden,,16,5e-05,0.0099001,0.993425,0.006575,,0.2895035,0.9923955,0.9998262,0.0092063,62.78729,34.12066,,3.092057,56.01771,27.61447,,1.549073,69.3688,40.79131,,4.861984,28.66663,15.4048,41.63196,1,2020-08-12,23:41:03 12 Aug 2020,40000
2020,President,Trump,Biden,,28,0.0024125,0.2843895,0.87175,0.12825,,0.3216518,0.942885,0.9747958,0.1706173,55.55922,43.64565,,0.7951277,48.74972,36.92186,,0.4112443,62.28104,50.43629,,1.225982,11.91357,-1.658758,25.35357,1,2020-08-12,23:41:03 12 Aug 2020,40000
2020,President,Trump,Biden,,13,0.0144125,0.4758832,0.6573,0.3427,,0.4329454,0.9906624,0.9893099,0.4790123,51.01021,48.1514,,0.8383933,46.37891,43.53974,,0.433145,55.626,52.74696,,1.293608,2.858813,-6.35961,12.07587,1,2020-08-12,23:41:03 12 Aug 2020,40000
2020,President,Trump,Biden,,12,0.22675,3.172639,0.359,0.641,,0.7505571,0.9708268,0.9367287,0.8780247,48.11795,51.09511,,0.786935,42.75714,45.77359,,0.4070953,53.44211,56.44429,,1.213173,-2.977155,-13.69776,7.647781,1,2020-08-12,23:41:03 12 Aug 2020,40000
2020,President,Trump,Biden,,11,0.0,0.0,0.0,1.0,,,0.70875,0.0,1.0,5.809752,90.67892,,3.511332,3.162947,87.17941,,1.752718,8.615928,93.90369,,5.532621,-84.86916,-90.47929,-78.92715,1,2020-08-12,23:41:03 12 Aug 2020,40000
2020,President,Trump,Biden,,10,5e-05,0.0161412,0.002975,0.997025,,0.9831933,0.7108147,0.0101686,0.9999294,37.94655,60.89489,,1.15856,33.13979,56.06921,,0.5944716,42.7613,65.70563,,1.795413,-22.94834,-32.55393,-13.31241,1,2020-08-12,23:41:03 12 Aug 2020,40000
2020,President,Trump,Biden,,09,0.001125,0.095623,0.02625,0.97375,,0.9485714,0.7264698,0.0865635,0.9980952,40.19999,58.87684,,0.9231697,34.30602,52.94398,,0.4759781,46.13611,64.785,,1.426137,-18.67686,-30.45151,-6.832907,1,2020-08-12,23:41:03 12 Aug 2020,40000
2020,President,Trump,Biden,,08,0.0221375,1.073654,0.1509,0.8491,,0.8903247,0.8157166,0.4670607,0.9772487,44.483,53.65289,,1.86411,38.74106,47.89106,,0.9461445,50.21349,59.41203,,2.908555,-9.169888,-20.60632,2.250168,1,2020-08-12,23:41:03 12 Aug 2020,40000
2020,President,Trump,Biden,,06,0.00155,0.0156905,0.003275,0.996725,,0.7862595,0.7103765,0.0089519,0.9990124,34.33161,63.79237,,1.876022,28.41642,57.77914,,0.952049,40.31596,69.74657,,2.927432,-29.46077,-41.26192,-17.54912,1,2020-08-12,23:41:03 12 Aug 2020,40000
2020,President,Trump,Biden,,05,0.0004125,0.0511719,0.927425,0.072575,,0.3091894,0.987599,0.9968712,0.1011287,56.65345,41.72514,,1.621412,50.13345,35.29991,,0.8256375,63.08546,48.23241,,2.524495,14.9283,1.940012,27.72737,1,2020-08-12,23:41:03 12 Aug 2020,40000
2020,President,Trump,Biden,,04,0.0512,2.593933,0.44815,0.55185,,0.5840678,0.9511642,0.90996,0.7405996,48.75002,49.94798,,1.301995,42.76524,43.95874,,0.6663612,54.71819,55.93006,,2.021172,-1.197963,-13.15177,10.73267,1,2020-08-12,23:41:03 12 Aug 2020,40000
2020,President,Trump,Biden,,02,0.0016125,0.7240288,0.81035,0.18965,,0.3472573,0.9666491,0.9782722,0.2586596,53.71383,44.04784,,2.238337,46.49229,37.02472,,1.130992,60.75446,51.22476,,3.501969,9.665985,-4.669258,23.68867,1,2020-08-12,23:41:03 12 Aug 2020,40000
2020,President,Trump,Biden,,01,0.0002375,0.0152935,0.977675,0.022325,,0.2937582,0.9798432,0.9984356,0.0308642,59.95332,39.26014,,0.7865476,53.9101,33.26929,,0.406899,65.93297,45.28182,,1.212567,20.69318,8.635139,32.64488,1,2020-08-12,23:41:03 12 Aug 2020,40000
2020,President,Trump,Biden,,27,0.0869,4.045571,0.281875,0.718125,,0.814102,0.9159617,0.7977577,0.9280776,46.93324,51.62732,,1.439437,41.65299,46.38882,,0.7350359,52.17108,56.93778,,2.237326,-4.694085,-15.26014,5.730988,1,2020-08-12,23:41:03 12 Aug 2020,40000
2020,President,Trump,Biden,,29,0.0011875,0.0592125,0.8708,0.1292,,0.3295246,0.9945821,0.9975665,0.1813051,54.3798,44.17941,,1.44079,48.56625,38.44239,,0.7357109,60.15246,50.01865,,2.23946,10.20039,-1.418221,21.69754,1,2020-08-12,23:41:03 12 Aug 2020,40000
2020,President,Trump,Biden,,56,0.0,0.0,0.99815,0.00185,,0.288108,0.9594595,0.9997393,0.0025044,68.59249,28.02708,,3.380426,61.65279,21.32874,,1.689292,75.44413,34.85327,,5.323054,40.56541,26.98958,53.98513,1,2020-08-12,23:41:03 12 Aug 2020,40000
2020,President,Trump,Biden,,42,0.2154125,4.882098,0.26605,0.73395,,0.9070663,0.9333742,0.8389536,0.9665608,47.29086,51.98158,,0.7275705,42.42981,47.12776,,0.3769682,52.16288,56.85388,,1.120386,-4.690721,-14.42467,5.004684,1,2020-08-12,23:41:03 12 Aug 2020,40000
2020,President,Trump,Biden,,55,0.1138,5.310641,0.301625,0.698375,,0.8246995,0.9412923,0.8647662,0.9275132,47.30095,51.68616,,1.012887,41.80987,46.26272,,0.5212185,52.7425,57.17587,,1.566703,-4.385219,-15.36558,6.45727,1,2020-08-12,23:41:03 12 Aug 2020,40000
2020,President,Trump,Biden,,54,1.25e-05,0.0025752,0.9915,0.0085,,0.2898639,0.9705882,0.9991309,0.0116402,65.96137,32.20117,,1.837454,58.18255,24.63638,,0.9329317,73.54628,39.96702,,2.866292,33.7602,18.2326,48.89902,1,2020-08-12,23:41:03 12 Aug 2020,40000
2020,President,Trump,Biden,,53,0.0012625,0.0505445,0.01345,0.98655,,0.8271375,0.7160559,0.0386755,0.9967196,36.90874,60.83963,,2.251623,30.60582,54.51637,,1.137531,43.21029,67.20387,,3.523089,-23.93089,-36.53223,-11.35641,1,2020-08-12,23:41:03 12 Aug 2020,40000
2020,President,Trump,Biden,,51,0.015725,0.5279087,0.079025,0.920975,,0.9756406,0.7675833,0.2680341,0.997425,44.24166,54.72273,,1.035609,39.49156,49.97265,,0.5326617,48.98386,59.47032,,1.602339,-10.48108,-19.96148,-1.008368,1,2020-08-12,23:41:03 12 Aug 2020,40000
2020,President,Trump,Biden,,50,0.0003625,0.1663005,0.0085,0.9915,,0.7176471,0.7124054,0.0212063,0.9966137,31.43352,65.87418,,2.692305,23.42084,57.64108,,1.35396,39.60321,73.98546,,4.223935,-34.44065,-50.48049,-18.08594,1,2020-08-12,23:41:03 12 Aug 2020,40000
2020,President,Trump,Biden,,49,0.0004875,0.0560787,0.950525,0.049475,,0.3014387,0.9772612,0.996089,0.0682187,57.04747,39.63196,,3.320574,50.35921,33.10044,,1.660233,63.59292,46.26822,,5.22729,17.41551,4.238914,30.30537,1,2020-08-12,23:41:03 12 Aug 2020,40000
2020,President,Trump,Biden,,48,0.010375,0.1551322,0.708925,0.291075,,0.405332,0.9988834,0.998957,0.4102293,51.71758,47.27083,,1.011596,46.37034,42.01188,,0.5205679,56.97071,52.6246,,1.564679,4.44675,-6.242912,14.96283,1,2020-08-12,23:41:03 12 Aug 2020,40000
2020,President,Trump,Biden,,47,0.0007375,0.0403848,0.94935,0.05065,,0.3023121,0.9871668,0.9977403,0.0705467,57.71335,41.18596,,1.100693,51.37775,34.9562,,0.5654032,63.9309,47.50919,,1.70449,16.52739,3.903824,28.96122,1,2020-08-12,23:41:03 12 Aug 2020,40000
2020,President,Trump,Biden,,46,0.000225,0.0793118,0.959775,0.040225,,0.2986898,0.9757614,0.9966105,0.0553792,59.7556,38.76344,,1.480966,52.36552,31.52044,,0.7557403,67.02393,46.12681,,2.302774,20.99216,6.277945,35.48598,1,2020-08-12,23:41:03 12 Aug 2020,40000
2020,President,Trump,Biden,,45,0.0011125,0.0718165,0.87185,0.12815,,0.3292711,0.9955131,0.998001,0.18,54.00998,45.09955,,0.8904738,48.91803,40.06273,,0.4594713,59.05219,50.17896,,1.374964,8.910423,-1.240215,18.97633,1,2020-08-12,23:41:03 12 Aug 2020,40000
2020,President,Trump,Biden,,44,0.000325,0.0943655,0.0199,0.9801,,0.9572864,0.7222732,0.0662263,0.9988007,37.69398,60.87502,,1.431,30.90425,54.00648,,0.7308277,44.54696,67.69264,,2.224026,-23.18104,-36.77374,-9.491125,1,2020-08-12,23:41:03 12 Aug 2020,40000
2020,President,Trump,Biden,,30,0.000975,0.2678217,0.87945,0.12055,,0.3240662,0.9780174,0.9907874,0.1663492,55.29124,42.69703,,2.011733,48.29811,35.8248,,1.019213,62.16832,49.67232,,3.142473,12.5942,-1.323215,26.25759,1,2020-08-12,23:41:03 12 Aug 2020,40000
2020,President,Trump,Biden,,41,0.006925,0.4650328,0.09145,0.90855,,0.7837616,0.7586814,0.2491743,0.9725573,41.74219,55.87759,,2.380219,35.0367,49.09393,,1.200775,48.5074,62.61691,,3.727291,-14.13541,-27.49357,-0.6498661,1,2020-08-12,23:41:03 12 Aug 2020,40000
2020,President,Trump,Biden,,39,0.027675,0.6934263,0.55215,0.44785,,0.5182468,0.996539,0.9947853,0.6297002,49.98751,48.94676,,1.065726,44.68762,43.68087,,0.5478188,55.26276,54.24043,,1.649595,1.040748,-9.526745,11.56018,1,2020-08-12,23:41:03 12 Aug 2020,40000
2020,President,Trump,Biden,,38,7.5e-05,0.0310143,0.9851,0.0149,,0.2919754,0.9983221,0.9999131,0.0209877,60.9709,36.35246,,2.676636,54.20926,29.76748,,1.346282,67.63506,43.0954,,4.198945,24.61843,11.19378,37.77474,1,2020-08-12,23:41:03 12 Aug 2020,40000
2020,President,Trump,Biden,,37,0.0392,1.112719,0.510325,0.489675,,0.5472493,0.982131,0.9708847,0.6785538,49.73335,49.50392,,0.7627315,44.62853,44.41296,,0.3948259,54.81656,54.60787,,1.175342,0.2294266,-9.957638,10.40152,1,2020-08-12,23:41:03 12 Aug 2020,40000
2020,President,Trump,Biden,,36,0.0012625,0.0233231,0.00475,0.99525,,0.8789474,0.7115549,0.0145142,0.9991887,37.07125,61.82336,,1.105386,31.66609,56.34975,,0.5677624,42.53029,67.24968,,1.71186,-24.75211,-35.56255,-13.82495,1,2020-08-12,23:41:03 12 Aug 2020,40000
2020,President,Trump,Biden,,35,0.009275,1.627776,0.099575,0.900425,,0.9103691,0.7774384,0.3151399,0.9876896,43.18857,54.98306,,1.828372,37.35018,49.0689,,0.9284286,49.08486,60.84346,,2.851894,-11.79448,-23.45599,-0.0313625,1,2020-08-12,23:41:03 12 Aug 2020,40000
2020,President,Trump,Biden,,34,0.0078,0.2815155,0.04715,0.95285,,0.7820784,0.7331689,0.128194,0.985679,40.70875,58.40746,,0.8837965,34.21833,51.8856,,0.4560982,47.26363,64.91949,,1.36453,-17.69871,-30.68942,-4.625059,1,2020-08-12,23:41:03 12 Aug 2020,40000
2020,President,Trump,Biden,,33,0.0116375,2.158643,0.2839,0.7161,,0.7482388,0.890972,0.7384843,0.9002116,46.32313,52.62864,,1.048224,39.05632,45.3568,,0.5390118,53.62193,59.90199,,1.62213,-6.305511,-20.84596,8.247158,1,2020-08-12,23:41:03 12 Aug 2020,40000
2020,President,Trump,Biden,,32,0.0284875,3.326626,0.23285,0.76715,,0.8659008,0.883921,0.7009386,0.9567549,46.04439,52.21877,,1.736844,40.51107,46.7112,,0.8830085,51.53822,57.74951,,2.706929,-6.174383,-17.21028,4.7647,1,2020-08-12,23:41:03 12 Aug 2020,40000
2020,President,Trump,Biden,,31,1.25e-05,0.0021021,0.984525,0.015475,,0.292146,0.9983845,0.9999131,0.0217989,58.98421,39.2286,,1.787192,53.44496,33.7974,,0.9078612,64.43899,44.77808,,2.789225,19.75561,8.679823,30.58703,1,2020-08-12,23:41:03 12 Aug 2020,40000
2020,President,Trump,Biden,,40,6.25e-05,0.006355,0.992125,0.007875,,0.289782,0.9809524,0.9994785,0.0108995,63.4113,35.39775,,1.190944,57.04982,29.13005,,0.6107224,69.65614,41.71665,,1.846359,28.01354,15.36182,40.52136,1,2020-08-12,23:41:03 12 Aug 2020,40000
2020,President,Trump,Biden,,22,0.0013875,0.0977549,0.919925,0.080075,,0.3077968,0.956291,0.9879623,0.1078141,57.60123,41.58524,,0.8135275,50.39927,34.43278,,0.4184692,64.76363,48.80683,,1.255828,16.01599,1.624729,30.30875,1,2020-08-11,19:08:03 11 Aug 2020,40000
2020,President,Trump,Biden,,18,0.00015,0.0072532,0.947375,0.052625,,0.3024673,0.9990499,0.9998255,0.0740232,56.31293,42.30441,,1.382653,50.81205,36.79564,,0.7033899,61.79132,47.81577,,2.14948,14.00852,3.036001,24.96018,1,2020-08-11,19:08:03 11 Aug 2020,40000
2020,President,Trump,Biden,,19,0.002525,0.2302558,0.683225,0.316775,,0.4186761,0.9981849,0.998081,0.4451953,51.50172,47.12524,,1.373049,45.60803,41.18112,,0.6986116,57.46331,53.03883,,2.134371,4.376482,-7.419161,16.24676,1,2020-08-11,19:08:03 11 Aug 2020,40000
2020,President,Trump,Biden,,20,0.000125,0.0150146,0.93955,0.06045,,0.3049864,0.9991729,0.9998255,0.0850405,56.05101,42.15478,,1.794215,50.31199,36.44921,,0.9071633,61.75788,47.87383,,2.799327,13.89623,2.470169,25.27423,1,2020-08-11,19:08:03 11 Aug 2020,40000
2020,President,Trump,Biden,,21,0.0002375,0.0181462,0.9741,0.0259,,0.2939637,0.9903475,0.9991277,0.036114,59.44907,39.36682,,1.184108,53.06934,33.05254,,0.6044352,65.76489,45.74511,,1.836846,20.08225,7.342955,32.71058,1,2020-08-11,19:08:03 11 Aug 2020,40000
2020,President,Trump,Biden,,27,0.0853875,3.976381,0.281075,0.718925,,0.811794,0.9158466,0.7961444,0.9270327,46.95565,51.60799,,1.436359,41.64379,46.27737,,0.7300876,52.29821,56.94988,,2.233995,-4.652333,-15.24433,5.99827,1,2020-08-11,19:08:03 11 Aug 2020,40000
2020,President,Trump,Biden,,23,0.0030375,0.5722538,0.22845,0.77155,,0.7506019,0.8471583,0.5983077,0.9202746,45.17188,53.27488,,1.553244,38.05333,46.11462,,0.7866551,52.3204,60.41586,,2.419157,-8.102999,-22.35352,6.167496,1,2020-08-11,19:08:03 11 Aug 2020,40000
2020,President,Trump,Biden,,24,0.0003875,0.0206902,0.0027,0.9973,,0.7777778,0.7115712,0.0073273,0.9991552,35.77932,62.8574,,1.363282,30.49392,57.47169,,0.6937515,41.11646,68.15198,,2.119011,-27.07809,-37.65633,-16.39679,1,2020-08-11,19:08:03 11 Aug 2020,40000
2020,President,Trump,Biden,,25,0.0003375,0.01415,0.00625,0.99375,,0.836,0.7136855,0.018231,0.9985569,34.3329,63.91524,,1.75186,27.56502,57.0656,,0.8862672,41.17118,70.69658,,2.732291,-29.58233,-43.07054,-15.99776,1,2020-08-11,19:08:03 11 Aug 2020,40000
2020,President,Trump,Biden,,26,0.07835,2.208226,0.192675,0.807325,,0.9591281,0.8701886,0.6448011,0.9891235,45.98727,52.88858,,1.124154,40.80173,47.69344,,0.5744708,51.18764,58.06578,,1.742611,-6.901314,-17.24456,3.483194,1,2020-08-11,19:08:03 11 Aug 2020,40000
2020,President,Trump,Biden,,16,0.0,0.0,0.993075,0.006925,,0.2884475,0.9783394,0.9994766,0.0095389,62.77532,34.12629,,3.09839,56.05288,27.54927,,1.544802,69.4279,40.77897,,4.873672,28.64903,15.44433,41.7138,1,2020-08-11,19:08:03 11 Aug 2020,40000
2020,President,Trump,Biden,,17,0.000875,0.0222734,0.00805,0.99195,,0.984472,0.7158879,0.0276518,0.999824,38.96029,59.51259,,1.527122,33.81532,54.28754,,0.7751265,44.18479,64.6821,,2.37711,-20.5523,-30.85082,-10.12855,1,2020-08-11,19:08:03 11 Aug 2020,40000
2020,President,Trump,Biden,,09,0.001275,0.110226,0.025875,0.974125,,0.9507247,0.7278583,0.0858339,0.9982753,40.22977,58.84798,,0.9222395,34.36031,52.81921,,0.4732072,46.23524,64.72142,,1.425991,-18.61821,-30.35709,-6.602585,1,2020-08-11,19:08:03 11 Aug 2020,40000
2020,President,Trump,Biden,,15,0.0007125,0.2297876,0.015675,0.984325,,0.6395534,0.7158967,0.0349791,0.9921507,32.71091,65.46515,,1.823936,24.16805,56.66815,,0.9218169,41.49315,74.03802,,2.846381,-32.75424,-49.82822,-15.24451,1,2020-08-11,19:08:03 11 Aug 2020,40000
2020,President,Trump,Biden,,13,0.01415,0.4681535,0.65785,0.34215,,0.4318994,0.9926932,0.9913643,0.4782119,51.01892,48.14348,,0.8375988,46.39252,43.47512,,0.4305986,55.69788,52.77361,,1.293507,2.875441,-6.364237,12.21583,1,2020-08-11,19:08:03 11 Aug 2020,40000
2020,President,Trump,Biden,,12,0.2408625,3.364599,0.34765,0.65235,,0.7739825,0.9725224,0.9388521,0.8932418,48.00782,51.19944,,0.7927473,42.66499,45.84221,,0.4079936,53.39407,56.55491,,1.223338,-3.191616,-13.87316,7.517017,1,2020-08-11,19:08:03 11 Aug 2020,40000
2020,President,Trump,Biden,,11,0.0,0.0,0.0,1.0,,,0.71025,0.0,1.0,5.820593,90.66315,,3.516254,3.194085,87.20372,,1.746949,8.576059,93.87581,,5.541688,-84.84256,-90.38428,-78.97224,1,2020-08-11,19:08:03 11 Aug 2020,40000
2020,President,Trump,Biden,,10,5e-05,0.0146146,0.0026,0.9974,,0.9711539,0.7120513,0.0088102,0.9999296,37.96597,60.87775,,1.15628,33.12821,55.94892,,0.5905364,42.86821,65.714,,1.793117,-22.91179,-32.55478,-13.11171,1,2020-08-11,19:08:03 11 Aug 2020,40000
2020,President,Trump,Biden,,08,0.0213125,1.036274,0.15505,0.84495,,0.8942277,0.821735,0.4837753,0.9775783,44.47124,53.66954,,1.859224,38.7059,47.81767,,0.939206,50.31934,59.46046,,2.902233,-9.198303,-20.68016,2.438925,1,2020-08-11,19:08:03 11 Aug 2020,40000
2020,President,Trump,Biden,,06,0.0016125,0.0159243,0.003925,0.996075,,0.7898089,0.7122456,0.0108165,0.9988737,34.54263,63.5848,,1.87257,28.62252,57.49495,,0.9457799,40.55033,69.52245,,2.923375,-29.04217,-40.88433,-16.97351,1,2020-08-11,19:08:03 11 Aug 2020,40000
2020,President,Trump,Biden,,05,0.0003375,0.0421236,0.926775,0.073225,,0.3083273,0.9883919,0.9970342,0.1019007,56.63918,41.7408,,1.620028,50.16096,35.28073,,0.8211269,63.09875,48.22771,,2.523813,14.89839,1.974911,27.75476,1,2020-08-11,19:08:03 11 Aug 2020,40000
2020,President,Trump,Biden,,04,0.0482,2.431677,0.444375,0.555625,,0.5878481,0.9529809,0.9114619,0.7455121,48.72189,49.98843,,1.289679,42.65527,43.9087,,0.6570927,54.79236,56.06638,,2.003124,-1.266548,-13.4058,10.85766,1,2020-08-11,19:08:03 11 Aug 2020,40000
2020,President,Trump,Biden,,02,0.0015875,0.7021317,0.809075,0.190925,,0.3471557,0.9698834,0.9800244,0.260718,53.69407,44.07259,,2.233334,46.49964,36.9631,,1.123057,60.79726,51.24223,,3.495357,9.621478,-4.629814,23.76153,1,2020-08-11,19:08:03 11 Aug 2020,40000
2020,President,Trump,Biden,,01,0.00035,0.0232885,0.97925,0.02075,,0.2921368,0.9746988,0.9981682,0.0284759,59.96432,39.2495,,0.7861742,53.90504,33.17759,,0.4046783,66.0237,45.30809,,1.213051,20.71482,8.604446,32.85896,1,2020-08-11,19:08:03 11 Aug 2020,40000
2020,President,Trump,Biden,,28,0.0020125,0.2337174,0.871825,0.128175,,0.321108,0.9477277,0.9767969,0.1710313,55.57529,43.63007,,0.7946439,48.76912,36.85993,,0.40895,62.33662,50.43674,,1.226307,11.94523,-1.644524,25.4723,1,2020-08-11,19:08:03 11 Aug 2020,40000
2020,President,Trump,Biden,,29,0.0010875,0.0550517,0.869375,0.130625,,0.3287419,0.9936842,0.9972087,0.1827525,54.37747,44.18357,,1.438953,48.51953,38.33767,,0.7313756,60.23349,50.04033,,2.238077,10.1939,-1.480154,21.87896,1,2020-08-11,19:08:03 11 Aug 2020,40000
2020,President,Trump,Biden,,35,0.0090875,1.574993,0.100075,0.899925,,0.9190607,0.7806484,0.3209177,0.9891235,43.16338,55.01263,,1.823985,37.28083,49.04031,,0.9218411,49.09326,60.91648,,2.846459,-11.84925,-23.61578,0.0017719,1,2020-08-11,19:08:03 11 Aug 2020,40000
2020,President,Trump,Biden,,30,0.0009625,0.2604525,0.879275,0.120725,,0.3229365,0.977428,0.9907537,0.1661387,55.28839,42.70248,,2.009121,48.31726,35.73112,,1.012978,62.26501,49.65364,,3.139766,12.58591,-1.301163,26.4599,1,2020-08-11,19:08:03 11 Aug 2020,40000
2020,President,Trump,Biden,,44,0.0003625,0.1101307,0.0202,0.9798,,0.9430693,0.7237191,0.0664689,0.9983808,37.75382,60.81234,,1.433846,30.90985,53.86013,,0.7288394,44.66898,67.66055,,2.23004,-23.05852,-36.71206,-9.210239,1,2020-08-11,19:08:03 11 Aug 2020,40000
2020,President,Trump,Biden,,56,0.0,0.0,0.9982,0.0018,,0.2870417,0.9583333,0.9997383,0.0024287,68.58497,28.02796,,3.387071,61.65897,21.35305,,1.684583,75.34364,34.81685,,5.335155,40.55701,26.96496,53.8608,1,2020-08-11,19:08:03 11 Aug 2020,40000
2020,President,Trump,Biden,,55,0.10665,4.983654,0.302275,0.697725,,0.8244976,0.9441757,0.8695918,0.9275255,47.28774,51.70419,,1.008072,41.80054,46.18713,,0.516316,52.7952,57.19232,,1.560393,-4.41644,-15.37395,6.576979,1,2020-08-11,19:08:03 11 Aug 2020,40000
2020,President,Trump,Biden,,54,7.5e-05,0.0145458,0.99255,0.00745,,0.2886253,0.9798658,0.9995639,0.0102781,65.94356,32.22168,,1.834761,58.18651,24.64603,,0.927152,73.49786,39.97487,,2.863508,33.72188,18.26632,48.84262,1,2020-08-11,19:08:03 11 Aug 2020,40000
2020,President,Trump,Biden,,53,0.0012125,0.048725,0.0136,0.9864,,0.8161765,0.7175335,0.0387299,0.9965153,36.90157,60.85219,,2.246236,30.59119,54.36523,,1.129385,43.36784,67.24859,,3.515853,-23.95062,-36.59538,-11.05757,1,2020-08-11,19:08:03 11 Aug 2020,40000
2020,President,Trump,Biden,,51,0.0162375,0.5441018,0.082475,0.917525,,0.9757502,0.7719681,0.2807921,0.9972545,44.23198,54.73417,,1.033848,39.43489,49.93705,,0.5292435,49.04153,59.54153,,1.600815,-10.50219,-20.09965,-0.9107246,1,2020-08-11,19:08:03 11 Aug 2020,40000
2020,President,Trump,Biden,,50,0.00025,0.1058309,0.00845,0.99155,,0.7189349,0.7139075,0.0211968,0.9966561,31.45614,65.84613,,2.697728,23.45042,57.62418,,1.350071,39.64978,73.89219,,4.234154,-34.38999,-50.41801,-18.07211,1,2020-08-11,19:08:03 11 Aug 2020,40000
2020,President,Trump,Biden,,31,3.75e-05,0.0061251,0.9848,0.0152,,0.2909728,0.9967105,0.9998255,0.0213305,59.00157,39.2124,,1.786033,53.45784,33.67659,,0.9013293,64.56035,44.73491,,2.788912,19.78917,8.737358,30.8446,1,2020-08-11,19:08:03 11 Aug 2020,40000
2020,President,Trump,Biden,,48,0.0099,0.1483545,0.7078,0.2922,,0.4045987,0.99923,0.9992149,0.4110876,51.7099,47.28004,,1.010054,46.37226,41.94414,,0.5173103,57.05115,52.63245,,1.5635,4.429858,-6.238956,15.08703,1,2020-08-11,19:08:03 11 Aug 2020,40000
2020,President,Trump,Biden,,47,0.0003625,0.0191955,0.949125,0.050875,,0.3011194,0.9832924,0.9972087,0.0704329,57.70339,41.19651,,1.100095,51.39341,34.89246,,0.5624311,63.98338,47.48774,,1.704793,16.50688,3.925596,29.05504,1,2020-08-11,19:08:03 11 Aug 2020,40000
2020,President,Trump,Biden,,46,0.0002,0.0745861,0.962025,0.037975,,0.2967698,0.9697169,0.9961619,0.0518479,59.79397,38.7221,,1.483932,52.45393,31.49407,,0.753706,67.03688,46.06624,,2.308959,21.07188,6.382919,35.54093,1,2020-08-11,19:08:03 11 Aug 2020,40000
2020,President,Trump,Biden,,45,0.0007875,0.0506231,0.869725,0.130275,,0.3289258,0.9959701,0.9981682,0.1826822,54.01944,45.09026,,0.8902984,48.91542,39.98174,,0.4571399,59.11427,50.17964,,1.375977,8.929186,-1.262209,19.12166,1,2020-08-11,19:08:03 11 Aug 2020,40000
2020,President,Trump,Biden,,49,0.000625,0.0721597,0.9502,0.0498,,0.300542,0.9789157,0.9964236,0.0686378,57.01122,39.67546,,3.31332,50.36033,33.06643,,1.648921,63.7121,46.3229,,5.21721,17.33576,4.211473,30.45088,1,2020-08-11,19:08:03 11 Aug 2020,40000
2020,President,Trump,Biden,,42,0.210125,4.765666,0.264875,0.735125,,0.9079754,0.9338208,0.8391486,0.9665259,47.28755,51.98963,,0.7228257,42.38322,47.0705,,0.3726748,52.20669,56.89177,,1.114018,-4.702078,-14.47422,5.109098,1,2020-08-11,19:08:03 11 Aug 2020,40000
2020,President,Trump,Biden,,40,2.5e-05,0.0025648,0.993225,0.006775,,0.2884039,0.9778598,0.9994766,0.0093277,63.40537,35.40522,,1.189412,57.06815,29.11066,,0.6070829,69.69438,41.71633,,1.845187,28.00015,15.37045,40.52992,1,2020-08-11,19:08:03 11 Aug 2020,40000
2020,President,Trump,Biden,,39,0.02865,0.7164057,0.5496,0.4504,,0.5187864,0.9965586,0.9948534,0.6319606,49.99189,48.94365,,1.064465,44.65662,43.59165,,0.5445881,55.34357,54.26876,,1.648847,1.048239,-9.596504,11.74366,1,2020-08-11,19:08:03 11 Aug 2020,40000
2020,President,Trump,Biden,,38,6.25e-05,0.0271068,0.985875,0.014125,,0.2905794,0.9911504,0.9995639,0.0197114,60.98782,36.34152,,2.670663,54.25317,29.71705,,1.336888,67.64939,43.03102,,4.191026,24.64629,11.33249,37.86428,1,2020-08-11,19:08:03 11 Aug 2020,40000
2020,President,Trump,Biden,,37,0.0399875,1.137801,0.50635,0.49365,,0.5513973,0.9843006,0.97418,0.6841253,49.67803,49.55935,,0.7626227,44.502,44.41917,,0.3927889,54.81639,54.72589,,1.176206,0.1186877,-10.22494,10.37838,1,2020-08-11,19:08:03 11 Aug 2020,40000
2020,President,Trump,Biden,,36,0.0010625,0.0194361,0.004875,0.995125,,0.9076923,0.7132772,0.0154396,0.9993664,37.09225,61.80357,,1.104176,31.64849,56.3479,,0.5644737,42.53795,67.26918,,1.711208,-24.71132,-35.60369,-13.83387,1,2020-08-11,19:08:03 11 Aug 2020,40000
2020,President,Trump,Biden,,34,0.00775,0.2814703,0.0469,0.9531,,0.8086354,0.7358357,0.1323273,0.987434,40.73781,58.37947,,0.882719,34.23305,51.82124,,0.4533252,47.30721,64.88278,,1.364112,-17.64166,-30.64285,-4.520298,1,2020-08-11,19:08:03 11 Aug 2020,40000
2020,President,Trump,Biden,,33,0.012925,2.385606,0.2845,0.7155,,0.7552724,0.8961915,0.7497383,0.9028159,46.30161,52.65225,,1.046142,39.07804,45.35117,,0.5354066,53.58284,59.87371,,1.6201,-6.350642,-20.79905,8.22348,1,2020-08-11,19:08:03 11 Aug 2020,40000
2020,President,Trump,Biden,,32,0.02845,3.312263,0.2342,0.7658,,0.8719044,0.8892661,0.7124913,0.9588173,46.04678,52.21989,,1.733329,40.50112,46.62528,,0.8771197,51.61763,57.75484,,2.702969,-6.17312,-17.20705,4.952271,1,2020-08-11,19:08:03 11 Aug 2020,40000
2020,President,Trump,Biden,,41,0.007175,0.4827279,0.093875,0.906125,,0.783755,0.7616499,0.2567167,0.9717001,41.74769,55.86686,,2.385452,34.96271,48.96515,,1.197586,48.62896,62.67989,,3.737423,-14.11916,-27.60464,-0.4184914,1,2020-08-11,19:08:03 11 Aug 2020,40000
2020,President,Trump,Biden,,21,0.00015,0.0113155,0.969825,0.030175,,0.2923981,0.9875725,0.9986793,0.0418026,59.40206,39.40708,,1.19086,52.94027,33.06921,,0.6138195,65.76319,45.86229,,1.833847,19.99498,7.08424,32.68986,1,2020-08-10,23:50:02 10 Aug 2020,40000
2020,President,Trump,Biden,,17,0.0007375,0.0189476,0.00885,0.99115,,0.9774011,0.7190385,0.0304631,0.9997194,38.92732,59.53124,,1.541437,33.74074,54.28525,,0.7896719,44.16756,64.73048,,2.382521,-20.60392,-30.96939,-10.14171,1,2020-08-10,23:50:02 10 Aug 2020,40000
2020,President,Trump,Biden,,18,0.000125,0.0062584,0.94205,0.05795,,0.3013375,0.9987058,0.9997359,0.0811853,56.26579,42.34013,,1.394073,50.70978,36.84187,,0.7159281,61.79403,47.91005,,2.151522,13.92566,2.840368,24.93835,1,2020-08-10,23:50:02 10 Aug 2020,40000
2020,President,Trump,Biden,,19,0.0029125,0.2664046,0.6798,0.3202,,0.417108,0.9985946,0.9985913,0.4485359,51.4495,47.16588,,1.384619,45.47786,41.22739,,0.7111843,57.42498,53.12397,,2.136714,4.283622,-7.629326,16.1656,1,2020-08-10,23:50:02 10 Aug 2020,40000
2020,President,Trump,Biden,,20,8.75e-05,0.0106718,0.9369,0.0631,,0.3029405,0.998019,0.9995598,0.0883395,56.01823,42.1733,,1.808469,50.24085,36.47144,,0.9227273,61.7525,47.93003,,2.801415,13.84494,2.36458,25.25217,1,2020-08-10,23:50:02 10 Aug 2020,40000
2020,President,Trump,Biden,,26,0.081625,2.305469,0.19565,0.80435,,0.9630718,0.8775098,0.6635851,0.9901105,45.96467,52.89985,,1.135482,40.74462,47.63874,,0.5859127,51.22375,58.10668,,1.747433,-6.935183,-17.35905,3.563671,1,2020-08-10,23:50:02 10 Aug 2020,40000
2020,President,Trump,Biden,,22,0.0016125,0.1134162,0.9182,0.0818,,0.3056524,0.9578239,0.9883782,0.1099071,57.64423,41.53569,,0.8200763,50.33855,34.3195,,0.4261821,64.85561,48.84681,,1.256508,16.10854,1.502243,30.53911,1,2020-08-10,23:50:02 10 Aug 2020,40000
2020,President,Trump,Biden,,23,0.0032125,0.6064814,0.21465,0.78535,,0.7671791,0.8446871,0.5799437,0.9305629,44.98151,53.55204,,1.466449,37.79855,46.39647,,0.7525682,52.13936,60.70757,,2.265866,-8.57052,-22.8814,5.735275,1,2020-08-10,23:50:02 10 Aug 2020,40000
2020,President,Trump,Biden,,24,0.000325,0.0169633,0.002575,0.997425,,0.8058252,0.7142141,0.0073076,0.9992986,35.78592,62.83957,,1.374511,30.39547,57.42471,,0.7061118,41.19985,68.24275,,2.120884,-27.05365,-37.80222,-16.23486,1,2020-08-10,23:50:02 10 Aug 2020,40000
2020,President,Trump,Biden,,25,0.0002625,0.0112292,0.006725,0.993275,,0.8513011,0.7166948,0.020162,0.9985972,34.33845,63.89102,,1.770527,27.55733,56.95601,,0.9038847,41.25291,70.69398,,2.741906,-29.55257,-43.14004,-15.74673,1,2020-08-10,23:50:02 10 Aug 2020,40000
2020,President,Trump,Biden,,15,0.00055,0.1819436,0.0173,0.9827,,0.6213873,0.718785,0.0378588,0.9908469,32.70047,65.46069,,1.838845,24.18746,56.68948,,0.9378029,41.46391,73.98489,,2.849119,-32.76022,-49.77367,-15.24892,1,2020-08-10,23:50:02 10 Aug 2020,40000
2020,President,Trump,Biden,,16,2.5e-05,0.0044172,0.992525,0.007475,,0.2860129,0.9899666,0.9997359,0.0103805,62.77314,34.09832,,3.128547,55.94809,27.4281,,1.572514,69.55312,40.86169,,4.885907,28.67482,15.17146,41.99681,1,2020-08-10,23:50:02 10 Aug 2020,40000
2020,President,Trump,Biden,,28,0.0019375,0.2268466,0.8699,0.1301,,0.31814,0.9431207,0.9746434,0.1721199,55.53286,43.6663,,0.8008345,48.64547,36.90549,,0.4163818,62.30124,50.56018,,1.226604,11.86656,-1.912548,25.38138,1,2020-08-10,23:50:02 10 Aug 2020,40000
2020,President,Trump,Biden,,13,0.01195,0.398826,0.665525,0.334475,,0.4231246,0.9926751,0.9917239,0.4657549,51.08437,48.08478,,0.8308462,46.41914,43.42699,,0.4316648,55.75787,52.76291,,1.273247,2.999588,-6.330145,12.29148,1,2020-08-10,23:50:02 10 Aug 2020,40000
2020,President,Trump,Biden,,12,0.22705,3.172604,0.354625,0.645375,,0.752767,0.9729227,0.9401303,0.8807996,48.06196,51.13665,,0.8013885,42.6988,45.76669,,0.4166642,53.41782,56.51308,,1.227466,-3.074688,-13.80805,7.653391,1,2020-08-10,23:50:02 10 Aug 2020,40000
2020,President,Trump,Biden,,11,0.0,0.0,0.0,1.0,,,0.712875,0.0,1.0,5.776165,90.67889,,3.54495,3.130597,87.2014,,1.775536,8.598001,93.90726,,5.54696,-84.90272,-90.46881,-78.94804,1,2020-08-10,23:50:02 10 Aug 2020,40000
2020,President,Trump,Biden,,10,5e-05,0.0144211,0.0028,0.9972,,1.0,0.7148767,0.0098609,1.0,37.93783,60.89361,,1.168557,33.09069,55.96794,,0.6025676,42.8545,65.74356,,1.799038,-22.95578,-32.62244,-13.1422,1,2020-08-10,23:50:02 10 Aug 2020,40000
2020,President,Trump,Biden,,09,0.000875,0.0762969,0.028625,0.971375,,0.9432315,0.7322353,0.0950872,0.9977556,40.22953,58.83873,,0.9317434,34.27069,52.80704,,0.482923,46.25262,64.80824,,1.430056,-18.6092,-30.53924,-6.563173,1,2020-08-10,23:50:02 10 Aug 2020,40000
2020,President,Trump,Biden,,08,0.0242125,1.172006,0.15615,0.84385,,0.8925713,0.8254133,0.4908434,0.9770647,44.51605,53.60382,,1.880129,38.70847,47.75625,,0.958286,50.36326,59.40489,,2.914004,-9.087774,-20.60664,2.566868,1,2020-08-10,23:50:02 10 Aug 2020,40000
2020,President,Trump,Biden,,06,0.0021125,0.0210055,0.004175,0.995825,,0.736527,0.7147591,0.0108294,0.998457,34.6419,63.47604,,1.882061,28.6925,57.37862,,0.9592457,40.68945,69.49268,,2.917044,-28.83414,-40.77287,-16.77354,1,2020-08-10,23:50:02 10 Aug 2020,40000
2020,President,Trump,Biden,,05,0.000525,0.0659435,0.9228,0.0772,,0.3067024,0.9880182,0.9967424,0.1069963,56.61052,41.75307,,1.63641,49.97867,35.21581,,0.8371127,63.14091,48.35446,,2.531494,14.85744,1.634136,27.89266,1,2020-08-10,23:50:02 10 Aug 2020,40000
2020,President,Trump,Biden,,04,0.039775,2.014569,0.46905,0.53095,,0.5608144,0.9581882,0.9263955,0.7136595,48.98505,49.6823,,1.332649,42.92311,43.58782,,0.6850958,55.12015,55.73969,,2.055377,-0.6972556,-12.80245,11.50223,1,2020-08-10,23:50:02 10 Aug 2020,40000
2020,President,Trump,Biden,,02,0.0018375,0.828599,0.81005,0.18995,,0.3432504,0.9688076,0.9792217,0.2581448,53.66737,44.07367,,2.258966,46.46594,36.88586,,1.145847,60.83467,51.30196,,3.510676,9.593698,-4.778425,23.88467,1,2020-08-10,23:50:02 10 Aug 2020,40000
2020,President,Trump,Biden,,01,0.0003375,0.0230115,0.976375,0.023625,,0.2901805,0.973545,0.9977989,0.0322637,59.92711,39.28168,,0.7912132,53.7952,33.23099,,0.4114794,65.97632,45.43536,,1.211661,20.64543,8.376623,32.74275,1,2020-08-10,23:50:02 10 Aug 2020,40000
2020,President,Trump,Biden,,27,0.073025,3.393989,0.240425,0.759575,,0.8587917,0.8951058,0.7271526,0.9537436,46.35293,52.10969,,1.53738,41.00745,46.78142,,0.7876456,51.70655,57.45254,,2.376161,-5.756755,-16.40873,4.885946,1,2020-08-10,23:50:02 10 Aug 2020,40000
2020,President,Trump,Biden,,29,0.0011375,0.0571739,0.8666,0.1334,,0.3268521,0.9947526,0.9975348,0.1861476,54.33831,44.20544,,1.456252,48.4278,38.34808,,0.7470887,60.20974,50.14471,,2.248958,10.13287,-1.680264,21.78588,1,2020-08-10,23:50:02 10 Aug 2020,40000
2020,President,Trump,Biden,,30,0.0008625,0.2424316,0.877625,0.122375,,0.3204957,0.9779367,0.9905793,0.1678766,55.28461,42.68972,,2.025662,48.29437,35.71596,,1.030463,62.2979,49.72005,,3.142907,12.59489,-1.382795,26.5204,1,2020-08-10,23:50:02 10 Aug 2020,40000
2020,President,Trump,Biden,,42,0.2351125,5.33043,0.2703,0.7297,,0.9020533,0.9422708,0.8586899,0.9645099,47.2916,51.95641,,0.7519907,42.36497,46.99846,,0.3914974,52.25826,56.88124,,1.150796,-4.664809,-14.51245,5.239347,1,2020-08-10,23:50:02 10 Aug 2020,40000
2020,President,Trump,Biden,,55,0.1064875,4.964556,0.2763,0.7237,,0.8542345,0.931187,0.8312203,0.945327,46.96352,52.00048,,1.035998,41.44569,46.46834,,0.5357042,52.5456,57.53449,,1.592289,-5.036959,-16.05176,6.084139,1,2020-08-10,23:50:02 10 Aug 2020,40000
2020,President,Trump,Biden,,54,0.0001,0.0213809,0.990625,0.009375,,0.2864353,0.9786667,0.9992957,0.0128704,65.92885,32.21972,,1.851426,58.0619,24.58862,,0.9440444,73.63161,40.06355,,2.868875,33.70913,18.0555,48.98206,1,2020-08-10,23:50:02 10 Aug 2020,40000
2020,President,Trump,Biden,,53,0.0011375,0.0447542,0.0146,0.9854,,0.8099315,0.7206464,0.0416447,0.9961424,36.94953,60.78117,,2.2693,30.62694,54.35376,,1.15095,43.35561,67.17152,,3.526955,-23.83164,-36.49718,-11.08078,1,2020-08-10,23:50:02 10 Aug 2020,40000
2020,President,Trump,Biden,,51,0.0164125,0.5523151,0.08295,0.91705,,0.9758891,0.7753394,0.2850854,0.9974049,44.22033,54.73492,,1.044748,39.4287,49.87321,,0.5401271,49.07095,59.55042,,1.605917,-10.51459,-20.11888,-0.8623581,1,2020-08-10,23:50:02 10 Aug 2020,40000
2020,President,Trump,Biden,,50,0.0001375,0.0615989,0.008525,0.991475,,0.7243402,0.7166343,0.0217468,0.9967035,31.37195,65.9032,,2.724851,23.33542,57.67986,,1.374981,39.55478,73.9819,,4.246394,-34.53125,-50.55787,-18.21453,1,2020-08-10,23:50:02 10 Aug 2020,40000
2020,President,Trump,Biden,,49,0.0004875,0.0583865,0.950375,0.049625,,0.2972248,0.9702771,0.9948054,0.0675434,57.05556,39.60347,,3.340971,50.3584,32.98615,,1.676168,63.73838,46.28373,,5.223092,17.45209,4.199068,30.5953,1,2020-08-10,23:50:02 10 Aug 2020,40000
2020,President,Trump,Biden,,48,0.0095125,0.1423961,0.707925,0.292075,,0.4005721,0.9987161,0.9986793,0.4091882,51.74566,47.23564,,1.018698,46.39141,41.87299,,0.526956,57.10251,52.59898,,1.565348,4.510026,-6.203295,15.20683,1,2020-08-10,23:50:02 10 Aug 2020,40000
2020,President,Trump,Biden,,47,0.0006375,0.0349356,0.943125,0.056875,,0.3003314,0.9876923,0.9975348,0.0788006,57.6567,41.23232,,1.110989,51.19708,34.93907,,0.5735707,63.96899,47.67616,,1.709233,16.42438,3.523746,29.00376,1,2020-08-10,23:50:02 10 Aug 2020,40000
2020,President,Trump,Biden,,46,0.0002875,0.1042213,0.959175,0.040825,,0.2952537,0.9816289,0.9973587,0.056216,59.72815,38.77438,,1.497472,52.31139,31.51061,,0.7677038,67.0007,46.18534,,2.31359,20.95377,6.171618,35.46859,1,2020-08-10,23:50:02 10 Aug 2020,40000
2020,President,Trump,Biden,,45,0.0007625,0.0504571,0.86655,0.13345,,0.3269863,0.995504,0.997887,0.1863581,53.98724,45.11798,,0.8947822,48.79622,39.97686,,0.4641685,59.11864,50.30231,,1.372611,8.869255,-1.492559,19.15269,1,2020-08-10,23:50:02 10 Aug 2020,40000
2020,President,Trump,Biden,,44,0.0003875,0.1155414,0.022725,0.977275,,0.9482948,0.7282495,0.0758936,0.9983518,37.75798,60.79438,,1.447646,30.92463,53.7923,,0.742783,44.75121,67.67628,,2.235469,-23.0364,-36.71721,-9.018305,1,2020-08-10,23:50:02 10 Aug 2020,40000
2020,President,Trump,Biden,,56,3.75e-05,0.0181547,0.998075,0.001925,,0.2843975,0.9480519,0.9996478,0.0025601,68.52776,28.05293,,3.419302,61.52348,21.37214,,1.714353,75.39327,34.92834,,5.347442,40.47483,26.78407,53.86483,1,2020-08-10,23:50:02 10 Aug 2020,40000
2020,President,Trump,Biden,,41,0.0069375,0.4686939,0.09235,0.90765,,0.7883053,0.7641988,0.2563832,0.9729967,41.72209,55.86718,,2.410738,34.99184,49.01934,,1.220684,48.57527,62.59212,,3.749977,-14.14509,-27.54447,-0.5687637,1,2020-08-10,23:50:02 10 Aug 2020,40000
2020,President,Trump,Biden,,39,0.02695,0.6772282,0.5483,0.4517,,0.5151833,0.9966792,0.9948054,0.6315272,49.95747,48.96573,,1.076791,44.60014,43.63614,,0.5563158,55.29527,54.31355,,1.655874,0.9917417,-9.690645,11.64737,1,2020-08-10,23:50:02 10 Aug 2020,40000
2020,President,Trump,Biden,,38,1.25e-05,0.0047755,0.98435,0.01565,,0.2882613,0.9872205,0.9992957,0.0216728,60.95253,36.3456,,2.701878,54.10835,29.63322,,1.363713,67.70106,43.19754,,4.210088,24.60693,10.96692,38.00119,1,2020-08-10,23:50:02 10 Aug 2020,40000
2020,President,Trump,Biden,,37,0.0426375,1.211046,0.48995,0.51005,,0.5600572,0.9807372,0.9663673,0.7017009,49.49665,49.71948,,0.7838666,44.30202,44.57611,,0.4077349,54.65301,54.92101,,1.200255,-0.2228219,-10.62597,10.05829,1,2020-08-10,23:50:02 10 Aug 2020,40000
2020,President,Trump,Biden,,36,0.00115,0.0208054,0.00495,0.99505,,0.8737374,0.7157932,0.0152316,0.9991233,37.10867,61.77739,,1.113933,31.62871,56.20228,,0.5750548,42.67261,67.27499,,1.713825,-24.66872,-35.62001,-13.56421,1,2020-08-10,23:50:02 10 Aug 2020,40000
2020,President,Trump,Biden,,35,0.010675,1.854589,0.103025,0.896975,,0.9218636,0.7860308,0.3344779,0.9890233,43.19574,54.95996,,1.844298,37.27765,48.97243,,0.9405081,49.16742,60.88886,,2.857684,-11.76422,-23.56378,0.1750126,1,2020-08-10,23:50:02 10 Aug 2020,40000
2020,President,Trump,Biden,,34,0.0087625,0.316906,0.0494,0.9506,,0.8066801,0.7398748,0.1403416,0.9866036,40.77735,58.3312,,0.8914514,34.2008,51.68737,,0.4624767,47.40129,64.91461,,1.367436,-17.55386,-30.70252,-4.276491,1,2020-08-10,23:50:02 10 Aug 2020,40000
2020,President,Trump,Biden,,33,0.0136875,2.554628,0.28395,0.71605,,0.7527734,0.8988199,0.7527734,0.9028231,46.26348,52.67365,,1.06287,38.99487,45.3582,,0.5492841,53.60477,59.96383,,1.63416,-6.410164,-20.96639,8.245819,1,2020-08-10,23:50:02 10 Aug 2020,40000
2020,President,Trump,Biden,,32,0.0312875,3.633741,0.24085,0.75915,,0.8582105,0.8948824,0.7279451,0.9529721,46.08928,52.15948,,1.751243,40.53444,46.57491,,0.8943032,51.69418,57.73078,,2.711659,-6.070197,-17.15304,5.100773,1,2020-08-10,23:50:02 10 Aug 2020,40000
2020,President,Trump,Biden,,31,0.0,0.0,0.983325,0.016675,,0.2887652,1.0,1.0,0.0233912,58.97741,39.21654,,1.80605,53.34917,33.63782,,0.9209481,64.57805,44.83702,,2.798719,19.76086,8.556463,30.88584,1,2020-08-10,23:50:02 10 Aug 2020,40000
2020,President,Trump,Biden,,40,0.0001375,0.0134877,0.99175,0.00825,,0.2861104,0.9757576,0.9992957,0.0112923,63.36205,35.43941,,1.198537,56.90864,29.05649,,0.6176915,69.74721,41.90095,,1.845831,27.92264,15.0328,40.697,1,2020-08-10,23:50:02 10 Aug 2020,40000
2020,President,Trump,Biden,,21,0.0001,0.0069272,0.97175,0.02825,,0.2951891,0.9876106,0.9988683,0.0393443,59.46252,39.34658,,1.190904,52.95453,32.91482,,0.6149166,65.91264,45.84227,,1.8399,20.11594,7.14831,32.98389,1,2020-08-09,10:15:37 10 Aug 2020,40000
2020,President,Trump,Biden,,17,0.0042875,0.1077221,0.02,0.98,,0.8475,0.7205357,0.0590232,0.9957694,38.98234,59.47564,,1.542027,32.94564,53.41355,,0.7914609,45.05087,65.5337,,2.391459,-20.4933,-32.53661,-8.404139,1,2020-08-09,10:15:37 10 Aug 2020,40000
2020,President,Trump,Biden,,18,0.000225,0.0111375,0.943625,0.056375,,0.3041462,0.9968958,0.9993906,0.0792526,56.36675,42.23951,,1.393743,50.7392,36.57684,,0.7170602,62.04666,47.87909,,2.158445,14.12724,2.867069,25.41229,1,2020-08-09,10:15:37 10 Aug 2020,40000
2020,President,Trump,Biden,,19,0.0036625,0.3299843,0.6788,0.3212,,0.4216632,0.9968867,0.9966919,0.4515424,51.48487,47.13048,,1.384647,45.38844,41.02312,,0.7124891,57.59836,53.18733,,2.144137,4.354394,-7.755087,16.53371,1,2020-08-09,10:15:37 10 Aug 2020,40000
2020,President,Trump,Biden,,20,0.000175,0.0211201,0.93535,0.06465,,0.3069172,0.9980665,0.9996518,0.0909924,56.12019,42.07363,,1.806183,50.2128,36.23412,,0.9234675,61.97238,47.96936,,2.808055,14.04656,2.286497,25.71289,1,2020-08-09,10:15:37 10 Aug 2020,40000
2020,President,Trump,Biden,,26,0.0842125,2.377054,0.201325,0.798675,,0.9403949,0.8731962,0.659267,0.9834656,45.99121,52.87308,,1.135711,40.6681,47.53556,,0.587042,51.34178,58.19205,,1.753421,-6.881865,-17.50275,3.803968,1,2020-08-09,10:15:37 10 Aug 2020,40000
2020,President,Trump,Biden,,22,0.0018375,0.129882,0.907975,0.092025,,0.3098654,0.9348003,0.9797162,0.1213115,57.72653,41.45296,,0.8205099,49.88353,33.65739,,0.4271859,65.56186,49.2953,,1.261024,16.27357,0.5937939,31.89606,1,2020-08-09,10:15:37 10 Aug 2020,40000
2020,President,Trump,Biden,,23,0.0041375,0.776621,0.221825,0.778175,,0.7531838,0.8416166,0.5817881,0.9235678,45.06876,53.47118,,1.460062,37.95614,46.25805,,0.750733,52.2796,60.61496,,2.26574,-8.402426,-22.64156,5.985437,1,2020-08-09,10:15:37 10 Aug 2020,40000
2020,President,Trump,Biden,,24,0.0005125,0.0253467,0.00325,0.99675,,0.8,0.7108352,0.0090537,0.9991539,35.88638,62.73888,,1.374735,30.43722,57.20332,,0.7075071,41.4037,68.22143,,2.128548,-26.8525,-37.7439,-15.8494,1,2020-08-09,10:15:37 10 Aug 2020,40000
2020,President,Trump,Biden,,25,0.0004375,0.0183441,0.007225,0.992775,,0.8581315,0.7132784,0.0215896,0.9985898,34.40915,63.82009,,1.770761,27.52109,56.87952,,0.9058164,41.35753,70.71819,,2.752091,-29.41094,-43.14785,-15.54837,1,2020-08-09,10:15:37 10 Aug 2020,40000
2020,President,Trump,Biden,,15,0.0005625,0.1864094,0.0158,0.9842,,0.6265823,0.7145905,0.0344738,0.9917856,32.69076,65.47042,,1.83882,24.06385,56.67776,,0.939725,41.42064,74.14579,,2.859566,-32.77966,-50.0678,-15.30611,1,2020-08-09,10:15:37 10 Aug 2020,40000
2020,President,Trump,Biden,,16,6.25e-05,0.0129334,0.9881,0.0119,,0.290254,0.9642857,0.9986942,0.0161819,62.83084,34.03994,,3.129221,55.34296,26.68647,,1.576226,70.24149,41.45825,,4.906665,28.79091,14.0183,43.4501,1,2020-08-09,10:15:37 10 Aug 2020,40000
2020,President,Trump,Biden,,09,0.0015625,0.136663,0.0315,0.9685,,0.9349206,0.7300723,0.1025507,0.9971091,40.35362,58.71405,,0.9323372,34.28172,52.58512,,0.4840447,46.48637,64.76434,,1.435459,-18.36043,-30.49327,-6.123173,1,2020-08-09,10:15:37 10 Aug 2020,40000
2020,President,Trump,Biden,,13,0.0167,0.5480513,0.6643,0.3357,,0.4270661,0.9889783,0.9878994,0.4681826,51.12466,48.0525,,0.8228375,46.35231,43.26842,,0.428372,55.90355,52.81978,,1.264649,3.072155,-6.483082,12.61594,1,2020-08-09,10:15:37 10 Aug 2020,40000
2020,President,Trump,Biden,,12,0.225925,3.150899,0.356975,0.643025,,0.7499825,0.9690914,0.9322712,0.878759,48.09954,51.0986,,0.8018567,42.65809,45.62973,,0.4176771,53.55914,56.50786,,1.231976,-2.99905,-13.83718,7.928785,1,2020-08-09,10:15:37 10 Aug 2020,40000
2020,President,Trump,Biden,,11,0.0,0.0,0.0,1.0,,,0.709125,0.0,1.0,6.02105,90.43504,,3.543905,2.281758,85.82618,,1.778529,10.07774,94.64371,,5.568148,-84.41399,-92.12555,-76.03097,1,2020-08-09,10:15:37 10 Aug 2020,40000
2020,President,Trump,Biden,,10,6.25e-05,0.0194001,0.0042,0.9958,,0.9821429,0.7120405,0.0143641,0.9998943,38.06618,60.76482,,1.168995,33.01381,55.63688,,0.6038562,43.20601,65.80559,,1.805567,-22.69864,-32.74504,-12.46289,1,2020-08-09,10:15:37 10 Aug 2020,40000
2020,President,Trump,Biden,,08,0.02695,1.309668,0.168575,0.831425,,0.877206,0.8285173,0.51493,0.9714084,44.62114,53.49915,,1.879707,38.65408,47.49339,,0.960101,50.60059,59.44772,,2.924082,-8.878011,-20.77764,3.085426,1,2020-08-09,10:15:37 10 Aug 2020,40000
2020,President,Trump,Biden,,06,0.0025,0.0249212,0.004,0.996,,0.74375,0.710994,0.0103595,0.998625,34.64851,63.46964,,1.881843,28.622,57.34386,,0.9611645,40.77364,69.50868,,2.927448,-28.82113,-40.87133,-16.60959,1,2020-08-09,10:15:37 10 Aug 2020,40000
2020,President,Trump,Biden,,05,0.000325,0.0407438,0.92525,0.07475,,0.3092137,0.9849498,0.9962566,0.1038251,56.70325,41.66,,1.636749,50.04533,35.06131,,0.8388846,63.30423,48.29716,,2.540697,15.04326,1.782131,28.21819,1,2020-08-09,10:15:37 10 Aug 2020,40000
2020,President,Trump,Biden,,04,0.046175,2.337955,0.44555,0.55445,,0.5808551,0.9465687,0.9011927,0.7401022,48.73007,49.93944,,1.33049,42.5627,43.77996,,0.6852562,54.90477,56.07382,,2.058954,-1.209373,-13.46364,11.1054,1,2020-08-09,10:15:37 10 Aug 2020,40000
2020,President,Trump,Biden,,02,0.0019875,0.8849623,0.809825,0.190175,,0.3461242,0.9631918,0.9760599,0.2583113,53.77151,43.96986,,2.25863,46.4703,36.71101,,1.148112,61.03384,51.2715,,3.523389,9.80166,-4.747566,24.26056,1,2020-08-09,10:15:37 10 Aug 2020,40000
2020,President,Trump,Biden,,01,0.0003125,0.020723,0.9783,0.0217,,0.292855,0.9654378,0.9976495,0.0295435,60.01157,39.197,,0.7914367,53.87703,33.11205,,0.4123611,66.09097,45.3224,,1.215745,20.81457,8.585257,32.95926,1,2020-08-09,10:15:37 10 Aug 2020,40000
2020,President,Trump,Biden,,29,0.001025,0.0526304,0.86995,0.13005,,0.328927,0.991734,0.9964308,0.1818791,54.49832,44.04499,,1.456689,48.50491,38.05991,,0.7486687,60.49793,50.0301,,2.257398,10.45333,-1.506411,22.39083,1,2020-08-09,10:15:37 10 Aug 2020,40000
2020,President,Trump,Biden,,27,0.068775,3.199321,0.253375,0.746625,,0.8295017,0.8932195,0.7318708,0.9404548,46.45126,52.01147,,1.537268,40.9653,46.5025,,0.7890757,51.96477,57.49146,,2.383959,-5.560218,-16.47579,5.4198,1,2020-08-09,10:15:37 10 Aug 2020,40000
2020,President,Trump,Biden,,28,0.0023625,0.2784736,0.87285,0.12715,,0.3199863,0.9359025,0.9725777,0.1678125,55.61083,43.58799,,0.8011833,48.75552,36.74588,,0.4173337,62.44388,50.43922,,1.230927,12.02285,-1.691271,25.66833,1,2020-08-09,10:15:37 10 Aug 2020,40000
2020,President,Trump,Biden,,56,2.5e-05,0.0140602,0.996975,0.003025,,0.2878708,0.9421487,0.9993906,0.004019,68.61229,27.96799,,3.419714,61.05589,20.64736,,1.718067,76.08806,35.41226,,5.369716,40.64429,25.80918,55.32201,1,2020-08-09,10:15:37 10 Aug 2020,40000
2020,President,Trump,Biden,,42,0.1995625,4.520525,0.27715,0.72285,,0.8747069,0.9345992,0.8441716,0.9526882,47.34519,51.90294,,0.7518689,42.25126,46.8036,,0.392142,52.45456,56.99551,,1.154134,-4.55775,-14.74194,5.649338,1,2020-08-09,10:15:37 10 Aug 2020,40000
2020,President,Trump,Biden,,30,0.001225,0.3333879,0.8746,0.1254,,0.3254059,0.9792663,0.9910333,0.1731712,55.33365,42.64139,,2.024963,48.21167,35.55702,,1.032324,62.44044,49.7538,,3.153523,12.69226,-1.483685,26.82883,1,2020-08-09,10:15:37 10 Aug 2020,40000
2020,President,Trump,Biden,,55,0.0909875,4.253295,0.284775,0.715225,,0.8279343,0.925478,0.8210151,0.9334391,47.00578,51.95865,,1.035573,41.36401,46.24987,,0.5363759,52.69591,57.61135,,1.596829,-4.952878,-16.25589,6.435146,1,2020-08-09,10:15:37 10 Aug 2020,40000
2020,President,Trump,Biden,,54,7.5e-05,0.0147116,0.991825,0.008175,,0.2892647,0.9633027,0.9990424,0.0111052,66.07225,32.07719,,1.850565,58.23946,24.33361,,0.9455809,73.85323,39.87154,,2.878143,33.99506,18.38511,49.51039,1,2020-08-09,10:15:37 10 Aug 2020,40000
2020,President,Trump,Biden,,53,0.001075,0.0433286,0.013775,0.986225,,0.8330309,0.7167482,0.0399582,0.9968271,37.00851,60.72207,,2.269422,30.57333,54.17873,,1.153449,43.50444,67.18545,,3.540472,-23.71356,-36.52618,-10.73295,1,2020-08-09,10:15:37 10 Aug 2020,40000
2020,President,Trump,Biden,,51,0.021925,0.7362586,0.0924,0.9076,,0.9626623,0.7776278,0.3097414,0.9952759,44.34619,54.6087,,1.045107,39.41846,49.66392,,0.5412027,49.31095,59.52108,,1.611742,-10.26251,-20.0802,-0.3695221,1,2020-08-09,10:15:37 10 Aug 2020,40000
2020,President,Trump,Biden,,50,0.00015,0.0688304,0.011725,0.988275,,0.6801706,0.7138196,0.0277705,0.9948176,31.5011,65.77337,,2.725528,22.89895,56.98461,,1.378293,40.26059,74.46037,,4.263882,-34.27227,-51.50064,-16.79465,1,2020-08-09,10:15:37 10 Aug 2020,40000
2020,President,Trump,Biden,,49,0.000775,0.0920086,0.950675,0.049325,,0.3004707,0.9685758,0.9946896,0.0673718,57.13729,39.52272,,3.339984,50.30504,32.82163,,1.679205,63.91881,46.29594,,5.242458,17.61457,4.165924,30.98151,1,2020-08-09,10:15:37 10 Aug 2020,40000
2020,President,Trump,Biden,,47,0.000625,0.0343895,0.947825,0.052175,,0.3021127,0.9832295,0.9971272,0.0723427,57.78624,41.10229,,1.11147,51.37523,34.70991,,0.5747877,64.18234,47.4955,,1.715505,16.68396,3.868015,29.46342,1,2020-08-09,10:15:37 10 Aug 2020,40000
2020,President,Trump,Biden,,46,0.0004875,0.1787832,0.9519,0.0481,,0.2997689,0.9615384,0.993645,0.0652212,59.83553,38.66631,,1.498168,51.8487,30.78208,,0.7694756,67.77351,46.62445,,2.322504,21.16922,5.229053,36.97367,1,2020-08-09,10:15:37 10 Aug 2020,40000
2020,President,Trump,Biden,,45,0.001,0.0654208,0.8637,0.1363,,0.3314808,0.9930301,0.9969531,0.190869,54.01194,45.0928,,0.8952664,48.7459,39.86665,,0.4652152,59.23426,50.35801,,1.377559,8.919145,-1.608534,19.34972,1,2020-08-09,10:15:37 10 Aug 2020,40000
2020,President,Trump,Biden,,44,0.0006875,0.2108264,0.033575,0.966425,,0.8488458,0.7285615,0.0992426,0.9929138,37.82093,60.73074,,1.448322,30.24613,53.06317,,0.7444693,45.49363,68.2771,,2.244242,-22.90981,-37.99754,-7.584208,1,2020-08-09,10:15:37 10 Aug 2020,40000
2020,President,Trump,Biden,,48,0.0142625,0.2145764,0.7115,0.2885,,0.4028461,0.9980936,0.9980848,0.4060638,51.80645,47.17535,,1.018205,46.36344,41.75996,,0.5275824,57.22936,52.59449,,1.569666,4.631094,-6.1984,15.47819,1,2020-08-09,10:15:37 10 Aug 2020,40000
2020,President,Trump,Biden,,41,0.008325,0.5637516,0.11375,0.88625,,0.7206593,0.7647108,0.2854531,0.9557201,41.77252,55.81571,,2.411772,34.3417,48.30392,,1.223758,49.30788,63.28101,,3.765939,-14.04319,-28.89917,0.9625683,1,2020-08-09,10:15:37 10 Aug 2020,40000
2020,President,Trump,Biden,,35,0.0102,1.781855,0.1087,0.8913,,0.9038638,0.7842197,0.3421259,0.9856866,43.25358,54.90237,,1.844049,37.20336,48.82777,,0.9423324,49.34205,60.94254,,2.867837,-11.6488,-23.67879,0.4575043,1,2020-08-09,10:15:37 10 Aug 2020,40000
2020,President,Trump,Biden,,40,6.25e-05,0.0068698,0.99305,0.00695,,0.2889583,0.9640288,0.9992165,0.0094483,63.48083,35.32043,,1.198747,57.0009,28.92718,,0.6188744,69.88756,41.79829,,1.852193,28.1604,15.21603,40.94034,1,2020-08-09,10:15:37 10 Aug 2020,40000
2020,President,Trump,Biden,,32,0.0307375,3.576205,0.247975,0.752025,,0.8239742,0.8858415,0.7114999,0.9394324,46.16346,52.08514,,1.7514,40.44199,46.3843,,0.8961588,51.89368,57.78751,,2.72151,-5.921684,-17.28536,5.47506,1,2020-08-09,10:15:37 10 Aug 2020,40000
2020,President,Trump,Biden,,33,0.016,2.9648,0.2923,0.7077,,0.7404208,0.8960364,0.7536346,0.8942358,46.43448,52.50214,,1.063383,39.12387,45.10012,,0.5504575,53.86814,59.8182,,1.640336,-6.06766,-20.70006,8.747435,1,2020-08-09,10:15:37 10 Aug 2020,40000
2020,President,Trump,Biden,,34,0.0081125,0.293434,0.051,0.949,,0.8009804,0.7366175,0.1422478,0.9857923,40.87156,58.23649,,0.8919438,34.27441,51.5569,,0.4635265,47.53483,64.83719,,1.372377,-17.36493,-30.54487,-4.031448,1,2020-08-09,10:15:37 10 Aug 2020,40000
2020,President,Trump,Biden,,31,5e-05,0.0081259,0.984375,0.015625,,0.2916825,0.9952,0.9998259,0.0219284,59.07036,39.12334,,1.806295,53.32835,33.40286,,0.9238575,64.80647,44.84516,,2.811204,19.94702,8.522741,31.40154,1,2020-08-09,10:15:37 10 Aug 2020,40000
2020,President,Trump,Biden,,36,0.0014625,0.0274682,0.00575,0.99425,,0.8608696,0.7124466,0.0172369,0.9989071,37.19947,61.68604,,1.114491,31.58822,56.07145,,0.5763154,42.81119,67.29649,,1.720229,-24.48656,-35.68647,-13.27378,1,2020-08-09,10:15:37 10 Aug 2020,40000
2020,President,Trump,Biden,,37,0.0539625,1.534189,0.478,0.522,,0.5746862,0.9753352,0.9565596,0.7179623,49.42336,49.78928,,0.7873629,44.23122,44.54836,,0.4102803,54.6579,54.98962,,1.2094,-0.3659149,-10.74832,10.09898,1,2020-08-09,10:15:37 10 Aug 2020,40000
2020,President,Trump,Biden,,38,0.0,0.0,0.98395,0.01605,,0.2915545,0.9797508,0.9989554,0.0221752,61.07747,36.22164,,2.700891,54.12599,29.35266,,1.36617,67.98875,43.11939,,4.224691,24.85583,11.04061,38.54512,1,2020-08-09,10:15:37 10 Aug 2020,40000
2020,President,Trump,Biden,,39,0.034475,0.8662927,0.553775,0.446225,,0.5146946,0.9948456,0.9925133,0.626018,50.02864,48.89422,,1.077139,44.53817,43.40919,,0.5574204,55.52953,54.38104,,1.66184,1.134414,-9.832952,12.08945,1,2020-08-09,10:15:37 10 Aug 2020,40000
2020,President,Trump,Biden,,16,7.5e-05,0.0135517,0.988475,0.011525,,0.294317,0.9761388,0.9990556,0.0159461,62.85544,34.00651,,3.138049,55.3223,26.78827,,1.586233,70.21622,41.45078,,4.903815,28.84893,14.04569,43.30453,1,2020-08-08,10:19:17 10 Aug 2020,40000
2020,President,Trump,Biden,,27,0.0693875,3.207467,0.255625,0.744375,,0.8285574,0.8901427,0.7273352,0.9391921,46.45387,52.00489,,1.541244,40.99144,46.5235,,0.7939041,51.96012,57.45876,,2.382524,-5.551029,-16.42982,5.407764,1,2020-08-08,10:19:17 10 Aug 2020,40000
2020,President,Trump,Biden,,26,0.0817,2.307807,0.200925,0.799075,,0.9423915,0.8686919,0.6502404,0.9839121,46.00771,52.85386,,1.138432,40.72569,47.53725,,0.590591,51.32378,58.13628,,1.752395,-6.846139,-17.42062,3.770735,1,2020-08-08,10:19:17 10 Aug 2020,40000
2020,President,Trump,Biden,,25,0.0004875,0.0210886,0.0068,0.9932,,0.8419118,0.7092479,0.01966,0.9984763,34.43216,63.79234,,1.775501,27.52604,56.70689,,0.9114208,41.47543,70.71252,,2.750399,-29.36018,-43.12115,-15.24343,1,2020-08-08,10:19:17 10 Aug 2020,40000
2020,President,Trump,Biden,,24,0.0001875,0.0098633,0.002925,0.997075,,0.7948718,0.7069679,0.0079842,0.9991496,35.87479,62.74695,,1.378267,30.44351,57.2172,,0.7118759,41.37368,68.21011,,2.127254,-26.87216,-37.74313,-15.87181,1,2020-08-08,10:19:17 10 Aug 2020,40000
2020,President,Trump,Biden,,23,0.0038,0.7077058,0.220925,0.779075,,0.7636076,0.8390399,0.5793269,0.9265414,45.07236,53.46377,,1.463867,37.9229,46.18052,,0.7549033,52.34664,60.60941,,2.26077,-8.39141,-22.63652,6.153494,1,2020-08-08,10:19:17 10 Aug 2020,40000
2020,President,Trump,Biden,,22,0.0018125,0.124403,0.905075,0.094925,,0.3156921,0.9412694,0.9811985,0.1266478,57.71495,41.46268,,0.8223696,49.78519,33.68468,,0.4296582,65.49478,49.40455,,1.260556,16.25227,0.3928585,31.81923,1,2020-08-08,10:19:17 10 Aug 2020,40000
2020,President,Trump,Biden,,21,0.0003,0.0227099,0.9709,0.0291,,0.2996189,0.9896907,0.9989698,0.0408221,59.45987,39.34629,,1.193839,53.02532,32.97983,,0.6186861,65.84353,45.79741,,1.838945,20.11357,7.27634,32.82399,1,2020-08-08,10:19:17 10 Aug 2020,40000
2020,President,Trump,Biden,,20,0.0001375,0.0161494,0.93605,0.06395,,0.3109342,0.9976544,0.9994849,0.0904323,56.11382,42.07529,,1.810885,50.1972,36.2609,,0.9291283,61.96257,47.96646,,2.806118,14.03853,2.306709,25.6464,1,2020-08-08,10:19:17 10 Aug 2020,40000
2020,President,Trump,Biden,,19,0.0041625,0.3787874,0.678075,0.321925,,0.4276076,0.9960395,0.9957074,0.4545003,51.48521,47.12664,,1.388147,45.42067,41.06096,,0.7168547,57.55599,53.18346,,2.14272,4.358579,-7.727432,16.46416,1,2020-08-08,10:19:17 10 Aug 2020,40000
2020,President,Trump,Biden,,18,0.000275,0.0136719,0.943175,0.056825,,0.3086384,0.9982402,0.9996566,0.080404,56.36699,42.2358,,1.39721,50.6763,36.63148,,0.7214207,61.9921,47.92972,,2.156908,14.13119,2.784832,25.29105,1,2020-08-08,10:19:17 10 Aug 2020,40000
2020,President,Trump,Biden,,17,0.0042625,0.1099099,0.02145,0.97855,,0.8449883,0.7176179,0.0622424,0.9953579,39.01691,59.43721,,1.54588,33.0025,53.38992,,0.7962349,45.05587,65.45207,,2.389791,-20.42029,-32.41948,-8.39327,1,2020-08-08,10:19:17 10 Aug 2020,40000
2020,President,Trump,Biden,,28,0.0027125,0.3221592,0.8724,0.1276,,0.3255101,0.9416144,0.9751889,0.1703047,55.6323,43.56471,,0.8029888,48.76799,36.70972,,0.4197448,62.48805,50.46059,,1.230471,12.06759,-1.659967,25.80818,1,2020-08-08,10:19:17 10 Aug 2020,40000
2020,President,Trump,Biden,,15,0.0005125,0.1661434,0.016675,0.983325,,0.6296852,0.7112603,0.0360577,0.9913536,32.72596,65.43094,,1.8431,24.0862,56.5792,,0.9452406,41.54748,74.07661,,2.856787,-32.70498,-49.97101,-15.08751,1,2020-08-08,10:19:17 10 Aug 2020,40000
2020,President,Trump,Biden,,13,0.0174625,0.5770332,0.662025,0.337975,,0.4343869,0.9889045,0.9875515,0.473742,51.12186,48.05346,,0.8246787,46.36836,43.30326,,0.4308391,55.89976,52.79275,,1.264141,3.068406,-6.406805,12.57824,1,2020-08-08,10:19:17 10 Aug 2020,40000
2020,President,Trump,Biden,,12,0.229225,3.211087,0.3623,0.6377,,0.7484819,0.967814,0.9312328,0.8748051,48.13262,51.0639,,0.8034878,42.68684,45.58587,,0.42,53.61037,56.52211,,1.231246,-2.931277,-13.81242,8.023602,1,2020-08-08,10:19:17 10 Aug 2020,40000
2020,President,Trump,Biden,,11,0.0,0.0,0.0,1.0,,,0.7055,0.0,1.0,5.962164,90.4836,,3.55423,2.250959,85.84161,,1.789995,10.03126,94.67166,,5.565252,-84.52144,-92.17182,-76.11082,1,2020-08-08,10:19:17 10 Aug 2020,40000
2020,President,Trump,Biden,,10,7.5e-05,0.0230719,0.004075,0.995925,,0.9754601,0.7082863,0.0136504,0.9998583,38.06803,60.76005,,1.171921,33.00014,55.64517,,0.6075766,43.17162,65.84848,,1.804702,-22.69202,-32.8431,-12.50037,1,2020-08-08,10:19:17 10 Aug 2020,40000
2020,President,Trump,Biden,,09,0.0014125,0.1241284,0.032825,0.967175,,0.9299315,0.7270918,0.1048249,0.9967753,40.36943,58.69598,,0.9345929,34.24433,52.51994,,0.4869536,46.52316,64.82606,,1.434947,-18.32654,-30.55548,-5.989929,1,2020-08-08,10:19:17 10 Aug 2020,40000
2020,President,Trump,Biden,,08,0.0255,1.244584,0.16685,0.83315,,0.8796824,0.8233811,0.5040351,0.97236,44.61334,53.50233,,1.884332,38.64964,47.55359,,0.9658497,50.58061,59.4316,,2.921603,-8.888988,-20.77498,2.987053,1,2020-08-08,10:19:17 10 Aug 2020,40000
2020,President,Trump,Biden,,06,0.002075,0.020737,0.004125,0.995875,,0.7454545,0.707393,0.0105598,0.9985471,34.68534,63.42844,,1.886219,28.64899,57.27,,0.9667929,40.80717,69.53438,,2.924571,-28.7431,-40.83398,-16.49826,1,2020-08-08,10:19:17 10 Aug 2020,40000
2020,President,Trump,Biden,,05,0.000525,0.0653935,0.9261,0.0739,,0.3135191,0.9878214,0.997081,0.1034727,56.73547,41.6236,,1.640936,50.09607,35.09542,,0.8439767,63.28164,48.28614,,2.538879,15.11187,1.835983,28.12863,1,2020-08-08,10:19:17 10 Aug 2020,40000
2020,President,Trump,Biden,,04,0.04605,2.335029,0.454925,0.545075,,0.5782272,0.9461542,0.903331,0.7310064,48.8191,49.85804,,1.322854,42.65953,43.67399,,0.6839311,55.00555,56.02632,,2.040545,-1.03894,-13.3227,11.35552,1,2020-08-08,10:19:17 10 Aug 2020,40000
2020,President,Trump,Biden,,02,0.001625,0.7235122,0.81355,0.18645,,0.3490873,0.9607133,0.9752747,0.2538979,53.78911,43.94679,,2.264093,46.5279,36.76665,,1.155021,60.96107,51.20958,,3.519843,9.842319,-4.58045,24.16499,1,2020-08-08,10:19:17 10 Aug 2020,40000
2020,President,Trump,Biden,,01,0.00025,0.0161496,0.97875,0.02125,,0.2968327,0.9670588,0.997682,0.0291283,60.01046,39.19633,,0.7932094,53.90263,33.10123,,0.4147422,66.09545,45.31091,,1.215275,20.81414,8.608028,33.00431,1,2020-08-08,10:19:17 10 Aug 2020,40000
2020,President,Trump,Biden,,29,0.0013375,0.0673381,0.8698,0.1302,,0.334071,0.9948156,0.9978537,0.1835932,54.47985,44.05983,,1.460319,48.46645,38.12449,,0.7531931,60.4436,50.04934,,2.255663,10.42003,-1.529877,22.27057,1,2020-08-08,10:19:17 10 Aug 2020,40000
2020,President,Trump,Biden,,35,0.00955,1.670218,0.111725,0.888275,,0.9022152,0.7822183,0.3461539,0.9848689,43.30505,54.84687,,1.848073,37.25652,48.74045,,0.9477268,49.40415,60.92912,,2.864603,-11.54182,-23.59466,0.5903473,1,2020-08-08,10:19:17 10 Aug 2020,40000
2020,President,Trump,Biden,,30,0.0007625,0.2087385,0.87835,0.12165,,0.3283145,0.9765722,0.9902987,0.1683912,55.35291,42.61717,,2.029917,48.25739,35.63282,,1.038506,62.34492,49.67923,,3.150822,12.73574,-1.37426,26.63514,1,2020-08-08,10:19:17 10 Aug 2020,40000
2020,President,Trump,Biden,,44,0.000975,0.2969465,0.032775,0.967225,,0.8527842,0.7244178,0.0959821,0.9931609,37.87155,60.67656,,1.451897,30.23613,52.97132,,0.7489555,45.5728,68.28859,,2.242482,-22.80501,-38.05462,-7.448116,1,2020-08-08,10:19:17 10 Aug 2020,40000
2020,President,Trump,Biden,,31,1.25e-05,0.0019512,0.9832,0.0168,,0.2961249,0.9970238,0.9998283,0.023742,59.08689,39.10228,,1.810828,53.35229,33.46546,,0.9269497,64.76,44.80824,,2.80734,19.98462,8.613773,31.26444,1,2020-08-08,10:19:17 10 Aug 2020,40000
2020,President,Trump,Biden,,55,0.09035,4.216846,0.2853,0.7147,,0.8298283,0.9211208,0.8130151,0.9331325,47.01913,51.94283,,1.038046,41.40851,46.32933,,0.5396079,52.62421,57.54844,,1.596003,-4.923697,-16.12045,6.287649,1,2020-08-08,10:19:17 10 Aug 2020,40000
2020,President,Trump,Biden,,54,0.0001625,0.0357413,0.991275,0.008725,,0.2935361,0.9742121,0.9992273,0.0120482,66.04839,32.0962,,1.855406,58.14912,24.42329,,0.9513929,73.78558,39.95925,,2.87613,33.95219,18.23915,49.3313,1,2020-08-08,10:19:17 10 Aug 2020,40000
2020,President,Trump,Biden,,53,0.001275,0.0502498,0.014425,0.985575,,0.8214905,0.7132892,0.0406937,0.9964564,37.03301,60.69159,,2.275408,30.62151,54.17856,,1.16064,43.4948,67.13676,,3.537705,-23.65858,-36.4433,-10.74786,1,2020-08-08,10:19:17 10 Aug 2020,40000
2020,President,Trump,Biden,,51,0.0213875,0.719336,0.092025,0.907975,,0.9581636,0.7729563,0.3027988,0.9947909,44.33708,54.61525,,1.047672,39.36634,49.63913,,0.5444996,49.31382,59.59723,,1.61097,-10.27817,-20.23163,-0.3358212,1,2020-08-08,10:19:17 10 Aug 2020,40000
2020,President,Trump,Biden,,50,0.000275,0.1207829,0.01235,0.98765,,0.7165992,0.7108287,0.0303915,0.9951099,31.46801,65.79895,,2.733037,22.82592,57.00199,,1.387121,40.19627,74.46454,,4.261622,-34.33094,-51.51339,-16.88433,1,2020-08-08,10:19:17 10 Aug 2020,40000
2020,President,Trump,Biden,,49,0.000625,0.0719887,0.9518,0.0482,,0.3052112,0.9844398,0.9975961,0.0672573,57.14221,39.50977,,3.348018,50.37637,32.9267,,1.68914,63.81283,46.23027,,5.237315,17.63243,4.335529,30.7762,1,2020-08-08,10:19:17 10 Aug 2020,40000
2020,President,Trump,Biden,,47,0.0007875,0.04277,0.948,0.052,,0.30625,0.9826923,0.9969952,0.0724309,57.76856,41.11724,,1.114192,51.36665,34.71412,,0.5782882,64.16026,47.53019,,1.714602,16.65132,3.875706,29.40038,1,2020-08-08,10:19:17 10 Aug 2020,40000
2020,President,Trump,Biden,,46,0.000425,0.157973,0.948925,0.051075,,0.3050294,0.9647577,0.9939904,0.0698441,59.7987,38.69942,,1.501886,51.78128,30.76204,,0.7741098,67.72704,46.71949,,2.320822,21.09928,5.088213,36.98283,1,2020-08-08,10:19:17 10 Aug 2020,40000
2020,President,Trump,Biden,,45,0.0012625,0.0814752,0.86435,0.13565,,0.3359172,0.9933653,0.997081,0.1909993,54.02133,45.08131,,0.8973634,48.77536,39.84493,,0.4679676,59.24457,50.33392,,1.376988,8.940025,-1.541382,19.38386,1,2020-08-08,10:19:17 10 Aug 2020,40000
2020,President,Trump,Biden,,48,0.01475,0.2204101,0.710375,0.289625,,0.4089741,0.9975831,0.997682,0.4095322,51.81714,47.1626,,1.020262,46.34296,41.70741,,0.5305667,57.28241,52.63846,,1.568355,4.65454,-6.258251,15.57046,1,2020-08-08,10:19:17 10 Aug 2020,40000
2020,President,Trump,Biden,,42,0.197975,4.482805,0.28025,0.71975,,0.8721677,0.9321292,0.8393716,0.9509568,47.34121,51.90522,,0.753572,42.27145,46.80951,,0.3944333,52.45166,56.96628,,1.15368,-4.564016,-14.66593,5.616827,1,2020-08-08,10:19:17 10 Aug 2020,40000
2020,President,Trump,Biden,,40,5e-05,0.0050972,0.992275,0.007725,,0.2933663,0.9838188,0.9996566,0.0107725,63.4702,35.32823,,1.20157,56.97934,28.96048,,0.6226033,69.85252,41.82001,,1.851015,28.14198,15.18343,40.86464,1,2020-08-08,10:19:17 10 Aug 2020,40000
2020,President,Trump,Biden,,39,0.0349375,0.873997,0.5544,0.4456,,0.5203824,0.9937724,0.990728,0.6276754,50.04704,48.87327,,1.079693,44.62,43.43939,,0.5607657,55.48866,54.29581,,1.660833,1.173774,-9.634636,12.03769,1,2020-08-08,10:19:17 10 Aug 2020,40000
2020,President,Trump,Biden,,38,2.5e-05,0.0106733,0.9843,0.0157,,0.295667,0.9888535,0.9993991,0.0220057,61.08149,36.21019,,2.70832,54.12741,29.40872,,1.374925,67.94173,43.09004,,4.222507,24.87129,11.14819,38.44854,1,2020-08-08,10:19:17 10 Aug 2020,40000
2020,President,Trump,Biden,,37,0.0546625,1.54915,0.48195,0.51805,,0.5799357,0.9765949,0.9598214,0.7171155,49.40613,49.80471,,0.7891524,44.1421,44.56258,,0.4126661,54.65937,55.03669,,1.208969,-0.3985832,-10.86375,10.11403,1,2020-08-08,10:19:17 10 Aug 2020,40000
2020,President,Trump,Biden,,36,0.001275,0.0232864,0.00495,0.99505,,0.8434343,0.7082307,0.0143372,0.9989015,37.20422,61.67852,,1.117259,31.62421,56.01965,,0.5798452,42.85358,67.2686,,1.719384,-24.4743,-35.63484,-13.19107,1,2020-08-08,10:19:17 10 Aug 2020,40000
2020,President,Trump,Biden,,56,6.25e-05,0.0362079,0.9967,0.0033,,0.2920889,0.9772727,0.9997424,0.0045712,68.63634,27.93414,,3.429524,61.01579,20.6392,,1.729031,76.08185,35.43589,,5.366887,40.7022,25.83135,55.2963,1,2020-08-08,10:19:17 10 Aug 2020,40000
2020,President,Trump,Biden,,34,0.0081875,0.2985257,0.05255,0.94745,,0.8035204,0.733759,0.1450034,0.9854004,40.88746,58.21845,,0.8940888,34.26356,51.50583,,0.4662967,47.61112,64.84197,,1.371892,-17.33099,-30.58777,-3.878042,1,2020-08-08,10:19:17 10 Aug 2020,40000
2020,President,Trump,Biden,,33,0.015925,2.942787,0.2927,0.7073,,0.7433379,0.8924785,0.7471669,0.8947555,46.39619,52.5378,,1.066006,38.99414,45.12715,,0.5538132,53.83539,59.90903,,1.639508,-6.141609,-20.91737,8.697495,1,2020-08-08,10:19:17 10 Aug 2020,40000
2020,President,Trump,Biden,,41,0.007625,0.5153968,0.11385,0.88615,,0.7257356,0.7613271,0.2837397,0.9562721,41.80167,55.78007,,2.418253,34.38385,48.27074,,1.231485,49.27494,63.20491,,3.763403,-13.9784,-28.75629,0.8671036,1,2020-08-08,10:19:17 10 Aug 2020,40000
2020,President,Trump,Biden,,32,0.03165,3.672062,0.252075,0.747925,,0.8359615,0.8887923,0.7236435,0.9422395,46.204,52.04045,,1.755548,40.49323,46.31828,,0.9014306,51.9274,57.76598,,2.718986,-5.836458,-17.26004,5.574051,1,2020-08-08,10:19:17 10 Aug 2020,40000
2020,President,Trump,Biden,,22,0.0027375,0.1908421,0.9055,0.0945,,0.322032,0.9407408,0.9813226,0.1271453,57.76782,41.41096,,0.8212186,49.81754,33.47612,,0.4302607,65.71173,49.3524,,1.265233,16.35686,0.4830036,32.24028,1,2020-08-07,10:19:37 10 Aug 2020,40000
2020,President,Trump,Biden,,18,0.0002625,0.0130837,0.94075,0.05925,,0.315679,0.9966245,0.999411,0.0844537,56.39561,42.20929,,1.395103,50.68064,36.50735,,0.7224659,62.101,47.93213,,2.165866,14.18632,2.827799,25.54606,1,2020-08-07,10:19:37 10 Aug 2020,40000
2020,President,Trump,Biden,,19,0.0041375,0.3732127,0.68425,0.31575,,0.4326635,0.9964371,0.9962982,0.4499786,51.51973,47.09421,,1.386057,45.31921,40.96373,,0.7178898,57.64281,53.24564,,2.151603,4.425527,-7.879095,16.63591,1,2020-08-07,10:19:37 10 Aug 2020,40000
2020,President,Trump,Biden,,20,6.25e-05,0.0066956,0.9354,0.0646,,0.3175112,0.997678,0.9994952,0.0921768,56.16716,42.02483,,1.808018,50.22601,36.1652,,0.9303907,62.03093,47.95085,,2.818094,14.14233,2.322361,25.83835,1,2020-08-07,10:19:37 10 Aug 2020,40000
2020,President,Trump,Biden,,21,0.0002875,0.0220269,0.971175,0.028825,,0.3057122,0.991327,0.9991587,0.0408681,59.50345,39.30447,,1.192085,52.95225,32.82295,,0.6195475,66.01201,45.82532,,1.846305,20.19898,7.139957,33.19479,1,2020-08-07,10:19:37 10 Aug 2020,40000
2020,President,Trump,Biden,,26,0.0853625,2.417069,0.20745,0.79255,,0.9438419,0.8678948,0.6589265,0.9837672,46.04987,52.81337,,1.136771,40.65282,47.43103,,0.5914225,51.44816,58.21212,,1.759362,-6.763502,-17.52966,4.008926,1,2020-08-07,10:19:37 10 Aug 2020,40000
2020,President,Trump,Biden,,23,0.0039625,0.7416685,0.2231,0.7769,,0.7725235,0.8351783,0.5800101,0.9279891,45.08868,53.44962,,1.461692,37.82541,46.15945,,0.7567191,52.4141,60.70658,,2.271388,-8.36094,-22.83555,6.241026,1,2020-08-07,10:19:37 10 Aug 2020,40000
2020,President,Trump,Biden,,24,0.0003125,0.015871,0.0029,0.9971,,0.8189655,0.7007071,0.0079926,0.9992492,35.91316,62.71065,,1.376195,30.4027,57.12532,,0.7129002,41.50014,68.23349,,2.136055,-26.79749,-37.80815,-15.66716,1,2020-08-07,10:19:37 10 Aug 2020,40000
2020,President,Trump,Biden,,25,0.000475,0.0213003,0.006825,0.993175,,0.8498169,0.7029728,0.0195188,0.998534,34.4724,63.75489,,1.772702,27.59465,56.69739,,0.9126599,41.50319,70.6568,,2.762242,-29.28249,-43.01261,-15.22276,1,2020-08-07,10:19:37 10 Aug 2020,40000
2020,President,Trump,Biden,,16,0.0001,0.0180569,0.988225,0.011775,,0.3003871,0.9723992,0.9989904,0.0163759,62.90475,33.96276,,3.132482,55.39048,26.62228,,1.588402,70.33737,41.38998,,4.924383,28.94198,14.13877,43.64544,1,2020-08-07,10:19:37 10 Aug 2020,40000
2020,President,Trump,Biden,,17,0.0039625,0.0995337,0.0217,0.9783,,0.828341,0.7109527,0.0604913,0.994744,39.05486,59.40163,,1.543506,33.01996,53.25591,,0.79741,45.16198,65.47173,,2.399949,-20.34678,-32.39706,-8.155443,1,2020-08-07,10:19:37 10 Aug 2020,40000
2020,President,Trump,Biden,,01,0.00025,0.0162518,0.977125,0.022875,,0.3033389,0.9672131,0.997476,0.0316433,60.04398,39.16392,,0.7921029,53.82983,32.96336,,0.4153254,66.2467,45.39296,,1.219756,20.88005,8.453159,33.28848,1,2020-08-07,10:19:37 10 Aug 2020,40000
2020,President,Trump,Biden,,15,0.0004375,0.1483486,0.016775,0.983225,,0.6408346,0.7050268,0.036177,0.9914188,32.7353,65.42453,,1.840172,23.99433,56.53896,,0.9465247,41.62716,74.1982,,2.868961,-32.68923,-50.2006,-14.93613,1,2020-08-07,10:19:37 10 Aug 2020,40000
2020,President,Trump,Biden,,13,0.0182625,0.6055809,0.66825,0.33175,,0.4395062,0.9893745,0.9883897,0.4694293,51.16124,48.01523,,0.8235241,46.3101,43.14341,,0.4314435,56.02017,52.88003,,1.268837,3.146011,-6.55282,12.84984,1,2020-08-07,10:19:37 10 Aug 2020,40000
2020,President,Trump,Biden,,12,0.222225,3.106686,0.36695,0.63305,,0.7567107,0.9686834,0.9344607,0.8770381,48.16751,51.03012,,0.8023655,42.64072,45.51683,,0.4205896,53.68154,56.56674,,1.235777,-2.862618,-13.9183,8.145527,1,2020-08-07,10:19:37 10 Aug 2020,40000
2020,President,Trump,Biden,,11,0.0,0.0,7.5e-05,0.999925,,0.0,0.6991774,0.0,0.9998927,5.972383,90.47985,,3.547765,2.260614,85.87335,,1.792427,10.05149,94.69556,,5.58924,-84.50747,-92.20264,-76.15496,1,2020-08-07,10:19:37 10 Aug 2020,40000
2020,President,Trump,Biden,,10,0.0001375,0.0426205,0.004425,0.995575,,0.960452,0.7021319,0.0143025,0.9997497,38.10775,60.72204,,1.170204,32.99092,55.55138,,0.6084262,43.27407,65.84856,,1.811904,-22.61429,-32.82378,-12.29239,1,2020-08-07,10:19:37 10 Aug 2020,40000
2020,President,Trump,Biden,,09,0.0014375,0.1218409,0.032425,0.967575,,0.9452583,0.7208227,0.1031466,0.9974971,40.41021,58.65653,,0.9332651,34.29359,52.45954,,0.487657,46.60988,64.77642,,1.440501,-18.24632,-30.48308,-5.858463,1,2020-08-07,10:19:37 10 Aug 2020,40000
2020,President,Trump,Biden,,08,0.0254125,1.237195,0.170675,0.829325,,0.8822323,0.8196123,0.5067306,0.9721467,44.64526,53.47341,,1.881324,38.6329,47.43434,,0.9671764,50.66303,59.49715,,2.934056,-8.828146,-20.83488,3.122339,1,2020-08-07,10:19:37 10 Aug 2020,40000
2020,President,Trump,Biden,,06,0.0023125,0.0234527,0.00455,0.99545,,0.7692308,0.7013411,0.0117786,0.9984983,34.70726,63.40954,,1.883208,28.59458,57.21403,,0.9681219,40.87093,69.55412,,2.937039,-28.70228,-40.91772,-16.40652,1,2020-08-07,10:19:37 10 Aug 2020,40000
2020,President,Trump,Biden,,05,0.0005375,0.0685406,0.923825,0.076175,,0.3204882,0.9858878,0.9963823,0.1074085,56.76168,41.59993,,1.638387,49.99979,34.88877,,0.845193,63.47364,48.34674,,2.549731,15.16174,1.670517,28.53062,1,2020-08-07,10:19:37 10 Aug 2020,40000
2020,President,Trump,Biden,,04,0.04615,2.333647,0.4561,0.5439,,0.5889059,0.9453024,0.9039206,0.7353404,48.83262,49.8465,,1.320879,42.61564,43.64204,,0.6848946,55.05502,56.06201,,2.048934,-1.013876,-13.42386,11.38299,1,2020-08-07,10:19:37 10 Aug 2020,40000
2020,President,Trump,Biden,,02,0.001925,0.8610562,0.814525,0.185475,,0.3576317,0.968055,0.9803129,0.2567935,53.81476,43.9249,,2.260338,46.5016,36.66599,,1.156504,61.08544,51.26163,,3.535,9.889857,-4.699789,24.3235,1,2020-08-07,10:19:37 10 Aug 2020,40000
2020,President,Trump,Biden,,28,0.00255,0.3013949,0.871975,0.128025,,0.3324923,0.9425893,0.9756857,0.1725901,55.65495,43.54318,,0.8018672,48.73754,36.64867,,0.4203341,62.55954,50.46424,,1.234999,12.11177,-1.71797,25.93554,1,2020-08-07,10:19:37 10 Aug 2020,40000
2020,President,Trump,Biden,,27,0.0687875,3.196386,0.2592,0.7408,,0.8309221,0.8858329,0.7248023,0.9385369,46.47535,51.98578,,1.538878,40.92308,46.44938,,0.7950768,52.01243,57.54553,,2.392655,-5.510434,-16.61727,5.520041,1,2020-08-07,10:19:37 10 Aug 2020,40000
2020,President,Trump,Biden,,35,0.010725,1.847286,0.1118,0.8882,,0.9125671,0.7764862,0.3433451,0.9863773,43.31789,54.83698,,1.845135,37.26917,48.70187,,0.9490142,49.41647,60.9142,,2.876814,-11.51909,-23.59912,0.6775608,1,2020-08-07,10:19:37 10 Aug 2020,40000
2020,President,Trump,Biden,,29,0.00105,0.0528625,0.87015,0.12985,,0.3402,0.9913362,0.996214,0.1841033,54.52533,44.01657,,1.4581,48.44864,37.9908,,0.7543091,60.54869,50.05172,,2.265233,10.50876,-1.569971,22.5094,1,2020-08-07,10:19:37 10 Aug 2020,40000
2020,President,Trump,Biden,,44,0.0010875,0.3234559,0.034825,0.965175,,0.879397,0.7202321,0.1030624,0.9942077,37.90791,60.6424,,1.449693,30.34176,52.90818,,0.750062,45.62872,68.23811,,2.251968,-22.73448,-37.87271,-7.307566,1,2020-08-07,10:19:37 10 Aug 2020,40000
2020,President,Trump,Biden,,56,2.5e-05,0.0156827,0.997025,0.002975,,0.297811,0.9243698,0.9992428,0.0039331,68.65475,27.92191,,3.42333,61.08624,20.56775,,1.731371,76.1274,35.41043,,5.389745,40.73285,25.85165,55.37415,1,2020-08-07,10:19:37 10 Aug 2020,40000
2020,President,Trump,Biden,,55,0.08885,4.148638,0.289475,0.710525,,0.8348735,0.9184054,0.8133098,0.9332809,47.05732,51.90613,,1.036551,41.36413,46.18089,,0.5403956,52.77396,57.59855,,1.602198,-4.848808,-16.21778,6.594496,1,2020-08-07,10:19:37 10 Aug 2020,40000
2020,President,Trump,Biden,,54,2.5e-05,0.0055716,0.991175,0.008825,,0.2995687,0.9745042,0.9992428,0.0122998,66.0964,32.05115,,1.852454,58.09051,24.24577,,0.9526852,73.95186,39.99088,,2.888395,34.04525,18.15364,49.64645,1,2020-08-07,10:19:37 10 Aug 2020,40000
2020,President,Trump,Biden,,53,0.0014375,0.0570949,0.015025,0.984975,,0.8386023,0.7074291,0.0424028,0.9965675,37.04551,60.68287,,2.27163,30.56308,54.12154,,1.162123,43.60808,67.18557,,3.552922,-23.63736,-36.5547,-10.59829,1,2020-08-07,10:19:37 10 Aug 2020,40000
2020,President,Trump,Biden,,51,0.0217625,0.7342066,0.09715,0.90285,,0.9693773,0.7712244,0.3169275,0.9958524,44.38164,54.5722,,1.04616,39.34942,49.53295,,0.5452956,49.40573,59.58769,,1.617234,-10.19056,-20.2054,-0.131979,1,2020-08-07,10:19:37 10 Aug 2020,40000
2020,President,Trump,Biden,,50,0.00025,0.1109943,0.0123,0.9877,,0.703252,0.7042624,0.0291099,0.9948512,31.50659,65.76508,,2.728324,22.90833,56.9281,,1.38878,40.33369,74.43252,,4.279261,-34.2585,-51.42494,-16.62515,1,2020-08-07,10:19:37 10 Aug 2020,40000
2020,President,Trump,Biden,,30,0.000875,0.2440201,0.87705,0.12295,,0.3356707,0.9770232,0.9907454,0.1718035,55.34844,42.62494,,2.026626,48.2279,35.58484,,1.039944,62.44621,49.72747,,3.164453,12.72351,-1.473328,26.77285,1,2020-08-07,10:19:37 10 Aug 2020,40000
2020,President,Trump,Biden,,48,0.014275,0.2146426,0.713475,0.286525,,0.4155366,0.9975569,0.9977284,0.4087886,51.84438,47.13683,,1.018795,46.321,41.63313,,0.5313432,57.35277,52.65958,,1.574414,4.707546,-6.341791,15.68629,1,2020-08-07,10:19:37 10 Aug 2020,40000
2020,President,Trump,Biden,,47,0.000675,0.0378537,0.945375,0.054625,,0.3134206,0.9844394,0.9971395,0.0769093,57.82881,41.05862,,1.112571,51.28782,34.54392,,0.5791115,64.36676,47.61483,,1.721351,16.7702,3.684488,29.79794,1,2020-08-07,10:19:37 10 Aug 2020,40000
2020,President,Trump,Biden,,46,0.0002625,0.0953823,0.949025,0.050975,,0.3108717,0.957332,0.9928488,0.0697941,59.88356,38.61685,,1.499592,51.86188,30.65254,,0.7752607,67.85384,46.64673,,2.330722,21.26671,5.23971,37.15873,1,2020-08-07,10:19:37 10 Aug 2020,40000
2020,President,Trump,Biden,,45,0.0015625,0.1003163,0.862225,0.137775,,0.3440517,0.9963709,0.9983174,0.1963315,54.05988,45.04402,,0.8960953,48.71951,39.73054,,0.4686338,59.3562,50.37569,,1.38226,9.015864,-1.639725,19.62887,1,2020-08-07,10:19:37 10 Aug 2020,40000
2020,President,Trump,Biden,,49,0.000525,0.0615662,0.95135,0.04865,,0.3111894,0.9773895,0.9962982,0.0680063,57.19154,39.46646,,3.342,50.44837,32.77946,,1.691441,63.94715,46.18944,,5.259578,17.72508,4.442129,31.00723,1,2020-08-07,10:19:37 10 Aug 2020,40000
2020,President,Trump,Biden,,42,0.2007875,4.548765,0.28645,0.71355,,0.8764182,0.9321351,0.8448595,0.9512658,47.39407,51.8534,,0.752526,42.27,46.72212,,0.3950024,52.52095,56.97521,,1.157998,-4.459332,-14.70754,5.80109,1,2020-08-07,10:19:37 10 Aug 2020,40000
2020,President,Trump,Biden,,40,6.25e-05,0.006422,0.9912,0.0088,,0.2995864,0.9772727,0.9993269,0.0122998,63.50489,35.29531,,1.199803,56.96686,28.78253,,0.623469,70.03545,41.83119,,1.858442,28.20958,15.14301,41.26702,1,2020-08-07,10:19:37 10 Aug 2020,40000
2020,President,Trump,Biden,,39,0.0355,0.8893468,0.56075,0.43925,,0.5252786,0.9937962,0.9912502,0.6243206,50.09264,48.82924,,1.078128,44.54094,43.31945,,0.5615833,55.59916,54.36366,,1.667322,1.263405,-9.802477,12.26288,1,2020-08-07,10:19:37 10 Aug 2020,40000
2020,President,Trump,Biden,,38,7.5e-05,0.0309405,0.98355,0.01645,,0.3019419,0.9893617,0.999411,0.0232766,61.10001,36.19633,,2.703658,54.15685,29.3538,,1.376557,68.01201,43.08829,,4.239994,24.90367,11.18531,38.58429,1,2020-08-07,10:19:37 10 Aug 2020,40000
2020,President,Trump,Biden,,37,0.0553125,1.570884,0.4892,0.5108,,0.5804886,0.9731304,0.9556621,0.7109196,49.46742,49.74453,,0.7880521,44.11994,44.44147,,0.413247,54.76403,55.09114,,1.213433,-0.2771004,-10.96592,10.30865,1,2020-08-07,10:19:37 10 Aug 2020,40000
2020,President,Trump,Biden,,36,0.0013625,0.0255936,0.00535,0.99465,,0.8738317,0.7022822,0.0157328,0.9990346,37.2539,61.63047,,1.115633,31.67928,55.92191,,0.580669,42.96261,67.19243,,1.726156,-24.37657,-35.49813,-12.95669,1,2020-08-07,10:19:37 10 Aug 2020,40000
2020,President,Trump,Biden,,34,0.0080125,0.2931346,0.055375,0.944625,,0.8171558,0.7296281,0.15228,0.9857337,40.91304,58.19413,,0.8928259,34.20501,51.43562,,0.4669601,47.66688,64.89642,,1.377143,-17.28109,-30.67385,-3.781296,1,2020-08-07,10:19:37 10 Aug 2020,40000
2020,President,Trump,Biden,,33,0.0151625,2.808887,0.29925,0.70075,,0.7489557,0.8917589,0.7542487,0.8937357,46.44444,52.4911,,1.064464,39.04264,45.10852,,0.5546252,53.84589,59.89387,,1.645895,-6.046656,-20.83599,8.733557,1,2020-08-07,10:19:37 10 Aug 2020,40000
2020,President,Trump,Biden,,32,0.031625,3.673337,0.25735,0.74265,,0.836701,0.8859153,0.7246341,0.9409683,46.22165,52.02557,,1.752786,40.47406,46.24987,,0.9026662,51.99757,57.7777,,2.730754,-5.803923,-17.24419,5.710495,1,2020-08-07,10:19:37 10 Aug 2020,40000
2020,President,Trump,Biden,,31,5e-05,0.0074304,0.983075,0.016925,,0.3021896,0.9955687,0.9997476,0.024099,59.09743,39.09489,,1.807683,53.32755,33.38467,,0.9286216,64.851,44.84617,,2.813705,20.00254,8.52231,31.43433,1,2020-08-07,10:19:37 10 Aug 2020,40000
2020,President,Trump,Biden,,41,0.0080375,0.542765,0.114475,0.885525,,0.7381524,0.7558793,0.2843682,0.9573084,41.82234,55.76347,,2.414187,34.32697,48.23506,,1.232989,49.36517,63.24133,,3.779324,-13.94114,-28.85977,1.080776,1,2020-08-07,10:19:37 10 Aug 2020,40000
2020,President,Trump,Biden,,21,0.000375,0.0273334,0.9716,0.0284,,0.3013586,0.9850352,0.9986358,0.0397754,59.4919,39.31228,,1.195821,52.97123,32.82444,,0.6182258,66.00298,45.79581,,1.839942,20.17961,7.20215,33.14935,1,2020-08-06,10:19:52 10 Aug 2020,40000
2020,President,Trump,Biden,,17,0.004075,0.1045877,0.022025,0.977975,,0.8581158,0.7159692,0.0644611,0.9955568,39.04543,59.40627,,1.548296,32.92072,53.25691,,0.7956892,45.1376,65.51658,,2.391289,-20.36084,-32.57774,-8.158962,1,2020-08-06,10:19:52 10 Aug 2020,40000
2020,President,Trump,Biden,,18,0.00025,0.0127674,0.9421,0.0579,,0.31114,0.9987047,0.9997442,0.0822166,56.40135,42.19946,,1.399194,50.67669,36.54865,,0.7208058,62.06915,47.92475,,2.1578,14.20189,2.797171,25.50289,1,2020-08-06,10:19:52 10 Aug 2020,40000
2020,President,Trump,Biden,,19,0.00405,0.3661384,0.6808,0.3192,,0.4291275,0.9966322,0.9964188,0.4523158,51.49748,47.11206,,1.390456,45.32791,41.01389,,0.7164094,57.61358,53.28894,,2.144145,4.385419,-7.927485,16.57989,1,2020-08-06,10:19:52 10 Aug 2020,40000
2020,President,Trump,Biden,,20,0.0001375,0.0162419,0.9332,0.0668,,0.3139734,0.997006,0.9993179,0.0946931,56.12909,42.0582,,1.81272,50.12648,36.17328,,0.9280229,62.03074,48.00529,,2.805983,14.07089,2.187372,25.79184,1,2020-08-06,10:19:52 10 Aug 2020,40000
2020,President,Trump,Biden,,15,0.00075,0.2462596,0.01675,0.98325,,0.5910448,0.7083651,0.0337653,0.9902961,32.75009,65.40396,,1.845951,24.13234,56.5461,,0.9445944,41.59867,74.03862,,2.858164,-32.65387,-49.87155,-15.00626,1,2020-08-06,10:19:52 10 Aug 2020,40000
2020,President,Trump,Biden,,22,0.00205,0.1435691,0.90475,0.09525,,0.3178502,0.9401575,0.9808152,0.1273238,57.69855,41.47764,,0.8238032,49.76875,33.69339,,0.429287,65.49072,49.40426,,1.26098,16.22091,0.3409805,31.77009,1,2020-08-06,10:19:52 10 Aug 2020,40000
2020,President,Trump,Biden,,23,0.0043875,0.8189177,0.226575,0.773425,,0.7661922,0.8415813,0.5920873,0.9254612,45.10463,53.42931,,1.466056,37.82161,46.16604,,0.7535487,52.37858,60.68573,,2.264372,-8.324687,-22.84262,6.21884,1,2020-08-06,10:19:52 10 Aug 2020,40000
2020,President,Trump,Biden,,24,0.0004375,0.0219531,0.0034,0.9966,,0.8602941,0.7052478,0.0099761,0.9993246,35.90033,62.71921,,1.380465,30.36678,57.12231,,0.711381,41.45776,68.25919,,2.128534,-26.81888,-37.88075,-15.73302,1,2020-08-06,10:19:52 10 Aug 2020,40000
2020,President,Trump,Biden,,25,0.00055,0.0227177,0.007825,0.992175,,0.8338658,0.7075869,0.0222544,0.9981872,34.48031,63.74181,,1.777876,27.52238,56.65384,,0.9106362,41.55864,70.72432,,2.751285,-29.2615,-43.14861,-15.10077,1,2020-08-06,10:19:52 10 Aug 2020,40000
2020,President,Trump,Biden,,26,0.0870875,2.459601,0.206425,0.793575,,0.9407775,0.8715307,0.6623465,0.9833648,46.0337,52.82614,,1.140168,40.62299,47.39832,,0.5900546,51.47098,58.24719,,1.753095,-6.79244,-17.61787,4.059082,1,2020-08-06,10:19:52 10 Aug 2020,40000
2020,President,Trump,Biden,,16,0.000175,0.0333033,0.98765,0.01235,,0.2966132,0.9797571,0.9991474,0.017204,62.84383,34.01401,,3.142167,55.33733,26.64821,,1.585379,70.2971,41.45144,,4.904672,28.82982,13.98489,43.5481,1,2020-08-06,10:19:52 10 Aug 2020,40000
2020,President,Trump,Biden,,28,0.0027875,0.3272254,0.8747,0.1253,,0.3276552,0.9467279,0.9774898,0.1686631,55.66082,43.53493,,0.8042455,48.83125,36.7043,,0.4193022,62.4975,50.36051,,1.230659,12.12589,-1.506903,25.8007,1,2020-08-06,10:19:52 10 Aug 2020,40000
2020,President,Trump,Biden,,13,0.0151625,0.5005821,0.669275,0.330725,,0.433342,0.9902487,0.9891712,0.4656453,51.17146,48.00246,,0.8260835,46.32681,43.19157,,0.4304508,55.97829,52.85022,,1.26452,3.169003,-6.525969,12.7741,1,2020-08-06,10:19:52 10 Aug 2020,40000
2020,President,Trump,Biden,,12,0.2243625,3.137248,0.36755,0.63245,,0.7473133,0.969879,0.9368179,0.872143,48.16258,51.0326,,0.8048159,42.64993,45.51308,,0.4195934,53.70677,56.52576,,1.231543,-2.870023,-13.87724,8.197538,1,2020-08-06,10:19:52 10 Aug 2020,40000
2020,President,Trump,Biden,,11,0.0,0.0,0.0,1.0,,,0.703325,0.0,1.0,5.98767,90.45353,,3.558799,2.243879,85.84615,,1.789289,10.07135,94.66335,,5.566357,-84.46586,-92.18869,-76.07242,1,2020-08-06,10:19:52 10 Aug 2020,40000
2020,President,Trump,Biden,,10,0.0001125,0.0358216,0.004975,0.995025,,0.9849246,0.7067662,0.0167121,0.9998934,38.0982,60.72829,,1.173506,32.89136,55.50735,,0.6069341,43.29344,65.9469,,1.805096,-22.63009,-33.02064,-12.22601,1,2020-08-06,10:19:52 10 Aug 2020,40000
2020,President,Trump,Biden,,09,0.0016375,0.1432849,0.03375,0.96625,,0.9392592,0.7258474,0.1081173,0.9971919,40.40365,58.66021,,0.9361359,34.2388,52.47753,,0.486523,46.60641,64.83186,,1.435485,-18.25656,-30.57839,-5.878996,1,2020-08-06,10:19:52 10 Aug 2020,40000
2020,President,Trump,Biden,,08,0.0264125,1.286658,0.17095,0.82905,,0.8761334,0.8234124,0.5108288,0.9706039,44.64775,53.46527,,1.886974,38.63596,47.40602,,0.9650383,50.67532,59.47699,,2.922653,-8.817523,-20.76664,3.214619,1,2020-08-06,10:19:52 10 Aug 2020,40000
2020,President,Trump,Biden,,06,0.002125,0.0213381,0.004275,0.995725,,0.8245614,0.7055914,0.0120225,0.9989336,34.72635,63.38455,,1.889104,28.67023,57.22092,,0.9660994,40.90295,69.48812,,2.926005,-28.6582,-40.76505,-16.3613,1,2020-08-06,10:19:52 10 Aug 2020,40000
2020,President,Trump,Biden,,05,0.00035,0.0428639,0.925475,0.074525,,0.3156757,0.9859108,0.9964188,0.1044681,56.75246,41.60451,,1.643036,50.07616,34.98281,,0.8431997,63.39976,48.29713,,2.539775,15.14795,1.826008,28.41062,1,2020-08-06,10:19:52 10 Aug 2020,40000
2020,President,Trump,Biden,,04,0.0450125,2.286001,0.4568,0.5432,,0.5809435,0.9465666,0.9050989,0.7310632,48.83324,49.84184,,1.324914,42.59743,43.61286,,0.6834049,55.07652,56.07481,,2.041723,-1.008602,-13.45301,11.43785,1,2020-08-06,10:19:52 10 Aug 2020,40000
2020,President,Trump,Biden,,02,0.00155,0.6909741,0.8136,0.1864,,0.3529375,0.9672747,0.9793656,0.2563537,53.78926,43.9441,,2.266639,46.46316,36.70727,,1.153924,61.03296,51.25421,,3.519874,9.845159,-4.697147,24.24424,1,2020-08-06,10:19:52 10 Aug 2020,40000
2020,President,Trump,Biden,,01,0.000375,0.0252701,0.9783,0.0217,,0.2990392,0.9700461,0.9977831,0.0299293,60.03117,39.17436,,0.794466,53.90875,33.07706,,0.414307,66.142,45.29209,,1.215501,20.85681,8.615408,33.08102,1,2020-08-06,10:19:52 10 Aug 2020,40000
2020,President,Trump,Biden,,27,0.071275,3.314533,0.25645,0.74355,,0.8343732,0.8900881,0.7297919,0.9409946,46.46541,51.99136,,1.543228,40.93353,46.44186,,0.7931449,51.99017,57.52333,,2.38335,-5.525953,-16.54757,5.528595,1,2020-08-06,10:19:52 10 Aug 2020,40000
2020,President,Trump,Biden,,56,3.75e-05,0.0201209,0.9965,0.0035,,0.2940542,0.95,0.9994031,0.0047275,68.60526,27.96082,,3.433923,60.98023,20.60862,,1.72827,76.16713,35.45525,,5.367614,40.64443,25.59602,55.40661,1,2020-08-06,10:19:52 10 Aug 2020,40000
2020,President,Trump,Biden,,29,0.00165,0.0821683,0.869125,0.130875,,0.3364016,0.9935052,0.9971862,0.1848719,54.50901,44.02919,,1.461799,48.44546,38.06078,,0.7522798,60.49721,50.07159,,2.255902,10.47981,-1.578726,22.38978,1,2020-08-06,10:19:52 10 Aug 2020,40000
2020,President,Trump,Biden,,42,0.1979875,4.480078,0.2757,0.7243,,0.8844759,0.9283446,0.8316848,0.9560303,47.2799,51.96664,,0.7534652,42.12451,46.80207,,0.3933401,52.4292,57.1008,,1.151902,-4.686742,-14.95078,5.619789,1,2020-08-06,10:19:52 10 Aug 2020,40000
2020,President,Trump,Biden,,55,0.088575,4.137003,0.281925,0.718075,,0.8341758,0.9164085,0.8020976,0.9356272,46.94904,52.02064,,1.030321,41.21956,46.30494,,0.5343719,52.69693,57.75055,,1.581986,-5.071606,-16.52935,6.386255,1,2020-08-06,10:19:52 10 Aug 2020,40000
2020,President,Trump,Biden,,54,0.0001625,0.0342051,0.99205,0.00795,,0.2951716,0.9528302,0.998721,0.0107703,66.08436,32.05913,,1.856517,58.11011,24.34686,,0.9498615,73.83037,39.99802,,2.874759,34.02523,18.11372,49.50076,1,2020-08-06,10:19:52 10 Aug 2020,40000
2020,President,Trump,Biden,,53,0.0010125,0.0408105,0.0152,0.9848,,0.8092105,0.7112612,0.0419509,0.9959123,37.05348,60.66797,,2.278553,30.62117,54.10352,,1.159841,43.59635,67.15582,,3.538669,-23.61449,-36.4166,-10.60512,1,2020-08-06,10:19:52 10 Aug 2020,40000
2020,President,Trump,Biden,,51,0.022625,0.7632416,0.0969,0.9031,,0.9571723,0.7743329,0.316337,0.9942772,44.37093,54.57981,,1.049254,39.3755,49.53524,,0.5439768,49.40202,59.59073,,1.611458,-10.20888,-20.19515,-0.1328926,1,2020-08-06,10:19:52 10 Aug 2020,40000
2020,President,Trump,Biden,,50,0.0003625,0.1625356,0.0128,0.9872,,0.703125,0.7086204,0.0306958,0.9946327,31.5379,65.72534,,2.736761,22.85549,56.82183,,1.386206,40.37688,74.46346,,4.262438,-34.18745,-51.50841,-16.5169,1,2020-08-06,10:19:52 10 Aug 2020,40000
2020,President,Trump,Biden,,49,0.0006875,0.0766841,0.950175,0.049825,,0.3073907,0.9759157,0.996163,0.0691359,57.14882,39.49893,,3.352247,50.31867,32.76743,,1.688315,63.94848,46.25266,,5.237804,17.6499,4.229214,31.05069,1,2020-08-06,10:19:52 10 Aug 2020,40000
2020,President,Trump,Biden,,48,0.01395,0.2086498,0.711425,0.288575,,0.4116738,0.9988738,0.9988915,0.409839,51.84388,47.13412,,1.022005,46.31076,41.62443,,0.5301523,57.36708,52.67234,,1.569045,4.709764,-6.362429,15.74763,1,2020-08-06,10:19:52 10 Aug 2020,40000
2020,President,Trump,Biden,,47,0.0008,0.0440697,0.9471,0.0529,,0.3087847,0.9858223,0.997442,0.0741478,57.81824,41.06612,,1.115629,51.27963,34.61558,,0.5776224,64.28807,47.58527,,1.714869,16.75212,3.717123,29.65513,1,2020-08-06,10:19:52 10 Aug 2020,40000
2020,President,Trump,Biden,,46,0.0003375,0.1229982,0.948325,0.051675,,0.307015,0.9598452,0.9930082,0.0705222,59.85028,38.64548,,1.504243,51.83046,30.72608,,0.7735794,67.80705,46.68289,,2.32229,21.2048,5.174179,37.05492,1,2020-08-06,10:19:52 10 Aug 2020,40000
2020,President,Trump,Biden,,45,0.0014,0.0895134,0.863525,0.136475,,0.338641,0.9943213,0.9973568,0.1929407,54.05947,45.04161,,0.8989255,48.76702,39.77612,,0.4675843,59.32537,50.33466,,1.377626,9.017858,-1.56641,19.53871,1,2020-08-06,10:19:52 10 Aug 2020,40000
2020,President,Trump,Biden,,44,0.0008375,0.2458231,0.03625,0.96375,,0.8565517,0.7244617,0.1059004,0.9927132,37.895,60.65081,,1.454192,30.19676,52.81358,,0.7484604,45.71721,68.37632,,2.243976,-22.75582,-38.13627,-7.139481,1,2020-08-06,10:19:52 10 Aug 2020,40000
2020,President,Trump,Biden,,30,0.001225,0.3303119,0.875875,0.124125,,0.3310404,0.9732125,0.9889154,0.1717556,55.338,42.62959,,2.032414,48.1636,35.51511,,1.037453,62.48685,49.76436,,3.151153,12.70842,-1.534475,26.95625,1,2020-08-06,10:19:52 10 Aug 2020,40000
2020,President,Trump,Biden,,41,0.0080375,0.5420035,0.1157,0.8843,,0.7396284,0.7615911,0.2918656,0.9575588,41.83092,55.74744,,2.421641,34.31531,48.21021,,1.230708,49.36572,63.30819,,3.764545,-13.91651,-28.92379,1.170874,1,2020-08-06,10:19:52 10 Aug 2020,40000
2020,President,Trump,Biden,,39,0.0343625,0.8619106,0.558525,0.441475,,0.52012,0.9937143,0.9907913,0.6237515,50.07316,48.84572,,1.081117,44.51438,43.31192,,0.5601315,55.6162,54.40354,,1.661072,1.227437,-9.871231,12.31405,1,2020-08-06,10:19:52 10 Aug 2020,40000
2020,President,Trump,Biden,,38,5e-05,0.0202864,0.982925,0.017075,,0.2980136,0.9838946,0.9990621,0.0238865,61.08383,36.2072,,2.708967,54.06682,29.34519,,1.372503,68.00739,43.17564,,4.218515,24.87663,11.00897,38.57476,1,2020-08-06,10:19:52 10 Aug 2020,40000
2020,President,Trump,Biden,,37,0.053675,1.524662,0.486575,0.513425,,0.5774033,0.9754102,0.9582196,0.7120463,49.45201,49.75754,,0.7904552,44.12094,44.4256,,0.412258,54.8105,55.08616,,1.209285,-0.3055276,-10.95611,10.37875,1,2020-08-06,10:19:52 10 Aug 2020,40000
2020,President,Trump,Biden,,36,0.0016375,0.0296216,0.00695,0.99305,,0.8848921,0.7074669,0.0209754,0.9988981,37.25301,61.62788,,1.11911,31.5871,55.86325,,0.5793862,43.02674,67.29935,,1.720289,-24.37487,-35.67982,-12.83579,1,2020-08-06,10:19:52 10 Aug 2020,40000
2020,President,Trump,Biden,,35,0.0099375,1.726828,0.11555,0.88445,,0.9022068,0.7826333,0.3555593,0.9841823,43.33945,54.81002,,1.850527,37.23941,48.63242,,0.9468756,49.50961,60.89371,,2.865351,-11.47057,-23.65947,0.871624,1,2020-08-06,10:19:52 10 Aug 2020,40000
2020,President,Trump,Biden,,34,0.008225,0.2978866,0.054375,0.945625,,0.8041379,0.7325314,0.1491303,0.9848932,40.90139,58.20303,,0.8955863,34.18364,51.41685,,0.4658838,47.68813,64.92297,,1.372432,-17.30164,-30.73397,-3.749548,1,2020-08-06,10:19:52 10 Aug 2020,40000
2020,President,Trump,Biden,,33,0.0157875,2.923943,0.298,0.702,,0.7499161,0.8972222,0.762193,0.895532,46.4369,52.49655,,1.066551,39.01402,45.04382,,0.5527483,53.88941,59.92285,,1.638389,-6.059646,-20.90739,8.838455,1,2020-08-06,10:19:52 10 Aug 2020,40000
2020,President,Trump,Biden,,32,0.0323125,3.749507,0.25705,0.74295,,0.8319393,0.8893263,0.7293656,0.9394305,46.2312,52.01056,,1.758241,40.45794,46.2211,,0.9008343,52.01133,57.75207,,2.720469,-5.779361,-17.24908,5.713863,1,2020-08-06,10:19:52 10 Aug 2020,40000
2020,President,Trump,Biden,,31,5e-05,0.0074129,0.981825,0.018175,,0.2985512,0.9958735,0.9997442,0.0257349,59.06747,39.11927,,1.813255,53.27336,33.40494,,0.9260995,64.81982,44.88678,,2.811921,19.9482,8.416008,31.36451,1,2020-08-06,10:19:52 10 Aug 2020,40000
2020,President,Trump,Biden,,40,2.5e-05,0.002873,0.99195,0.00805,,0.2953526,0.9720497,0.9992326,0.0111257,63.49406,35.30265,,1.203287,56.91063,28.84102,,0.6220023,69.97101,41.86996,,1.851603,28.19141,15.02555,41.09866,1,2020-08-06,10:19:52 10 Aug 2020,40000
2020,President,Trump,Biden,,21,0.0002,0.0148076,0.970275,0.029725,,0.3064853,0.9882254,0.9988244,0.0420288,59.52056,39.28214,,1.197296,52.98242,32.83105,,0.6213392,65.98308,45.80964,,1.843577,20.23842,7.202883,33.12207,1,2020-08-05,10:19:56 10 Aug 2020,40000
2020,President,Trump,Biden,,17,0.003875,0.0975076,0.022925,0.977075,,0.870229,0.7123557,0.0670081,0.9958507,39.07869,59.37149,,1.549818,32.98629,53.22199,,0.7994115,45.2205,65.51565,,2.394653,-20.29279,-32.47753,-8.023836,1,2020-08-05,10:19:56 10 Aug 2020,40000
2020,President,Trump,Biden,,18,0.0001875,0.0095448,0.941325,0.058675,,0.3162032,0.9987218,0.9997481,0.083843,56.40314,42.19562,,1.401244,50.66518,36.48774,,0.72451,62.12235,47.93268,,2.16232,14.20752,2.734636,25.60771,1,2020-08-05,10:19:56 10 Aug 2020,40000
2020,President,Trump,Biden,,19,0.0043,0.3875439,0.68295,0.31705,,0.4345852,0.9966882,0.9968931,0.4521229,51.53986,47.06742,,1.392714,45.38136,40.93916,,0.7202044,57.67104,53.23145,,2.148989,4.472444,-7.806364,16.68229,1,2020-08-05,10:19:56 10 Aug 2020,40000
2020,President,Trump,Biden,,20,0.000125,0.014799,0.938775,0.061225,,0.3169822,0.9971417,0.9994962,0.0873484,56.32435,41.84224,,1.833415,50.35349,35.96192,,0.9418809,62.24054,47.81141,,2.839447,14.48211,2.604204,26.21297,1,2020-08-05,10:19:56 10 Aug 2020,40000
2020,President,Trump,Biden,,26,0.0845125,2.383906,0.213125,0.786875,,0.9443988,0.8736457,0.6760433,0.9835819,46.11295,52.74731,,1.139734,40.70886,47.32971,,0.5921173,51.52773,58.17437,,1.753807,-6.634358,-17.45531,4.196741,1,2020-08-05,10:19:56 10 Aug 2020,40000
2020,President,Trump,Biden,,22,0.00235,0.1659841,0.907325,0.092675,,0.3212465,0.9320205,0.9790075,0.1235826,57.73388,41.44174,,0.8243821,49.87958,33.64125,,0.4313437,65.52832,49.28423,,1.263076,16.29214,0.5974102,31.88945,1,2020-08-05,10:19:56 10 Aug 2020,40000
2020,President,Trump,Biden,,23,0.00365,0.6843295,0.225925,0.774075,,0.7772491,0.838517,0.589806,0.9286762,45.1143,53.41737,,1.468331,37.93945,46.16789,,0.7583001,52.38091,60.61209,,2.267273,-8.303061,-22.64629,6.180574,1,2020-08-05,10:19:56 10 Aug 2020,40000
2020,President,Trump,Biden,,24,0.0002375,0.0124323,0.004025,0.995975,,0.7826087,0.7008961,0.0105802,0.9987838,35.91054,62.70766,,1.381796,30.3647,57.07832,,0.7146921,41.54728,68.25722,,2.131927,-26.79712,-37.85961,-15.54828,1,2020-08-05,10:19:56 10 Aug 2020,40000
2020,President,Trump,Biden,,25,0.0004875,0.0206718,0.008475,0.991525,,0.8525074,0.7036383,0.0242674,0.9982116,34.47379,63.74624,,1.779968,27.48674,56.68559,,0.9150851,41.53555,70.70544,,2.755553,-29.27244,-43.19983,-15.14089,1,2020-08-05,10:19:56 10 Aug 2020,40000
2020,President,Trump,Biden,,15,0.0005625,0.1875549,0.01695,0.98305,,0.6504425,0.7050506,0.0370308,0.9916658,32.80835,65.34392,,1.847735,24.01097,56.46556,,0.9490563,41.69144,74.11628,,2.861919,-32.53557,-50.10052,-14.79763,1,2020-08-05,10:19:56 10 Aug 2020,40000
2020,President,Trump,Biden,,16,8.75e-05,0.0170783,0.98815,0.01185,,0.3008906,0.9662447,0.9986565,0.0163823,62.89356,33.96003,,3.146412,55.28924,26.63563,,1.593063,70.33687,41.42969,,4.909669,28.93354,14.01621,43.58649,1,2020-08-05,10:19:56 10 Aug 2020,40000
2020,President,Trump,Biden,,09,0.0015125,0.1287623,0.035575,0.964425,,0.9388615,0.7224771,0.1121841,0.9969239,40.41265,58.65041,,0.9369414,34.18674,52.44653,,0.488849,46.62783,64.8507,,1.437919,-18.23776,-30.6674,-5.818171,1,2020-08-05,10:19:56 10 Aug 2020,40000
2020,President,Trump,Biden,,13,0.0164625,0.544389,0.66685,0.33315,,0.4420784,0.9906949,0.9901755,0.4722252,51.17886,47.99463,,0.8265076,46.31554,43.14075,,0.4324314,56.03114,52.87362,,1.266379,3.184232,-6.544495,12.89297,1,2020-08-05,10:19:56 10 Aug 2020,40000
2020,President,Trump,Biden,,12,0.2250125,3.145615,0.367225,0.632775,,0.759616,0.969697,0.9369385,0.8779197,48.16267,51.03209,,0.8052363,42.64513,45.53288,,0.4215381,53.66801,56.54167,,1.23329,-2.869416,-13.8896,8.124346,1,2020-08-05,10:19:56 10 Aug 2020,40000
2020,President,Trump,Biden,,11,0.0,0.0,0.0,1.0,,,0.698925,0.0,1.0,5.966658,90.46959,,3.563751,2.201993,85.81319,,1.797794,10.08975,94.66695,,5.571581,-84.50293,-92.26198,-76.10429,1,2020-08-05,10:19:56 10 Aug 2020,40000
2020,President,Trump,Biden,,10,0.0001125,0.0336277,0.0051,0.9949,,0.9754902,0.7023821,0.0167101,0.9998211,38.11436,60.71076,,1.174873,32.96257,55.53635,,0.6099647,43.27353,65.84372,,1.808599,-22.5964,-32.8604,-12.28236,1,2020-08-05,10:19:56 10 Aug 2020,40000
2020,President,Trump,Biden,,08,0.0248875,1.213502,0.1746,0.8254,,0.8847365,0.8229041,0.5188513,0.9718139,44.66857,53.44241,,1.889021,38.62263,47.36895,,0.9697336,50.73637,59.48593,,2.92672,-8.773833,-20.83778,3.335155,1,2020-08-05,10:19:56 10 Aug 2020,40000
2020,President,Trump,Biden,,06,0.0020875,0.0214588,0.004675,0.995325,,0.8128342,0.7013287,0.0127635,0.9987481,34.7236,63.3855,,1.890903,28.63132,57.19997,,0.9706757,40.91646,69.4966,,2.929675,-28.6619,-40.82942,-16.32216,1,2020-08-05,10:19:56 10 Aug 2020,40000
2020,President,Trump,Biden,,05,0.0005875,0.0718731,0.924225,0.075775,,0.3208634,0.9844936,0.9960534,0.1067353,56.77182,41.58328,,1.644904,50.02934,34.94292,,0.8472595,63.41562,48.33025,,2.54373,15.18854,1.694321,28.44909,1,2020-08-05,10:19:56 10 Aug 2020,40000
2020,President,Trump,Biden,,04,0.0445625,2.247314,0.4603,0.5397,,0.5873886,0.9476098,0.9081367,0.7317309,48.85638,49.81762,,1.326001,42.58982,43.61209,,0.6865013,55.04677,56.07625,,2.044605,-0.9612322,-13.46193,11.40472,1,2020-08-05,10:19:56 10 Aug 2020,40000
2020,President,Trump,Biden,,02,0.002225,1.000762,0.810825,0.189175,,0.3587704,0.9635258,0.9770762,0.2607934,53.83306,43.89732,,2.269622,46.44116,36.63914,,1.159559,61.13846,51.28828,,3.525104,9.93574,-4.762421,24.43091,1,2020-08-05,10:19:56 10 Aug 2020,40000
2020,President,Trump,Biden,,01,0.00035,0.0230251,0.9771,0.0229,,0.3038072,0.9617904,0.9970611,0.0315127,60.05219,39.15262,,0.7951849,53.84351,33.05562,,0.4163828,66.1275,45.36073,,1.217656,20.89957,8.492033,33.06018,1,2020-08-05,10:19:56 10 Aug 2020,40000
2020,President,Trump,Biden,,28,0.00205,0.2384329,0.87345,0.12655,,0.3323888,0.9409325,0.9751449,0.1703688,55.65578,43.53935,,0.8048638,48.77875,36.71527,,0.4213471,62.4908,50.41618,,1.232711,12.11643,-1.654938,25.7527,1,2020-08-05,10:19:56 10 Aug 2020,40000
2020,President,Trump,Biden,,27,0.0649125,3.015473,0.2601,0.7399,,0.8359285,0.8879578,0.730288,0.940015,46.49928,51.95606,,1.544667,40.96046,46.35095,,0.7968169,52.11361,57.49757,,2.386588,-5.456782,-16.47281,5.744768,1,2020-08-05,10:19:56 10 Aug 2020,40000
2020,President,Trump,Biden,,29,0.0019625,0.0973791,0.869825,0.130175,,0.3414767,0.9946226,0.9976488,0.1852488,54.52568,44.01052,,1.463795,48.48261,37.99635,,0.7560617,60.58251,50.06985,,2.260115,10.51516,-1.562958,22.54838,1,2020-08-05,10:19:56 10 Aug 2020,40000
2020,President,Trump,Biden,,56,2.5e-05,0.0159731,0.9967,0.0033,,0.2984599,0.9242424,0.9991603,0.0043638,68.63941,27.92187,,3.438715,61.01926,20.54108,,1.736538,76.13812,35.39175,,5.373095,40.71754,25.74942,55.41557,1,2020-08-05,10:19:56 10 Aug 2020,40000
2020,President,Trump,Biden,,42,0.214575,4.858575,0.29335,0.70665,,0.8731038,0.9380528,0.8602737,0.9484208,47.49004,51.74951,,0.7604561,42.34657,46.62912,,0.3985465,52.60656,56.87291,,1.163742,-4.25947,-14.51853,5.980957,1,2020-08-05,10:19:56 10 Aug 2020,40000
2020,President,Trump,Biden,,30,0.00095,0.2584807,0.8752,0.1248,,0.3364088,0.973157,0.9889159,0.1737669,55.38206,42.58265,,2.035289,48.18546,35.43097,,1.04284,62.54523,49.77631,,3.156481,12.79942,-1.574085,27.02067,1,2020-08-05,10:19:56 10 Aug 2020,40000
2020,President,Trump,Biden,,55,0.08335,3.886262,0.282825,0.717175,,0.8431892,0.9145257,0.8009908,0.9384054,46.9685,51.97803,,1.053463,41.21585,46.22798,,0.5482369,52.73639,57.74726,,1.619193,-5.009534,-16.50031,6.494642,1,2020-08-05,10:19:56 10 Aug 2020,40000
2020,President,Trump,Biden,,54,0.000125,0.0266697,0.991175,0.008825,,0.3000479,0.9631728,0.9989084,0.0121615,66.08409,32.05501,,1.860896,58.11684,24.21897,,0.955649,73.96928,39.98097,,2.882573,34.02908,18.16712,49.69466,1,2020-08-05,10:19:56 10 Aug 2020,40000
2020,President,Trump,Biden,,53,0.0014875,0.0586387,0.01675,0.98325,,0.8343284,0.7080346,0.0469393,0.9960654,37.09475,60.62418,,2.281068,30.59103,53.96427,,1.165254,43.72395,67.16,,3.543135,-23.52942,-36.53896,-10.30146,1,2020-08-05,10:19:56 10 Aug 2020,40000
2020,President,Trump,Biden,,51,0.020875,0.7052576,0.0972,0.9028,,0.9678498,0.7707964,0.3159795,0.9956362,44.3821,54.56773,,1.050174,39.34713,49.53168,,0.5465618,49.41374,59.62033,,1.614064,-10.18564,-20.28525,-0.1252003,1,2020-08-05,10:19:56 10 Aug 2020,40000
2020,President,Trump,Biden,,50,0.0003125,0.1419935,0.013825,0.986175,,0.7396021,0.705098,0.0343438,0.994885,31.56511,65.69463,,2.740253,22.87578,56.79432,,1.392936,40.45014,74.47998,,4.267423,-34.12952,-51.53165,-16.44555,1,2020-08-05,10:19:56 10 Aug 2020,40000
2020,President,Trump,Biden,,49,0.0003875,0.0459403,0.950625,0.049375,,0.3120316,0.9772152,0.9963053,0.0690346,57.16987,39.4728,,3.35733,50.31069,32.73072,,1.696607,63.94734,46.26944,,5.243977,17.69707,4.188532,31.08819,1,2020-08-05,10:19:56 10 Aug 2020,40000
2020,President,Trump,Biden,,47,0.0006625,0.0352618,0.944875,0.055125,,0.3144067,0.9882086,0.9978168,0.0779411,57.80801,41.07507,,1.116916,51.28687,34.63327,,0.5805203,64.27599,47.60771,,1.718187,16.73295,3.684849,29.63379,1,2020-08-05,10:19:56 10 Aug 2020,40000
2020,President,Trump,Biden,,46,0.000475,0.1678397,0.949575,0.050425,,0.3113498,0.9578582,0.9930305,0.0691061,59.89628,38.59801,,1.505708,51.87472,30.75504,,0.7771856,67.80183,46.59948,,2.325665,21.29827,5.33613,36.99612,1,2020-08-05,10:19:56 10 Aug 2020,40000
2020,President,Trump,Biden,,45,0.0015625,0.0993069,0.864575,0.135425,,0.3434635,0.9942773,0.9973969,0.192653,54.06748,45.03275,,0.8997704,48.77293,39.76488,,0.4698804,59.33783,50.34907,,1.380201,9.034729,-1.562572,19.55704,1,2020-08-05,10:19:56 10 Aug 2020,40000
2020,President,Trump,Biden,,44,0.000975,0.2896881,0.0363,0.9637,,0.8519284,0.7198298,0.103871,0.9925242,37.90292,60.6415,,1.455583,30.23575,52.81385,,0.751922,45.74356,68.27931,,2.247273,-22.73858,-37.99962,-7.084801,1,2020-08-05,10:19:56 10 Aug 2020,40000
2020,President,Trump,Biden,,48,0.0148,0.2217093,0.7119,0.2881,,0.4173339,0.9974835,0.9979007,0.4111671,51.86475,47.11251,,1.022741,46.29559,41.56991,,0.5325873,57.41759,52.68143,,1.571321,4.752247,-6.396273,15.82318,1,2020-08-05,10:19:56 10 Aug 2020,40000
2020,President,Trump,Biden,,41,0.0088,0.5944172,0.119525,0.880475,,0.7506798,0.7602714,0.3013687,0.9577566,41.84275,55.73266,,2.424592,34.29007,48.10218,,1.236573,49.49496,63.29832,,3.769356,-13.88992,-28.90364,1.30566,1,2020-08-05,10:19:56 10 Aug 2020,40000
2020,President,Trump,Biden,,35,0.009875,1.704866,0.114125,0.885875,,0.917196,0.7785805,0.3515828,0.9868369,43.34418,54.8033,,1.852515,37.1842,48.6519,,0.9514509,49.50149,60.9921,,2.86942,-11.45912,-23.7893,0.790802,1,2020-08-05,10:19:56 10 Aug 2020,40000
2020,President,Trump,Biden,,40,0.0001125,0.0114372,0.99205,0.00795,,0.2999093,0.9748428,0.9993283,0.0110885,63.50599,35.2893,,1.204715,57.00558,28.82548,,0.6251006,69.96882,41.75464,,1.85514,28.21669,15.25013,41.12348,1,2020-08-05,10:19:56 10 Aug 2020,40000
2020,President,Trump,Biden,,32,0.031825,3.704388,0.259,0.741,,0.8360038,0.8869771,0.7272651,0.9403727,46.24102,51.99907,,1.759913,40.41719,46.23253,,0.9050239,52.07903,57.83099,,2.724114,-5.758046,-17.37729,5.817579,1,2020-08-05,10:19:56 10 Aug 2020,40000
2020,President,Trump,Biden,,33,0.016225,3.012889,0.29865,0.70135,,0.7527206,0.8928139,0.7550592,0.8959116,46.47052,52.46054,,1.068939,39.01788,44.95166,,0.5561152,53.93863,59.91043,,1.643328,-5.990029,-20.9017,9.000965,1,2020-08-05,10:19:56 10 Aug 2020,40000
2020,President,Trump,Biden,,34,0.0083125,0.3056071,0.0554,0.9446,,0.7991877,0.7282977,0.1487111,0.9842973,40.92813,58.17553,,0.8963441,34.17351,51.37289,,0.4681309,47.72662,64.94994,,1.374883,-17.24739,-30.75228,-3.670622,1,2020-08-05,10:19:56 10 Aug 2020,40000
2020,President,Trump,Biden,,31,2.5e-05,0.0047028,0.982825,0.017175,,0.3028515,0.9956332,0.9997481,0.0244661,59.11476,39.06987,,1.815368,53.29842,33.42297,,0.9311877,64.83339,44.85591,,2.814167,20.04488,8.483469,31.33191,1,2020-08-05,10:19:56 10 Aug 2020,40000
2020,President,Trump,Biden,,36,0.00145,0.0268778,0.006675,0.993325,,0.9026217,0.7029673,0.0202368,0.99907,37.25014,61.62979,,1.120064,31.58979,55.89139,,0.5821207,42.97832,67.30075,,1.723101,-24.37964,-35.69409,-12.92119,1,2020-08-05,10:19:56 10 Aug 2020,40000
2020,President,Trump,Biden,,37,0.053475,1.518983,0.48395,0.51605,,0.5881289,0.9735491,0.9559997,0.7188182,49.46444,49.74461,,0.7909509,44.14582,44.39274,,0.4142106,54.82058,55.06885,,1.211074,-0.2801623,-10.91995,10.41321,1,2020-08-05,10:19:56 10 Aug 2020,40000
2020,President,Trump,Biden,,38,0.0001,0.0420178,0.983575,0.016425,,0.3024935,0.9878234,0.9993283,0.0232142,61.12172,36.1613,,2.71699,54.0702,29.29515,,1.381434,68.09194,43.13086,,4.230654,24.96042,11.05361,38.70518,1,2020-08-05,10:19:56 10 Aug 2020,40000
2020,President,Trump,Biden,,39,0.0333,0.8339533,0.560525,0.439475,,0.5268722,0.9942545,0.9919389,0.6251744,50.10893,48.80928,,1.081791,44.52538,43.2394,,0.5626556,55.6801,54.37683,,1.663377,1.299658,-9.832937,12.42165,1,2020-08-05,10:19:56 10 Aug 2020,40000
2020,President,Trump,Biden,,15,0.00055,0.176849,0.01515,0.98485,,0.6171617,0.7217597,0.0333452,0.9919065,32.62497,65.53402,,1.84101,24.06114,56.78752,,0.9346329,41.37091,74.12157,,2.884686,-32.90906,-50.01945,-15.49716,1,2020-08-04,10:22:17 10 Aug 2020,40000
2020,President,Trump,Biden,,26,0.0867,2.447889,0.196275,0.803725,,0.9410266,0.8774456,0.6587018,0.9840921,45.94693,52.9198,,1.133268,40.59736,47.57983,,0.5818362,51.27663,58.25063,,1.763332,-6.972873,-17.61067,3.675869,1,2020-08-04,10:22:17 10 Aug 2020,40000
2020,President,Trump,Biden,,25,0.0006125,0.0259487,0.00635,0.99365,,0.8385827,0.7201731,0.0189907,0.9985697,34.29029,63.9446,,1.765108,27.39103,56.94296,,0.897042,41.31271,70.85872,,2.763903,-29.65431,-43.4254,-15.61836,1,2020-08-04,10:22:17 10 Aug 2020,40000
2020,President,Trump,Biden,,24,0.0003375,0.0179174,0.00285,0.99715,,0.7982456,0.7180966,0.0081134,0.9991976,35.76419,62.8666,,1.369204,30.28078,57.33768,,0.7000424,41.29395,68.36708,,2.135987,-27.1024,-38.04915,-16.11076,1,2020-08-04,10:22:17 10 Aug 2020,40000
2020,President,Trump,Biden,,23,0.00415,0.7834988,0.21295,0.78705,,0.7621508,0.8467696,0.578816,0.9299843,44.91175,53.62726,,1.460983,37.78032,46.42018,,0.745587,52.1325,60.74625,,2.284669,-8.715504,-22.94791,5.718718,1,2020-08-04,10:22:17 10 Aug 2020,40000
2020,President,Trump,Biden,,22,0.0019625,0.1362771,0.9033,0.0967,,0.3051035,0.9495863,0.9828816,0.1281354,57.56063,41.6265,,0.8128666,49.72274,33.93896,,0.4202732,65.24165,49.44098,,1.259219,15.93412,0.2798061,31.3011,1,2020-08-04,10:22:17 10 Aug 2020,40000
2020,President,Trump,Biden,,21,0.000325,0.0245535,0.96985,0.03015,,0.2889622,0.9950249,0.999465,0.0418629,59.32084,39.48711,,1.192046,52.87698,33.03061,,0.6113604,65.76781,45.92091,,1.856106,19.83373,7.017157,32.72701,1,2020-08-04,10:22:17 10 Aug 2020,40000
2020,President,Trump,Biden,,20,0.0002125,0.0258802,0.934775,0.065225,,0.2997513,0.9969337,0.9992867,0.0907378,56.08651,42.0958,,1.817687,50.20708,36.19088,,0.9230888,62.01278,47.94999,,2.847562,13.99072,2.337341,25.78536,1,2020-08-04,10:22:17 10 Aug 2020,40000
2020,President,Trump,Biden,,19,0.003475,0.3175196,0.671575,0.328425,,0.4161486,0.9971074,0.9967011,0.4569684,51.37645,47.23675,,1.386803,45.27349,41.16106,,0.7088323,57.46839,53.35945,,2.163812,4.139698,-8.053774,16.27635,1,2020-08-04,10:22:17 10 Aug 2020,40000
2020,President,Trump,Biden,,18,0.0002875,0.0140277,0.93695,0.06305,,0.2992422,0.9996035,0.9999108,0.087947,56.21179,42.39556,,1.392653,50.52129,36.73324,,0.7117532,61.85891,48.08837,,2.173062,13.81623,2.475834,25.08626,1,2020-08-04,10:22:17 10 Aug 2020,40000
2020,President,Trump,Biden,,17,0.0041125,0.1029853,0.0182,0.9818,,0.8626373,0.7273884,0.0559914,0.9965463,38.89546,59.57772,,1.526823,32.92686,53.55972,,0.7786325,44.94619,65.58142,,2.38562,-20.68226,-32.64872,-8.642002,1,2020-08-04,10:22:17 10 Aug 2020,40000
2020,President,Trump,Biden,,16,8.75e-05,0.0164789,0.986675,0.013325,,0.2838574,0.9756098,0.9988409,0.0181406,62.67479,34.22894,,3.096273,55.17712,26.82722,,1.550563,70.14427,41.67402,,4.89093,28.44584,13.59362,43.18782,1,2020-08-04,10:22:17 10 Aug 2020,40000
2020,President,Trump,Biden,,28,0.0019125,0.2229587,0.8702,0.1298,,0.3152724,0.952812,0.9784237,0.1725798,55.47507,43.72567,,0.7992625,48.68372,37.04951,,0.4133829,62.14075,50.52827,,1.237807,11.7494,-1.856001,25.0846,1,2020-08-04,10:22:17 10 Aug 2020,40000
2020,President,Trump,Biden,,13,0.015575,0.5152317,0.650775,0.349225,,0.4264531,0.9915527,0.9897468,0.4832025,51.01015,48.16769,,0.8221621,46.23397,43.42947,,0.4249797,55.75623,52.93856,,1.273832,2.842458,-6.685799,12.30328,1,2020-08-04,10:22:17 10 Aug 2020,40000
2020,President,Trump,Biden,,12,0.2313,3.23583,0.348,0.652,,0.7549569,0.9722393,0.936965,0.884563,47.97525,51.22527,,0.7994768,42.48965,45.76982,,0.4134914,53.44621,56.71679,,1.238144,-3.250021,-14.21217,7.661268,1,2020-08-04,10:22:17 10 Aug 2020,40000
2020,President,Trump,Biden,,11,0.0,0.0,0.0,1.0,,,0.716625,0.0,1.0,5.9573,90.52523,,3.517473,2.260792,85.94962,,1.754987,9.996571,94.71877,,5.567269,-84.56792,-92.25078,-76.28517,1,2020-08-04,10:22:17 10 Aug 2020,40000
2020,President,Trump,Biden,,10,6.25e-05,0.0204964,0.004075,0.995925,,0.9509202,0.7193564,0.0138195,0.9997209,37.92308,60.91408,,1.162841,32.83481,55.7922,,0.596696,43.04631,66.03311,,1.81,-22.991,-33.17194,-12.77521,1,2020-08-04,10:22:17 10 Aug 2020,40000
2020,President,Trump,Biden,,09,0.0011625,0.0994722,0.02965,0.97035,,0.9392917,0.7366672,0.0993224,0.9974882,40.18691,58.88618,,0.9269134,34.07603,52.72083,,0.4779348,46.3435,65.01472,,1.438403,-18.69927,-30.91994,-6.39185,1,2020-08-04,10:22:17 10 Aug 2020,40000
2020,President,Trump,Biden,,08,0.024425,1.191622,0.15595,0.84405,,0.8792883,0.8272614,0.4890335,0.974359,44.44208,53.6862,,1.871728,38.5058,47.7243,,0.9498354,50.40489,59.61394,,2.933591,-9.244119,-21.05652,2.593349,1,2020-08-04,10:22:17 10 Aug 2020,40000
2020,President,Trump,Biden,,06,0.002025,0.0199468,0.004075,0.995925,,0.7116565,0.7183774,0.0103424,0.9983604,34.57013,63.55392,,1.875948,28.52359,57.46808,,0.9519235,40.62911,69.63585,,2.94031,-28.9838,-41.08052,-16.91792,1,2020-08-04,10:22:17 10 Aug 2020,40000
2020,President,Trump,Biden,,05,0.0005125,0.0641776,0.91845,0.08155,,0.3043443,0.9892704,0.9968795,0.1125763,56.53588,41.83207,,1.63205,49.80456,35.2366,,0.8309874,63.15463,48.53157,,2.552508,14.70381,1.346682,27.84567,1,2020-08-04,10:22:17 10 Aug 2020,40000
2020,President,Trump,Biden,,04,0.043825,2.212347,0.441875,0.558125,,0.5726733,0.9488914,0.9024608,0.7390197,48.65015,50.03202,,1.317827,42.47425,43.91236,,0.6743645,54.78281,56.23778,,2.054791,-1.381867,-13.7574,10.84455,1,2020-08-04,10:22:17 10 Aug 2020,40000
2020,President,Trump,Biden,,02,0.0022,0.9900235,0.801425,0.198575,,0.3416415,0.9663855,0.9764622,0.267783,53.57705,44.16865,,2.254305,46.28508,36.90646,,1.138659,60.85023,51.45709,,3.543487,9.408397,-5.085987,23.90028,1,2020-08-04,10:22:17 10 Aug 2020,40000
2020,President,Trump,Biden,,01,0.000325,0.0217687,0.976725,0.023275,,0.2866467,0.9817401,0.9984843,0.0318856,59.87999,39.32941,,0.7905976,53.77594,33.26453,,0.4089925,65.95073,45.43823,,1.224171,20.55058,8.359686,32.70313,1,2020-08-04,10:22:17 10 Aug 2020,40000
2020,President,Trump,Biden,,27,0.066675,3.097373,0.244825,0.755175,,0.8301848,0.8951567,0.7248573,0.9433107,46.33715,52.1269,,1.535956,40.86452,46.63721,,0.783177,51.82769,57.59589,,2.400083,-5.789745,-16.69324,5.141262,1,2020-08-04,10:22:17 10 Aug 2020,40000
2020,President,Trump,Biden,,29,0.00135,0.0670762,0.860425,0.139575,,0.3248104,0.9933727,0.9967011,0.1934764,54.29157,44.25708,,1.451343,48.27287,38.25706,,0.7410391,60.26621,50.30048,,2.266081,10.03449,-2.000975,21.97036,1,2020-08-04,10:22:17 10 Aug 2020,40000
2020,President,Trump,Biden,,56,1.25e-05,0.0069221,0.995825,0.004175,,0.2813496,0.9461078,0.9991976,0.0055119,68.48884,28.12611,,3.38506,60.91173,20.79686,,1.690827,75.96667,35.58242,,5.354519,40.36273,25.49085,54.99344,1,2020-08-04,10:22:17 10 Aug 2020,40000
2020,President,Trump,Biden,,42,0.2096875,4.75397,0.2747,0.7253,,0.869676,0.9403695,0.8519971,0.951753,47.31163,51.93303,,0.7553346,42.26742,46.84682,,0.3910978,52.40269,56.95918,,1.16879,-4.6214,-14.68997,5.542969,1,2020-08-04,10:22:17 10 Aug 2020,40000
2020,President,Trump,Biden,,55,0.0837875,3.914825,0.2695,0.7305,,0.8374768,0.9224162,0.8049216,0.9402756,46.79345,52.15937,,1.047183,41.11942,46.44714,,0.5385504,52.50292,57.82159,,1.627595,-5.36592,-16.66805,6.042168,1,2020-08-04,10:22:17 10 Aug 2020,40000
2020,President,Trump,Biden,,54,5e-05,0.0122298,0.99065,0.00935,,0.2828446,0.9786096,0.9992867,0.0127682,65.85655,32.29765,,1.8458,57.93541,24.56168,,0.9370033,73.59116,40.18045,,2.892311,33.5589,17.80086,48.9869,1,2020-08-04,10:22:17 10 Aug 2020,40000
2020,President,Trump,Biden,,53,0.0013625,0.0550512,0.0141,0.9859,,0.8049645,0.7240846,0.0404779,0.9961626,36.89947,60.83912,,2.261413,30.46759,54.26874,,1.142156,43.42296,67.32492,,3.554838,-23.93964,-36.75942,-10.92603,1,2020-08-04,10:22:17 10 Aug 2020,40000
2020,President,Trump,Biden,,51,0.019075,0.642304,0.0875,0.9125,,0.9591429,0.7815068,0.2993046,0.995116,44.18755,54.77151,,1.040943,39.23792,49.79522,,0.5354117,49.18262,59.73523,,1.617771,-10.58396,-20.49802,-0.608429,1,2020-08-04,10:22:17 10 Aug 2020,40000
2020,President,Trump,Biden,,50,0.000325,0.1416326,0.011175,0.988825,,0.7225951,0.7216141,0.0287981,0.9957091,31.35352,65.94924,,2.697239,22.81237,57.19031,,1.355929,40.04765,74.53186,,4.250839,-34.59572,-51.61671,-17.21075,1,2020-08-04,10:22:17 10 Aug 2020,40000
2020,President,Trump,Biden,,49,0.0006125,0.069958,0.947,0.053,,0.2947466,0.9759434,0.9954529,0.0721786,56.95179,39.7153,,3.332903,50.19923,33.06937,,1.665529,63.69527,46.41161,,5.270762,17.23649,3.894897,30.47363,1,2020-08-04,10:22:17 10 Aug 2020,40000
2020,President,Trump,Biden,,48,0.0181625,0.2735831,0.674625,0.325375,,0.4144895,0.9975413,0.9972361,0.4529217,51.37968,47.60475,,1.015571,45.92042,42.13182,,0.5226378,56.86125,53.05041,,1.577837,3.774927,-7.113283,14.71539,1,2020-08-04,10:22:17 10 Aug 2020,40000
2020,President,Trump,Biden,,47,0.000775,0.0417849,0.942925,0.057075,,0.2968953,0.9921156,0.9983951,0.0790162,57.58735,41.30409,,1.108559,51.11086,34.95573,,0.5694141,63.95232,47.78311,,1.724355,16.28326,3.344463,29.00458,1,2020-08-04,10:22:17 10 Aug 2020,40000
2020,President,Trump,Biden,,46,0.0005375,0.2010821,0.947275,0.052725,,0.2942915,0.9687055,0.9942047,0.0712716,59.68067,38.83664,,1.482687,51.70304,30.9424,,0.7566584,67.58273,46.81352,,2.31575,20.84402,4.923365,36.62349,1,2020-08-04,10:22:17 10 Aug 2020,40000
2020,President,Trump,Biden,,45,0.0014,0.0879489,0.857475,0.142525,,0.3263943,0.9963164,0.9981277,0.1981511,53.90622,45.19807,,0.8957112,48.65839,40.00354,,0.4621761,59.08641,50.44282,,1.389358,8.708157,-1.778091,19.06093,1,2020-08-04,10:22:17 10 Aug 2020,40000
2020,President,Trump,Biden,,44,0.0010625,0.3229588,0.031025,0.968975,,0.8541499,0.7349261,0.0945078,0.9937206,37.69506,60.87148,,1.433456,30.10707,53.16941,,0.7321171,45.40079,68.45473,,2.237724,-23.17642,-38.30363,-7.831263,1,2020-08-04,10:22:17 10 Aug 2020,40000
2020,President,Trump,Biden,,30,0.000975,0.2680537,0.8721,0.1279,,0.3184841,0.9792807,0.9905492,0.1747776,55.17836,42.79752,,2.024122,48.0574,35.75153,,1.025158,62.23885,49.89116,,3.176323,12.38085,-1.792374,26.39534,1,2020-08-04,10:22:17 10 Aug 2020,40000
2020,President,Trump,Biden,,41,0.006875,0.4627592,0.110675,0.889325,,0.7187712,0.770978,0.2837019,0.9567766,41.67218,55.9432,,2.384621,34.26637,48.3803,,1.202723,49.17451,63.36121,,3.751441,-14.27102,-29.05411,0.7529621,1,2020-08-04,10:22:17 10 Aug 2020,40000
2020,President,Trump,Biden,,39,0.0335,0.8388924,0.54525,0.45475,,0.5109124,0.9959868,0.9934914,0.6320251,49.92829,48.99697,,1.074733,44.45074,43.51788,,0.5524082,55.39144,54.47851,,1.671017,0.9313138,-10.00758,11.86812,1,2020-08-04,10:22:17 10 Aug 2020,40000
2020,President,Trump,Biden,,38,5e-05,0.019506,0.98175,0.01825,,0.2853578,0.9863014,0.9991084,0.0251177,60.88957,36.41336,,2.697069,53.93519,29.53072,,1.355847,67.80096,43.33305,,4.250567,24.4762,10.7355,38.20177,1,2020-08-04,10:22:17 10 Aug 2020,40000
2020,President,Trump,Biden,,37,0.0515125,1.464836,0.46845,0.53155,,0.5736471,0.9773304,0.9583631,0.7249259,49.28444,49.92884,,0.7867181,44.01851,44.62945,,0.4070264,54.58538,55.20337,,1.218067,-0.6443947,-11.16667,9.94458,1,2020-08-04,10:22:17 10 Aug 2020,40000
2020,President,Trump,Biden,,36,0.001775,0.0327511,0.005425,0.994575,,0.8525345,0.7197295,0.0164943,0.9988837,37.08924,61.80197,,1.108793,31.41893,56.11608,,0.5695314,42.7503,67.47037,,1.724723,-24.71273,-36.07968,-13.39397,1,2020-08-04,10:22:17 10 Aug 2020,40000
2020,President,Trump,Biden,,35,0.01055,1.865727,0.102525,0.897475,,0.9166057,0.7891027,0.3351462,0.9882435,43.08603,55.08097,,1.832997,37.08702,48.98417,,0.9306672,49.17824,61.09617,,2.871929,-11.99495,-23.95577,0.1529236,1,2020-08-04,10:22:17 10 Aug 2020,40000
2020,President,Trump,Biden,,34,0.008675,0.3166921,0.049175,0.950825,,0.8047789,0.74367,0.1411377,0.9867085,40.73262,58.38019,,0.8871893,34.06922,51.66591,,0.4578697,47.47453,65.03882,,1.375963,-17.64757,-30.94445,-4.215282,1,2020-08-04,10:22:17 10 Aug 2020,40000
2020,President,Trump,Biden,,33,0.015125,2.819114,0.281625,0.718375,,0.7445184,0.8985209,0.747771,0.9007152,46.20856,52.73173,,1.059704,38.908,45.39838,,0.5448444,53.52533,60.03814,,1.647325,-6.523169,-21.1141,8.093462,1,2020-08-04,10:22:17 10 Aug 2020,40000
2020,President,Trump,Biden,,32,0.03105,3.6106,0.23755,0.76245,,0.8376131,0.8899928,0.7096113,0.9469039,45.99374,52.265,,1.741257,40.27282,46.52728,,0.8852184,51.73643,58.00916,,2.725967,-6.271255,-17.66859,5.152254,1,2020-08-04,10:22:17 10 Aug 2020,40000
2020,President,Trump,Biden,,31,2.5e-05,0.0037328,0.981125,0.018875,,0.2857689,0.9986755,0.9999108,0.0263039,58.91482,39.28896,,1.796226,53.20698,33.58149,,0.9113829,64.6179,45.01193,,2.815234,19.62586,8.265091,30.97446,1,2020-08-04,10:22:17 10 Aug 2020,40000
2020,President,Trump,Biden,,40,0.0001,0.0092854,0.990825,0.009175,,0.2827694,0.9754769,0.9991976,0.0124891,63.30403,35.49851,,1.197456,56.78261,29.07953,,0.6140752,69.72981,42.01493,,1.864648,27.80552,14.7688,40.63533,1,2020-08-04,10:22:17 10 Aug 2020,40000
2020,President,Trump,Biden,,22,0.0024125,0.1680042,0.9043,0.0957,,0.3077795,0.9477534,0.9826126,0.1272134,57.56014,41.62091,,0.8189484,49.76012,33.86608,,0.4250783,65.31352,49.42252,,1.261155,15.93922,0.3423653,31.43982,1,2020-08-03,10:25:40 10 Aug 2020,40000
2020,President,Trump,Biden,,18,0.00025,0.0127431,0.937575,0.062425,,0.3018959,0.9967961,0.9992939,0.0872751,56.24124,42.36467,,1.394087,50.51648,36.67962,,0.7150905,61.96077,48.06858,,2.162618,13.87657,2.476307,25.24775,1,2020-08-03,10:25:40 10 Aug 2020,40000
2020,President,Trump,Biden,,19,0.0035875,0.3263022,0.6707,0.3293,,0.4203817,0.9960522,0.9954104,0.4600442,51.35403,47.25828,,1.387686,45.21357,41.13145,,0.7118801,57.47945,53.39,,2.152545,4.095749,-8.162254,16.31444,1,2020-08-03,10:25:40 10 Aug 2020,40000
2020,President,Trump,Biden,,20,0.000175,0.0210653,0.93335,0.06665,,0.3033964,0.9988747,0.9997352,0.0933763,56.10804,42.07189,,1.820068,50.16442,36.19133,,0.9277611,62.00778,47.98774,,2.833683,14.03615,2.214783,25.77686,1,2020-08-03,10:25:40 10 Aug 2020,40000
2020,President,Trump,Biden,,21,8.75e-05,0.006815,0.96865,0.03135,,0.2922108,0.9936204,0.9992939,0.0436902,59.32327,39.48371,,1.193018,52.84867,33.07681,,0.6140627,65.73146,45.94527,,1.84672,19.83956,6.938118,32.61713,1,2020-08-03,10:25:40 10 Aug 2020,40000
2020,President,Trump,Biden,,27,0.0662625,3.076053,0.24525,0.75475,,0.8353721,0.8924478,0.723301,0.9447386,46.34787,52.11287,,1.539262,40.82915,46.58557,,0.7877961,51.88221,57.6372,,2.391049,-5.764994,-16.77861,5.240026,1,2020-08-03,10:25:40 10 Aug 2020,40000
2020,President,Trump,Biden,,23,0.0039625,0.7383662,0.210825,0.789175,,0.7669868,0.8417968,0.5708738,0.9317648,44.92713,53.61089,,1.461985,37.80481,46.40173,,0.7491797,52.15774,60.73107,,2.271071,-8.68376,-22.86045,5.734287,1,2020-08-03,10:25:40 10 Aug 2020,40000
2020,President,Trump,Biden,,24,0.000325,0.0171532,0.002925,0.997075,,0.7435898,0.7143394,0.0076787,0.9989831,35.78445,62.84454,,1.37101,30.29811,57.31674,,0.7035141,41.29054,68.35052,,2.126303,-27.06009,-38.03216,-16.05503,1,2020-08-03,10:25:40 10 Aug 2020,40000
2020,President,Trump,Biden,,25,0.0004,0.0165816,0.00665,0.99335,,0.8421053,0.716691,0.0197705,0.9985273,34.33021,63.90188,,1.767912,27.3963,56.84774,,0.9018222,41.36489,70.8502,,2.75134,-29.57166,-43.41226,-15.50891,1,2020-08-03,10:25:40 10 Aug 2020,40000
2020,President,Trump,Biden,,26,0.0867,2.445019,0.197775,0.802225,,0.9391986,0.8741625,0.6557811,0.9835899,45.97245,52.8921,,1.135449,40.66156,47.5281,,0.5850853,51.34381,58.23177,,1.756353,-6.919653,-17.54919,3.825293,1,2020-08-03,10:25:40 10 Aug 2020,40000
2020,President,Trump,Biden,,16,5e-05,0.0102965,0.9857,0.0143,,0.2870042,0.9755245,0.9987643,0.0195659,62.66376,34.21381,,3.122429,55.04556,26.84045,,1.569371,70.13239,41.76829,,4.901658,28.44995,13.3514,43.1895,1,2020-08-03,10:25:40 10 Aug 2020,40000
2020,President,Trump,Biden,,17,0.003925,0.099286,0.02045,0.97955,,0.8679706,0.7251034,0.0626655,0.9962131,38.89742,59.56366,,1.538922,32.85571,53.50066,,0.7876258,44.97059,65.57712,,2.390512,-20.66624,-32.68811,-8.528728,1,2020-08-03,10:25:40 10 Aug 2020,40000
2020,President,Trump,Biden,,09,0.0012625,0.1088877,0.030875,0.969125,,0.9408907,0.7338579,0.1025596,0.9975104,40.23331,58.83861,,0.9280722,34.08941,52.65585,,0.4804113,46.40594,64.98997,,1.431663,-18.6053,-30.87564,-6.248196,1,2020-08-03,10:25:40 10 Aug 2020,40000
2020,President,Trump,Biden,,15,0.0007125,0.2370619,0.0162,0.9838,,0.6280864,0.718642,0.0359223,0.9916196,32.63026,65.52853,,1.841211,24.00163,56.70062,,0.9382699,41.42002,74.20488,,2.867078,-32.89827,-50.12763,-15.27844,1,2020-08-03,10:25:40 10 Aug 2020,40000
2020,President,Trump,Biden,,13,0.0161625,0.5342829,0.6559,0.3441,,0.4273136,0.9909183,0.9894969,0.4782426,51.03587,48.14062,,0.8235097,46.25133,43.35836,,0.4273938,55.8329,52.92395,,1.268271,2.895249,-6.680464,12.45245,1,2020-08-03,10:25:40 10 Aug 2020,40000
2020,President,Trump,Biden,,12,0.2249,3.142452,0.354825,0.645175,,0.7476925,0.9714031,0.9366284,0.879028,48.01316,51.18557,,0.8012655,42.55873,45.71891,,0.4160982,53.47112,56.63572,,1.233541,-3.172405,-14.07876,7.739115,1,2020-08-03,10:25:40 10 Aug 2020,40000
2020,President,Trump,Biden,,11,0.0,0.0,2.5e-05,0.999975,,0.0,0.7129678,0.0,0.999965,5.956349,90.50253,,3.541119,2.228686,85.99327,,1.773339,9.973731,94.70204,,5.570477,-84.54618,-92.23645,-76.30197,1,2020-08-03,10:25:40 10 Aug 2020,40000
2020,President,Trump,Biden,,10,7.5e-05,0.0248539,0.00435,0.99565,,0.9195402,0.7157385,0.0141218,0.9995091,37.97036,60.86533,,1.16431,32.86534,55.72966,,0.5996175,43.08153,66.00607,,1.80162,-22.89496,-33.11983,-12.64636,1,2020-08-03,10:25:40 10 Aug 2020,40000
2020,President,Trump,Biden,,08,0.0255625,1.238745,0.1608,0.8392,,0.880597,0.8273653,0.4999117,0.973842,44.48991,53.63438,,1.875711,38.50011,47.64009,,0.9554297,50.48454,59.68055,,2.921656,-9.144463,-21.11152,2.819399,1,2020-08-03,10:25:40 10 Aug 2020,40000
2020,President,Trump,Biden,,06,0.0021875,0.0216934,0.0042,0.9958,,0.7738096,0.7150281,0.011474,0.9986675,34.62502,63.49542,,1.879565,28.49749,57.33418,,0.9573436,40.77579,69.66785,,2.927759,-28.8704,-41.12163,-16.6474,1,2020-08-03,10:25:40 10 Aug 2020,40000
2020,President,Trump,Biden,,05,0.0004,0.0501875,0.92035,0.07965,,0.3069213,0.9899561,0.9972639,0.1105929,56.56751,41.79824,,1.63425,49.88634,35.15597,,0.8352397,63.18225,48.4852,,2.540738,14.76928,1.482645,27.97694,1,2020-08-03,10:25:40 10 Aug 2020,40000
2020,President,Trump,Biden,,04,0.045625,2.313507,0.441475,0.558525,,0.5767598,0.9460185,0.8989409,0.7410849,48.63102,50.03832,,1.330669,42.4123,43.85936,,0.6832656,54.82772,56.25795,,2.062845,-1.407303,-13.82642,10.93332,1,2020-08-03,10:25:40 10 Aug 2020,40000
2020,President,Trump,Biden,,02,0.0016375,0.7389845,0.805325,0.194675,,0.3438984,0.9672531,0.9777582,0.2641046,53.63736,44.10406,,2.258574,46.29697,36.81747,,1.14502,60.88414,51.38226,,3.52855,9.533298,-5.02784,24.04848,1,2020-08-03,10:25:40 10 Aug 2020,40000
2020,President,Trump,Biden,,01,0.00045,0.0299808,0.97755,0.02245,,0.2892691,0.9788418,0.998323,0.0308216,59.87377,39.33459,,0.7916364,53.76475,33.32359,,0.411206,65.90436,45.43485,,1.218522,20.53918,8.345051,32.59538,1,2020-08-03,10:25:40 10 Aug 2020,40000
2020,President,Trump,Biden,,28,0.002,0.2349417,0.870375,0.129625,,0.3178228,0.9481196,0.9766108,0.1723763,55.49962,43.69994,,0.800434,48.66812,36.98753,,0.4156758,62.22344,50.54166,,1.232244,11.79968,-1.874521,25.2331,1,2020-08-03,10:25:40 10 Aug 2020,40000
2020,President,Trump,Biden,,29,0.0015625,0.0778185,0.8616,0.1384,,0.3277333,0.9934971,0.9969109,0.1928539,54.34562,44.2011,,1.453283,48.29092,38.17831,,0.7447609,60.37048,50.28416,,2.255716,10.14452,-1.935291,22.18118,1,2020-08-03,10:25:40 10 Aug 2020,40000
2020,President,Trump,Biden,,35,0.00875,1.534058,0.10695,0.89305,,0.9081346,0.7875539,0.342895,0.9864652,43.16703,54.99689,,1.836069,37.04695,48.85687,,0.9357147,49.30143,61.13942,,2.858956,-11.82986,-24.04132,0.4342327,1,2020-08-03,10:25:40 10 Aug 2020,40000
2020,President,Trump,Biden,,30,0.00095,0.2536192,0.86945,0.13055,,0.3224165,0.9772118,0.9896734,0.1789333,55.18216,42.7913,,2.026544,47.99876,35.68134,,1.030244,62.26909,49.92188,,3.160647,12.39086,-1.863041,26.53419,1,2020-08-03,10:25:40 10 Aug 2020,40000
2020,President,Trump,Biden,,44,0.000675,0.2043647,0.033075,0.966925,,0.8654573,0.7328386,0.1010591,0.9938638,37.71811,60.83677,,1.445127,30.0006,53.09853,,0.7406746,45.46455,68.55377,,2.242893,-23.11866,-38.5813,-7.673903,1,2020-08-03,10:25:40 10 Aug 2020,40000
2020,President,Trump,Biden,,56,0.0,0.0,0.99635,0.00365,,0.2839364,0.9041096,0.9987643,0.0046285,68.44128,28.14576,,3.412952,60.83781,20.77567,,1.710973,75.88216,35.68484,,5.36543,40.29552,25.32227,54.98278,1,2020-08-03,10:25:40 10 Aug 2020,40000
2020,President,Trump,Biden,,55,0.082075,3.83174,0.269725,0.730275,,0.8361294,0.9175311,0.7962047,0.9397945,46.80092,52.14977,,1.049312,41.07575,46.44173,,0.5416561,52.50663,57.86559,,1.621335,-5.348854,-16.77253,6.051716,1,2020-08-03,10:25:40 10 Aug 2020,40000
2020,President,Trump,Biden,,54,5e-05,0.0113301,0.99065,0.00935,,0.2856458,0.9705882,0.9990291,0.0127284,65.88825,32.26354,,1.848204,58.0524,24.50779,,0.9417477,73.68552,40.08198,,2.878123,33.62471,18.01741,49.1337,1,2020-08-03,10:25:40 10 Aug 2020,40000
2020,President,Trump,Biden,,53,0.0012375,0.0486509,0.0146,0.9854,,0.8407534,0.7211792,0.0433363,0.996739,36.92955,60.80471,,2.265741,30.41498,54.28955,,1.148559,43.41397,67.35205,,3.539911,-23.87516,-36.8917,-10.97521,1,2020-08-03,10:25:40 10 Aug 2020,40000
2020,President,Trump,Biden,,51,0.020425,0.6896651,0.090025,0.909975,,0.9627881,0.7800214,0.3060018,0.9955468,44.22904,54.72836,,1.042601,39.24079,49.72803,,0.5382687,49.19787,59.7262,,1.610829,-10.49931,-20.4756,-0.5773697,1,2020-08-03,10:25:40 10 Aug 2020,40000
2020,President,Trump,Biden,,50,0.0002375,0.1048645,0.0121,0.9879,,0.7024794,0.7180636,0.0300088,0.9949507,31.37604,65.90424,,2.719717,22.78117,57.02381,,1.372152,40.19275,74.53902,,4.260986,-34.52821,-51.68139,-16.89112,1,2020-08-03,10:25:40 10 Aug 2020,40000
2020,President,Trump,Biden,,31,2.5e-05,0.0041454,0.980925,0.019075,,0.2886816,0.9960682,0.9997352,0.0266489,58.94237,39.25423,,1.803401,53.15562,33.53094,,0.9186076,64.71039,45.02377,,2.811537,19.68814,8.15197,31.13403,1,2020-08-03,10:25:40 10 Aug 2020,40000
2020,President,Trump,Biden,,48,0.018475,0.2757845,0.6766,0.3234,,0.4176027,0.9978355,0.9975287,0.4526106,51.4215,47.56117,,1.01733,45.90327,42.07086,,0.5255083,56.94855,53.06408,,1.57124,3.860325,-7.14982,14.88808,1,2020-08-03,10:25:40 10 Aug 2020,40000
2020,President,Trump,Biden,,47,0.00065,0.0356656,0.9433,0.0567,,0.2997191,0.9902998,0.9981465,0.0787545,57.62983,41.26015,,1.110019,51.13383,34.82011,,0.5722723,64.06093,47.74951,,1.71649,16.36968,3.387999,29.24302,1,2020-08-03,10:25:40 10 Aug 2020,40000
2020,President,Trump,Biden,,46,0.000425,0.1566994,0.94605,0.05395,,0.2976322,0.9680259,0.9940865,0.0732494,59.66481,38.84036,,1.494828,51.62408,30.90235,,0.7655639,67.59975,46.85163,,2.321065,20.82446,4.783791,36.66115,1,2020-08-03,10:25:40 10 Aug 2020,40000
2020,President,Trump,Biden,,45,0.001125,0.0718889,0.8589,0.1411,,0.3289673,0.9945074,0.9975287,0.1968162,53.9108,45.19284,,0.8963589,48.66673,39.96888,,0.4643656,59.14429,50.45609,,1.38208,8.71795,-1.815784,19.15886,1,2020-08-03,10:25:40 10 Aug 2020,40000
2020,President,Trump,Biden,,49,0.000525,0.0622497,0.945625,0.054375,,0.2981097,0.9751724,0.9952339,0.0743715,57.01038,39.65256,,3.337061,50.13995,32.87762,,1.674012,63.80905,46.45984,,5.244239,17.35782,3.852205,30.75777,1,2020-08-03,10:25:40 10 Aug 2020,40000
2020,President,Trump,Biden,,42,0.2110625,4.791975,0.279,0.721,,0.8671147,0.9397018,0.8541042,0.9502788,47.34663,51.89637,,0.7570086,42.25529,46.80124,,0.3935995,52.43697,57.00122,,1.164532,-4.54974,-14.73914,5.622583,1,2020-08-03,10:25:40 10 Aug 2020,40000
2020,President,Trump,Biden,,40,0.0,0.0,0.99155,0.00845,,0.2854874,0.9792899,0.9993822,0.0116063,63.3245,35.47667,,1.198832,56.81024,29.07799,,0.6169873,69.73814,41.9599,,1.855859,27.84784,14.86789,40.5969,1,2020-08-03,10:25:40 10 Aug 2020,40000
2020,President,Trump,Biden,,39,0.0343,0.8569353,0.548775,0.451225,,0.5111384,0.9935176,0.9902912,0.6287738,49.95639,48.96648,,1.077127,44.42667,43.42771,,0.5556896,55.50071,54.52789,,1.664943,0.9899046,-10.08833,12.08103,1,2020-08-03,10:25:40 10 Aug 2020,40000
2020,President,Trump,Biden,,38,0.0001,0.0416342,0.981225,0.018775,,0.2884659,0.9893475,0.9992939,0.0260528,60.90683,36.39246,,2.700708,53.95316,29.51385,,1.36281,67.82538,43.34029,,4.230725,24.51438,10.70484,38.24283,1,2020-08-03,10:25:40 10 Aug 2020,40000
2020,President,Trump,Biden,,37,0.056875,1.611417,0.4716,0.5284,,0.5735793,0.9749716,0.9549868,0.7225709,49.32121,49.89077,,0.7880178,44.04108,44.58668,,0.4093671,54.62965,55.17835,,1.212878,-0.5695544,-11.13441,10.03572,1,2020-08-03,10:25:40 10 Aug 2020,40000
2020,President,Trump,Biden,,36,0.001275,0.0236554,0.005925,0.994075,,0.8818566,0.7165204,0.0184466,0.9990182,37.12421,61.76556,,1.11023,31.45149,55.99652,,0.5723783,42.89468,67.4621,,1.71682,-24.64136,-36.03165,-13.13218,1,2020-08-03,10:25:40 10 Aug 2020,40000
2020,President,Trump,Biden,,34,0.0082375,0.2977912,0.051275,0.948725,,0.7966846,0.7406783,0.1442189,0.9855886,40.77529,58.3364,,0.8883026,34.0898,51.5798,,0.460287,47.50878,65.0321,,1.369494,-17.56111,-30.96153,-4.075914,1,2020-08-03,10:25:40 10 Aug 2020,40000
2020,President,Trump,Biden,,33,0.0158375,2.937895,0.2816,0.7184,,0.7479581,0.8949053,0.7436011,0.9017146,46.23658,52.702,,1.061422,38.8644,45.26842,,0.5477674,53.66278,60.09376,,1.640317,-6.465414,-21.26778,8.393764,1,2020-08-03,10:25:40 10 Aug 2020,40000
2020,President,Trump,Biden,,32,0.029325,3.401315,0.24355,0.75645,,0.833915,0.8901117,0.7170344,0.944388,46.06303,52.19308,,1.743894,40.30719,46.4246,,0.8898695,51.83029,57.96693,,2.713469,-6.130052,-17.63891,5.414322,1,2020-08-03,10:25:40 10 Aug 2020,40000
2020,President,Trump,Biden,,41,0.00765,0.517971,0.113975,0.886025,,0.7284492,0.7700686,0.2931156,0.9569761,41.70677,55.8876,,2.405634,34.11385,48.27723,,1.217563,49.3111,63.44755,,3.761886,-14.18082,-29.25792,0.949749,1,2020-08-03,10:25:40 10 Aug 2020,40000
2020,President,Trump,Biden,,21,0.000275,0.0200968,0.97765,0.02235,,0.2901857,0.9899329,0.9992076,0.0310559,60.24016,38.5757,,1.184134,53.68353,32.07603,,0.609284,66.74632,45.10952,,1.831541,21.66446,8.588245,34.65373,1,2020-08-02,10:26:03 10 Aug 2020,40000
2020,President,Trump,Biden,,17,0.00395,0.0997424,0.0207,0.9793,,0.8357488,0.7240376,0.0609316,0.9952627,38.87493,59.5837,,1.541371,32.79829,53.41593,,0.7883756,45.018,65.66716,,2.393515,-20.70877,-32.81057,-8.428982,1,2020-08-02,10:26:03 10 Aug 2020,40000
2020,President,Trump,Biden,,18,0.000375,0.0200511,0.937,0.063,,0.3029082,0.9980159,0.9996478,0.0882549,56.24403,42.35904,,1.396927,50.50925,36.66536,,0.716134,61.95649,48.09164,,2.165863,13.88499,2.429966,25.23839,1,2020-08-02,10:26:03 10 Aug 2020,40000
2020,President,Trump,Biden,,19,0.003925,0.3556441,0.67325,0.32675,,0.420052,0.9961745,0.9960377,0.4568902,51.41602,47.15569,,1.428284,45.23111,40.99032,,0.7318501,57.58722,53.33134,,2.215306,4.260334,-8.052631,16.59706,1,2020-08-02,10:26:03 10 Aug 2020,40000
2020,President,Trump,Biden,,20,0.0001125,0.012825,0.93315,0.06685,,0.304158,0.9985041,0.9996478,0.0936941,56.15042,42.02583,,1.823752,50.1716,36.07056,,0.9290231,62.1089,48.00481,,2.83845,14.12459,2.222027,25.97352,1,2020-08-02,10:26:03 10 Aug 2020,40000
2020,President,Trump,Biden,,26,0.086325,2.436644,0.20205,0.79795,,0.9360307,0.8772166,0.666109,0.9825245,45.95338,52.90907,,1.13755,40.57964,47.50861,,0.585812,51.3471,58.30557,,1.75842,-6.955699,-17.71882,3.81542,1,2020-08-02,10:26:03 10 Aug 2020,40000
2020,President,Trump,Biden,,22,0.0025875,0.1808734,0.902175,0.097825,,0.3089755,0.9455661,0.9817734,0.1298382,57.61004,41.56963,,0.8203295,49.68091,33.7184,,0.4252602,65.44902,49.49505,,1.262092,16.04041,0.1789589,31.72654,1,2020-08-02,10:26:03 10 Aug 2020,40000
2020,President,Trump,Biden,,23,0.0048125,0.9048719,0.239125,0.760875,,0.7488761,0.8581896,0.6307123,0.9165526,45.29767,53.25237,,1.449962,38.06002,45.91801,,0.7418822,52.61262,60.48749,,2.249643,-7.954701,-22.39381,6.643177,1,2020-08-02,10:26:03 10 Aug 2020,40000
2020,President,Trump,Biden,,24,0.00035,0.017993,0.002975,0.997025,,0.7815126,0.7138988,0.0081888,0.9990876,35.75375,62.87257,,1.373682,30.22639,57.26437,,0.7044778,41.35069,68.43299,,2.129326,-27.11883,-38.18433,-15.9391,1,2020-08-02,10:26:03 10 Aug 2020,40000
2020,President,Trump,Biden,,25,0.0004,0.0161925,0.0072,0.9928,,0.8229167,0.7163326,0.0208682,0.9982454,34.3064,63.92305,,1.770545,27.39931,56.85416,,0.9025677,41.33285,70.85713,,2.754425,-29.61665,-43.42714,-15.515,1,2020-08-02,10:26:03 10 Aug 2020,40000
2020,President,Trump,Biden,,15,0.0004875,0.1644815,0.015725,0.984275,,0.6041335,0.717584,0.0334595,0.9914026,32.59306,65.56309,,1.843855,23.96766,56.7032,,0.939011,41.45876,74.20833,,2.870205,-32.97003,-50.21461,-15.30379,1,2020-08-02,10:26:03 10 Aug 2020,40000
2020,President,Trump,Biden,,16,7.5e-05,0.0141452,0.984625,0.015375,,0.28813,0.9837399,0.9992076,0.0212303,62.77607,34.09679,,3.127142,55.10628,26.60692,,1.570733,70.39203,41.71315,,4.90604,28.67928,13.53507,43.69262,1,2020-08-02,10:26:03 10 Aug 2020,40000
2020,President,Trump,Biden,,28,0.00265,0.3093623,0.87085,0.12915,,0.3181087,0.9450251,0.9756978,0.1713163,55.5288,43.6694,,0.8017973,48.6908,36.88463,,0.4158346,62.30636,50.48154,,1.233225,11.8594,-1.792444,25.42675,1,2020-08-02,10:26:03 10 Aug 2020,40000
2020,President,Trump,Biden,,13,0.0167125,0.5515097,0.65235,0.34765,,0.4312102,0.9920178,0.9907546,0.484086,51.021,48.15419,,0.8248101,46.13158,43.33972,,0.4275382,55.83037,53.04002,,1.269072,2.866813,-6.904661,12.46331,1,2020-08-02,10:26:03 10 Aug 2020,40000
2020,President,Trump,Biden,,12,0.2285875,3.191835,0.3512,0.6488,,0.7509966,0.9681334,0.9289425,0.8816717,47.97967,51.21769,,0.8026457,42.46444,45.66037,,0.4162663,53.52752,56.73832,,1.234546,-3.238019,-14.26405,7.856741,1,2020-08-02,10:26:03 10 Aug 2020,40000
2020,President,Trump,Biden,,11,0.0,0.0,0.0,1.0,,,0.712425,0.0,1.0,5.933205,90.51999,,3.546807,2.146862,85.89043,,1.775103,10.05507,94.78561,,5.576135,-84.58678,-92.40031,-76.1478,1,2020-08-02,10:26:03 10 Aug 2020,40000
2020,President,Trump,Biden,,10,0.0001125,0.0342426,0.004375,0.995625,,0.9714286,0.71543,0.0149687,0.9998245,37.92877,60.90454,,1.166687,32.74464,55.69193,,0.6004959,43.14471,66.10366,,1.804149,-22.97577,-33.34013,-12.53163,1,2020-08-02,10:26:03 10 Aug 2020,40000
2020,President,Trump,Biden,,09,0.0014875,0.1292117,0.031175,0.968825,,0.936648,0.7333367,0.1028441,0.9972629,40.22116,58.84892,,0.9299101,34.03187,52.56654,,0.4808714,46.48309,65.03826,,1.433192,-18.62776,-30.9841,-6.075497,1,2020-08-02,10:26:03 10 Aug 2020,40000
2020,President,Trump,Biden,,08,0.024675,1.197331,0.162,0.838,,0.8797839,0.8273866,0.5019811,0.9732252,44.47133,53.64953,,1.879136,38.45258,47.60934,,0.956532,50.49719,59.67311,,2.925948,-9.178202,-21.18282,2.805668,1,2020-08-02,10:26:03 10 Aug 2020,40000
2020,President,Trump,Biden,,06,0.002075,0.0210401,0.004475,0.995525,,0.7430168,0.7144974,0.0117108,0.9984209,34.54484,63.57238,,1.882779,28.48205,57.42774,,0.9583409,40.63792,69.6346,,2.931706,-29.02754,-41.08624,-16.85052,1,2020-08-02,10:26:03 10 Aug 2020,40000
2020,President,Trump,Biden,,05,0.0004375,0.0532697,0.9201,0.0799,,0.3075209,0.9871715,0.996566,0.1107134,56.63104,41.73148,,1.637485,49.86299,35.0064,,0.836301,63.34238,48.48305,,2.544625,14.89956,1.399624,28.296,1,2020-08-02,10:26:03 10 Aug 2020,40000
2020,President,Trump,Biden,,04,0.0446875,2.262116,0.4395,0.5605,,0.5805461,0.9463872,0.8986528,0.7445696,48.58971,50.07725,,1.333038,42.26105,43.78381,,0.6840835,54.86407,56.39544,,2.065482,-1.487542,-14.12002,11.06167,1,2020-08-02,10:26:03 10 Aug 2020,40000
2020,President,Trump,Biden,,02,0.0017875,0.8160315,0.808025,0.191975,,0.343925,0.9678344,0.9787796,0.2607994,53.69537,44.04197,,2.262664,46.36482,36.77119,,1.146456,60.96224,51.34478,,3.532639,9.653396,-4.898449,24.11876,1,2020-08-02,10:26:03 10 Aug 2020,40000
2020,President,Trump,Biden,,01,0.000225,0.0149115,0.9775,0.0225,,0.2898977,0.9755555,0.9980628,0.0308103,59.92692,39.2801,,0.7929789,53.77193,33.21708,,0.4113483,65.98822,45.44216,,1.219491,20.64682,8.378908,32.77292,1,2020-08-02,10:26:03 10 Aug 2020,40000
2020,President,Trump,Biden,,27,0.0652875,3.033316,0.250075,0.749925,,0.8241528,0.8927226,0.7258959,0.9397129,46.35572,52.10202,,1.542261,40.81877,46.53448,,0.78882,51.91039,57.65366,,2.394915,-5.746304,-16.76417,5.350674,1,2020-08-02,10:26:03 10 Aug 2020,40000
2020,President,Trump,Biden,,56,3.75e-05,0.0216352,0.996575,0.003425,,0.2847503,0.9562044,0.9994717,0.004597,68.57722,28.00465,,3.418129,60.87174,20.56451,,1.712533,76.13533,35.56265,,5.370669,40.57257,25.47023,55.41487,1,2020-08-02,10:26:03 10 Aug 2020,40000
2020,President,Trump,Biden,,29,0.00145,0.073204,0.860275,0.139725,,0.3287321,0.9917696,0.9960377,0.1945117,54.35392,44.18948,,1.456598,48.23118,38.15359,,0.7460289,60.43326,50.30973,,2.259968,10.16444,-2.048338,22.25987,1,2020-08-02,10:26:03 10 Aug 2020,40000
2020,President,Trump,Biden,,42,0.2082,4.717113,0.28125,0.71875,,0.8664,0.9407652,0.8582372,0.9491174,47.33699,51.90458,,0.7584333,42.21666,46.75644,,0.3937688,52.48508,57.04198,,1.165678,-4.567585,-14.79561,5.718561,1,2020-08-02,10:26:03 10 Aug 2020,40000
2020,President,Trump,Biden,,55,0.082975,3.876434,0.27295,0.72705,,0.8340355,0.9197442,0.8017963,0.9386251,46.80331,52.14519,,1.051503,41.05762,46.38935,,0.5423896,52.5897,57.89402,,1.62343,-5.341886,-16.8245,6.179676,1,2020-08-02,10:26:03 10 Aug 2020,40000
2020,President,Trump,Biden,,54,3.75e-05,0.0080084,0.990575,0.009425,,0.2864245,0.9761273,0.9992956,0.0129136,65.9492,32.19326,,1.857536,57.96227,24.37252,,0.9458066,73.8441,40.16793,,2.891819,33.75595,17.8358,49.45463,1,2020-08-02,10:26:03 10 Aug 2020,40000
2020,President,Trump,Biden,,53,0.001325,0.0527407,0.0145,0.9855,,0.8172414,0.7203196,0.0417364,0.9964207,36.90359,60.82662,,2.269784,30.43369,54.26808,,1.149972,43.41771,67.35019,,3.543903,-23.92303,-36.85168,-10.93832,1,2020-08-02,10:26:03 10 Aug 2020,40000
2020,President,Trump,Biden,,51,0.0213125,0.7215676,0.092025,0.907975,,0.9589785,0.7806107,0.3108215,0.9948767,44.21579,54.73968,,1.044531,39.19497,49.65697,,0.5388674,49.28889,59.75794,,1.612503,-10.52389,-20.54948,-0.4031296,1,2020-08-02,10:26:03 10 Aug 2020,40000
2020,President,Trump,Biden,,50,0.0003125,0.1459595,0.0122,0.9878,,0.6987705,0.7175795,0.0300255,0.9949468,31.43284,65.84329,,2.723863,22.93174,57.03294,,1.373355,40.23429,74.43813,,4.263872,-34.41045,-51.39243,-16.8615,1,2020-08-02,10:26:03 10 Aug 2020,40000
2020,President,Trump,Biden,,49,0.0003625,0.0421852,0.94655,0.05345,,0.2987164,0.9770814,0.9958616,0.073306,57.00556,39.65112,,3.343321,50.18134,32.91283,,1.676117,63.80804,46.43449,,5.251119,17.35443,3.894291,30.72204,1,2020-08-02,10:26:03 10 Aug 2020,40000
2020,President,Trump,Biden,,48,0.0177875,0.2669789,0.67415,0.32585,,0.4203812,0.9980819,0.9981509,0.4565042,51.41127,47.56965,,1.019079,45.89414,42.06007,,0.5260037,56.9034,53.10022,,1.572654,3.841624,-7.188936,14.82452,1,2020-08-02,10:26:03 10 Aug 2020,40000
2020,President,Trump,Biden,,47,0.00055,0.0303334,0.941425,0.058575,,0.3005285,0.9820743,0.996478,0.0807453,57.66908,41.21891,,1.112019,51.1245,34.73475,,0.572937,64.15877,47.78409,,1.718324,16.45017,3.38563,29.42629,1,2020-08-02,10:26:03 10 Aug 2020,40000
2020,President,Trump,Biden,,46,0.000475,0.1666966,0.94595,0.05405,,0.2980601,0.9629972,0.993044,0.0730603,59.73865,38.76416,,1.497188,51.62431,30.70261,,0.7663147,67.79739,46.84882,,2.323907,20.97449,4.810116,37.09415,1,2020-08-02,10:26:03 10 Aug 2020,40000
2020,President,Trump,Biden,,45,0.0010875,0.0696058,0.8706,0.1294,,0.3255801,0.996136,0.998327,0.1809313,54.16546,44.96733,,0.8672084,48.86842,39.65984,,0.4490751,59.46377,50.25375,,1.335227,9.198126,-1.379667,19.7802,1,2020-08-02,10:26:03 10 Aug 2020,40000
2020,President,Trump,Biden,,44,0.0009125,0.2718531,0.033125,0.966875,,0.8377358,0.7314027,0.0977371,0.9926308,37.71212,60.84046,,1.447417,29.97997,53.02293,,0.7414349,45.55968,68.58215,,2.245485,-23.12834,-38.6232,-7.465511,1,2020-08-02,10:26:03 10 Aug 2020,40000
2020,President,Trump,Biden,,30,0.00075,0.2059822,0.871075,0.128925,,0.3225612,0.9765368,0.98961,0.1767204,55.2574,42.71249,,2.030113,48.07348,35.59758,,1.031421,62.38721,49.93155,,3.164448,12.54492,-1.856058,26.71934,1,2020-08-02,10:26:03 10 Aug 2020,40000
2020,President,Trump,Biden,,41,0.0084375,0.5639859,0.11385,0.88615,,0.7288098,0.7696214,0.2922427,0.9572937,41.69892,55.89183,,2.409249,34.1099,48.25462,,1.218732,49.31639,63.49377,,3.764558,-14.19292,-29.36329,1.030367,1,2020-08-02,10:26:03 10 Aug 2020,40000
2020,President,Trump,Biden,,39,0.033225,0.8357147,0.544375,0.455625,,0.5167394,0.9939643,0.9907546,0.635681,49.93833,48.98251,,1.079155,44.36834,43.40519,,0.556353,55.53354,54.5635,,1.666715,0.9558159,-10.17817,12.09782,1,2020-08-02,10:26:03 10 Aug 2020,40000
2020,President,Trump,Biden,,38,0.0001,0.0431365,0.9824,0.0176,,0.288808,0.9886364,0.9992956,0.0244236,60.95277,36.33828,,2.70895,53.92299,29.48299,,1.366038,67.86814,43.35027,,4.240177,24.6145,10.67321,38.28288,1,2020-08-02,10:26:03 10 Aug 2020,40000
2020,President,Trump,Biden,,37,0.054675,1.551319,0.46975,0.53025,,0.5787121,0.9761904,0.9574712,0.7265677,49.30711,49.9037,,0.789193,43.97326,44.51466,,0.409422,54.68852,55.23895,,1.213596,-0.5965923,-11.24359,10.15321,1,2020-08-02,10:26:03 10 Aug 2020,40000
2020,President,Trump,Biden,,36,0.0016125,0.0291116,0.006025,0.993975,,0.8215768,0.7156619,0.0174342,0.998491,37.07636,61.81169,,1.111953,31.3704,56.04669,,0.5729039,42.83957,67.53535,,1.718221,-24.73533,-36.14003,-13.22329,1,2020-08-02,10:26:03 10 Aug 2020,40000
2020,President,Trump,Biden,,35,0.0088375,1.523439,0.107825,0.892175,,0.9044749,0.7871774,0.3434886,0.985788,43.14075,55.02002,,1.83923,37.0448,48.81335,,0.9367136,49.29095,61.15148,,2.862899,-11.87926,-24.05845,0.4237309,1,2020-08-02,10:26:03 10 Aug 2020,40000
2020,President,Trump,Biden,,34,0.0074375,0.26906,0.05145,0.94855,,0.7939748,0.7401033,0.143876,0.985402,40.71078,58.39938,,0.8898412,33.97051,51.62099,,0.460556,47.4641,65.13147,,1.370577,-17.6886,-31.16401,-4.137972,1,2020-08-02,10:26:03 10 Aug 2020,40000
2020,President,Trump,Biden,,33,0.014775,2.755093,0.287675,0.712325,,0.7504997,0.9007826,0.7604121,0.9006562,46.269,52.66671,,1.064282,38.90138,45.20251,,0.5488436,53.72022,60.0456,,1.643423,-6.397706,-21.12845,8.48101,1,2020-08-02,10:26:03 10 Aug 2020,40000
2020,President,Trump,Biden,,32,0.031775,3.711149,0.242875,0.757125,,0.8311889,0.8876342,0.7110152,0.9433274,46.02507,52.22813,,1.74679,40.23978,46.38423,,0.8907448,51.84109,58.03461,,2.716882,-6.203059,-17.74327,5.424179,1,2020-08-02,10:26:03 10 Aug 2020,40000
2020,President,Trump,Biden,,31,3.75e-05,0.0065697,0.98,0.02,,0.2896174,0.995,0.9996478,0.0279328,58.96441,39.22878,,1.806806,53.20476,33.53439,,0.9197897,64.68854,44.9725,,2.813823,19.73563,8.286772,31.10268,1,2020-08-02,10:26:03 10 Aug 2020,40000
2020,President,Trump,Biden,,40,8.75e-05,0.0081057,0.9915,0.0085,,0.2861321,0.9735294,0.9992076,0.0116153,63.34893,35.45003,,1.201041,56.7144,28.95188,,0.6177897,69.86731,42.07397,,1.858106,27.89889,14.66887,40.88306,1,2020-08-02,10:26:03 10 Aug 2020,40000
2020,President,Trump,Biden,,21,0.0001125,0.0090148,0.973075,0.026925,,0.2936053,0.9860724,0.9986892,0.0373483,59.90924,38.90878,,1.181973,53.35419,32.39519,,0.6102692,66.40471,45.46963,,1.831302,21.00047,7.903934,34.01482,1,2020-08-01,10:26:11 10 Aug 2020,40000
2020,President,Trump,Biden,,17,0.00455,0.115308,0.021525,0.978475,,0.8327526,0.722834,0.0626584,0.9949358,38.9204,59.54043,,1.539171,32.76203,53.34114,,0.7898676,45.09629,65.70933,,2.393223,-20.62003,-32.93219,-8.252007,1,2020-08-01,10:26:11 10 Aug 2020,40000
2020,President,Trump,Biden,,18,0.000275,0.013497,0.913575,0.086425,,0.3128369,0.9968181,0.9990387,0.1211887,55.47065,43.06266,,1.466687,49.62666,37.27765,,0.7535471,61.23405,48.89629,,2.278998,12.40798,0.7640743,23.91736,1,2020-08-01,10:26:11 10 Aug 2020,40000
2020,President,Trump,Biden,,19,0.0041,0.3752164,0.669675,0.330325,,0.4256169,0.9966699,0.9963296,0.4631264,51.36311,47.25767,,1.379218,45.15651,41.06958,,0.7096226,57.54934,53.44487,,2.141324,4.10544,-8.25297,16.44917,1,2020-08-01,10:26:11 10 Aug 2020,40000
2020,President,Trump,Biden,,20,0.0001375,0.0157709,0.933275,0.066725,,0.3062334,0.9958786,0.9990387,0.0934763,56.14472,42.03461,,1.820666,50.12593,36.12996,,0.9304736,62.04066,48.03436,,2.837447,14.11011,2.110229,25.85106,1,2020-08-01,10:26:11 10 Aug 2020,40000
2020,President,Trump,Biden,,26,0.0868125,2.444927,0.20345,0.79655,,0.9376997,0.876938,0.6668706,0.982627,45.976,52.88888,,1.135119,40.55287,47.52233,,0.5865936,51.35069,58.29324,,1.757738,-6.91288,-17.70701,3.798119,1,2020-08-01,10:26:11 10 Aug 2020,40000
2020,President,Trump,Biden,,22,0.0022875,0.1600077,0.902725,0.097275,,0.3115013,0.9498844,0.982959,0.1299807,57.60073,41.58033,,0.8189412,49.69881,33.80735,,0.4260355,65.399,49.48307,,1.262675,16.02041,0.2055798,31.5975,1,2020-08-01,10:26:11 10 Aug 2020,40000
2020,President,Trump,Biden,,23,0.004475,0.8433052,0.22905,0.77095,,0.7614058,0.8520008,0.6096303,0.9240021,45.15268,53.37399,,1.473338,37.87417,46.0378,,0.755628,52.4776,60.62346,,2.290307,-8.221313,-22.74651,6.389568,1,2020-08-01,10:26:11 10 Aug 2020,40000
2020,President,Trump,Biden,,24,0.0004375,0.02203,0.00265,0.99735,,0.7924528,0.7122124,0.0073407,0.9992263,35.77918,62.84863,,1.372188,30.23652,57.26836,,0.7060901,41.31519,68.39323,,2.13025,-27.06946,-38.1314,-15.99921,1,2020-08-01,10:26:11 10 Aug 2020,40000
2020,President,Trump,Biden,,25,0.00045,0.0187868,0.0067,0.9933,,0.8470149,0.7146381,0.0198375,0.9985581,34.29659,63.93463,,1.768785,27.31689,56.87606,,0.9046165,41.32252,70.93251,,2.755704,-29.63804,-43.5742,-15.58635,1,2020-08-01,10:26:11 10 Aug 2020,40000
2020,President,Trump,Biden,,15,0.0006,0.2002513,0.014875,0.985125,,0.6235294,0.7159498,0.0324216,0.9921576,32.56351,65.59885,,1.837651,23.89317,56.76896,,0.9389336,41.37222,74.286,,2.864232,-33.03534,-50.35061,-15.4369,1,2020-08-01,10:26:11 10 Aug 2020,40000
2020,President,Trump,Biden,,16,0.0001375,0.0261212,0.985675,0.014325,,0.289979,0.982548,0.9991261,0.0197995,62.6901,34.18645,,3.123453,55.02615,26.75807,,1.573386,70.23354,41.76488,,4.906305,28.50365,13.38081,43.3446,1,2020-08-01,10:26:11 10 Aug 2020,40000
2020,President,Trump,Biden,,09,0.0014875,0.1311609,0.03185,0.96815,,0.9411303,0.7323245,0.1047802,0.9973624,40.22197,58.84918,,0.9288578,34.00979,52.56087,,0.4820266,46.48506,65.05502,,1.434483,-18.62721,-31.04946,-6.089676,1,2020-08-01,10:26:11 10 Aug 2020,40000
2020,President,Trump,Biden,,13,0.0158875,0.5250907,0.654625,0.345375,,0.4327286,0.9916033,0.9902124,0.4817654,51.05627,48.12066,,0.8230671,46.23409,43.3152,,0.4281403,55.86839,52.96316,,1.269115,2.935611,-6.710802,12.55068,1,2020-08-01,10:26:11 10 Aug 2020,40000
2020,President,Trump,Biden,,12,0.2324375,3.241942,0.351925,0.648075,,0.7575478,0.9691394,0.9319234,0.8835238,47.98088,51.21789,,0.8012218,42.44786,45.69473,,0.416993,53.5246,56.72266,,1.235021,-3.237009,-14.27736,7.82814,1,2020-08-01,10:26:11 10 Aug 2020,40000
2020,President,Trump,Biden,,11,0.0,0.0,2.5e-05,0.999975,,0.0,0.7108678,0.0,0.9999648,5.994099,90.46331,,3.542592,2.20911,85.80619,,1.778135,10.12672,94.71737,,5.575089,-84.46921,-92.27696,-75.98831,1,2020-08-01,10:26:11 10 Aug 2020,40000
2020,President,Trump,Biden,,10,8.75e-05,0.0292947,0.0044,0.9956,,0.9715909,0.7138911,0.0149436,0.9998242,37.96766,60.86692,,1.165416,32.8102,55.70493,,0.6019057,43.14769,66.033,,1.805303,-22.89926,-33.20741,-12.59036,1,2020-08-01,10:26:11 10 Aug 2020,40000
2020,President,Trump,Biden,,08,0.02435,1.18671,0.16095,0.83905,,0.8810189,0.8247125,0.4956742,0.9734131,44.47213,53.65122,,1.876655,38.46662,47.63137,,0.9583522,50.44566,59.67287,,2.925854,-9.17909,-21.18363,2.774002,1,2020-08-01,10:26:11 10 Aug 2020,40000
2020,President,Trump,Biden,,06,0.0018,0.0182846,0.004125,0.995875,,0.7878788,0.7129409,0.0113607,0.9987691,34.53962,63.58041,,1.879971,28.43079,57.48274,,0.9600026,40.64122,69.66607,,2.931094,-29.0408,-41.18221,-16.91471,1,2020-08-01,10:26:11 10 Aug 2020,40000
2020,President,Trump,Biden,,05,0.0005875,0.0728509,0.9174,0.0826,,0.3109876,0.9906175,0.9972909,0.1151046,56.60944,41.75633,,1.634234,49.83948,35.05234,,0.8374349,63.33821,48.52943,,2.543073,14.85311,1.358494,28.22616,1,2020-08-01,10:26:11 10 Aug 2020,40000
2020,President,Trump,Biden,,04,0.0469875,2.384412,0.439525,0.560475,,0.5848359,0.9463401,0.8985406,0.7461227,48.60845,50.0801,,1.311451,42.30687,43.84242,,0.6755427,54.83518,56.36547,,2.034647,-1.471652,-14.04784,10.95716,1,2020-08-01,10:26:11 10 Aug 2020,40000
2020,President,Trump,Biden,,02,0.0018625,0.8533255,0.804725,0.195275,,0.3476653,0.9674817,0.9779778,0.265764,53.63431,44.10601,,2.259681,46.31729,36.8381,,1.148403,60.90361,51.4286,,3.532639,9.528301,-5.03002,23.98873,1,2020-08-01,10:26:11 10 Aug 2020,40000
2020,President,Trump,Biden,,01,0.00025,0.0163835,0.973325,0.026675,,0.2933501,0.9793814,0.9980775,0.0367505,59.58738,39.63564,,0.7769759,53.36278,33.4976,,0.404612,65.71393,45.87653,,1.197194,19.95174,7.479645,32.2202,1,2020-08-01,10:26:11 10 Aug 2020,40000
2020,President,Trump,Biden,,28,0.0027375,0.3160981,0.871275,0.128725,,0.3211673,0.9502816,0.9781526,0.1720767,55.54779,43.65221,,0.799998,48.67637,36.93393,,0.4163682,62.28785,50.51535,,1.233112,11.89557,-1.815948,25.33962,1,2020-08-01,10:26:11 10 Aug 2020,40000
2020,President,Trump,Biden,,27,0.0672125,3.122656,0.24985,0.75015,,0.826696,0.8913217,0.7220135,0.9405662,46.35221,52.10846,,1.539333,40.8389,46.56916,,0.7899486,51.9111,57.64007,,2.393478,-5.756249,-16.74248,5.269457,1,2020-08-01,10:26:11 10 Aug 2020,40000
2020,President,Trump,Biden,,29,0.0012875,0.0627007,0.8603,0.1397,,0.3313379,0.9924839,0.996417,0.1950413,54.37556,44.17079,,1.453645,48.22741,38.08281,,0.7469962,60.43954,50.31235,,2.258456,10.20477,-2.06385,22.30261,1,2020-08-01,10:26:11 10 Aug 2020,40000
2020,President,Trump,Biden,,56,0.0001375,0.0831719,0.99675,0.00325,,0.2868824,0.9615384,0.999563,0.004396,68.53634,28.04949,,3.414173,60.93728,20.69882,,1.715503,76.03886,35.59296,,5.3701,40.48685,25.51821,55.1958,1,2020-08-01,10:26:11 10 Aug 2020,40000
2020,President,Trump,Biden,,42,0.2042625,4.62627,0.280925,0.719075,,0.8657115,0.9377325,0.8501267,0.9485493,47.33859,51.90442,,0.7569951,42.21647,46.77826,,0.3944077,52.47008,57.03362,,1.166034,-4.565829,-14.79858,5.692459,1,2020-08-01,10:26:11 10 Aug 2020,40000
2020,President,Trump,Biden,,30,0.0010375,0.2817418,0.86535,0.13465,,0.3263708,0.9728927,0.9872411,0.1842799,55.08418,42.80785,,2.107972,47.86785,35.6575,,1.07326,62.23265,50.03699,,3.291994,12.27633,-2.100782,26.58199,1,2020-08-01,10:26:11 10 Aug 2020,40000
2020,President,Trump,Biden,,55,0.0791375,3.706712,0.27415,0.72585,,0.8298377,0.916925,0.795246,0.9362406,46.80503,52.14572,,1.049251,41.0389,46.38068,,0.5431361,52.54314,57.90704,,1.623044,-5.340684,-16.87726,6.148968,1,2020-08-01,10:26:11 10 Aug 2020,40000
2020,President,Trump,Biden,,54,0.000125,0.0270656,0.990125,0.009875,,0.2885494,0.9620253,0.9986892,0.0133638,65.9095,32.24282,,1.847684,57.93953,24.44811,,0.9439301,73.74438,40.17048,,2.880081,33.66668,17.78993,49.27728,1,2020-08-01,10:26:11 10 Aug 2020,40000
2020,President,Trump,Biden,,53,0.0011375,0.0460517,0.0134,0.9866,,0.8358209,0.7183002,0.0391506,0.9969052,36.87334,60.85965,,2.267011,30.36763,54.26163,,1.15203,43.45065,67.39265,,3.54427,-23.9863,-36.93293,-10.8794,1,2020-08-01,10:26:11 10 Aug 2020,40000
2020,President,Trump,Biden,,51,0.02145,0.7240127,0.08985,0.91015,,0.9582638,0.7771796,0.30097,0.9950413,44.2336,54.7233,,1.04309,39.19937,49.70719,,0.5400164,49.23536,59.78308,,1.613383,-10.4897,-20.54734,-0.4911098,1,2020-08-01,10:26:11 10 Aug 2020,40000
2020,President,Trump,Biden,,50,0.0002875,0.1259449,0.01125,0.98875,,0.7022222,0.7155752,0.0276151,0.9952875,31.41939,65.86009,,2.720522,22.80592,56.94608,,1.3757,40.30829,74.56252,,4.264526,-34.4407,-51.70106,-16.7045,1,2020-08-01,10:26:11 10 Aug 2020,40000
2020,President,Trump,Biden,,49,0.00055,0.0664423,0.94715,0.05285,,0.3007443,0.9768212,0.9957179,0.0726218,56.99165,39.67077,,3.337586,50.17328,33.02654,,1.678108,63.73677,46.43181,,5.247916,17.32088,3.886263,30.57232,1,2020-08-01,10:26:11 10 Aug 2020,40000
2020,President,Trump,Biden,,47,0.0006875,0.0370726,0.941075,0.058925,,0.3031108,0.9855749,0.9971161,0.0816951,57.65921,41.23145,,1.109335,51.08098,34.74016,,0.5735538,64.16141,47.80929,,1.717271,16.42776,3.268862,29.40088,1,2020-08-01,10:26:11 10 Aug 2020,40000
2020,President,Trump,Biden,,46,0.0004625,0.1683585,0.94615,0.05385,,0.3007187,0.9712163,0.9945818,0.0735713,59.70047,38.80449,,1.495046,51.70443,30.84571,,0.7677643,67.63925,46.81242,,2.323672,20.89599,4.926577,36.77838,1,2020-08-01,10:26:11 10 Aug 2020,40000
2020,President,Trump,Biden,,45,0.0008,0.050445,0.8841,0.1159,,0.3230404,0.9959016,0.9983396,0.1623703,54.46262,44.66163,,0.8757495,49.16784,39.38496,,0.4549943,59.74968,49.96278,,1.351468,9.800985,-0.7712498,20.36142,1,2020-08-01,10:26:11 10 Aug 2020,40000
2020,President,Trump,Biden,,44,0.0007875,0.2383137,0.0346,0.9654,,0.8619942,0.7314585,0.1042559,0.9933532,37.7122,60.84247,,1.445327,30.00752,53.01212,,0.7428178,45.5518,68.56421,,2.245357,-23.13027,-38.51604,-7.483837,1,2020-08-01,10:26:11 10 Aug 2020,40000
2020,President,Trump,Biden,,48,0.0203875,0.3047739,0.66905,0.33095,,0.4262013,0.9970539,0.9967666,0.4641815,51.32664,47.65015,,1.023208,45.7819,42.16125,,0.529942,56.81126,53.18584,,1.582219,3.676483,-7.377266,14.6241,1,2020-08-01,10:26:11 10 Aug 2020,40000
2020,President,Trump,Biden,,41,0.0079375,0.5352344,0.1146,0.8854,,0.7242583,0.7673368,0.2901337,0.9557236,41.65873,55.93503,,2.406233,34.09378,48.28837,,1.220841,49.31013,63.49422,,3.765306,-14.2763,-29.34255,0.9527206,1,2020-08-01,10:26:11 10 Aug 2020,40000
2020,President,Trump,Biden,,35,0.0087625,1.535567,0.10605,0.89395,,0.9078265,0.7843839,0.3365376,0.98639,43.12836,55.03539,,1.836251,37.00972,48.87506,,0.9382364,49.29268,61.18958,,2.86202,-11.90702,-24.14546,0.3549156,1,2020-08-01,10:26:11 10 Aug 2020,40000
2020,President,Trump,Biden,,40,2.5e-05,0.0024649,0.991425,0.008575,,0.2883728,0.9795918,0.9993883,0.0118164,63.36472,35.43693,,1.198349,56.82259,28.98479,,0.618535,69.82853,41.94436,,1.856988,27.9278,14.89536,40.81555,1,2020-08-01,10:26:11 10 Aug 2020,40000
2020,President,Trump,Biden,,32,0.031925,3.707119,0.24215,0.75785,,0.8370845,0.886686,0.7085555,0.9452787,46.03322,52.22197,,1.744804,40.27287,46.47279,,0.8926565,51.77904,58.0213,,2.717887,-6.188753,-17.67722,5.311674,1,2020-08-01,10:26:11 10 Aug 2020,40000
2020,President,Trump,Biden,,33,0.0153375,2.84998,0.287175,0.712825,,0.7471925,0.8967138,0.7500656,0.8991736,46.28666,52.65163,,1.061712,38.87391,45.21198,,0.5494481,53.72879,60.05067,,1.642583,-6.364973,-21.16892,8.491314,1,2020-08-01,10:26:11 10 Aug 2020,40000
2020,President,Trump,Biden,,34,0.0088125,0.3191634,0.053,0.947,,0.8061321,0.7398891,0.1493489,0.9856515,40.71335,58.39785,,0.8888065,33.93711,51.5452,,0.4616436,47.54907,65.16031,,1.371855,-17.6845,-31.22141,-4.017563,1,2020-08-01,10:26:11 10 Aug 2020,40000
2020,President,Trump,Biden,,31,2.5e-05,0.0040731,0.98085,0.01915,,0.2915838,0.9960836,0.9997379,0.0268331,58.92849,39.26705,,1.804461,53.12885,33.52134,,0.9201207,64.67809,45.02846,,2.813204,19.66145,8.105137,31.07624,1,2020-08-01,10:26:11 10 Aug 2020,40000
2020,President,Trump,Biden,,36,0.00165,0.0302006,0.005975,0.994025,,0.8828452,0.7144438,0.0184392,0.9990153,37.07748,61.81178,,1.110737,31.37205,56.01867,,0.5742633,42.87514,67.54558,,1.719473,-24.73429,-36.17912,-13.19634,1,2020-08-01,10:26:11 10 Aug 2020,40000
2020,President,Trump,Biden,,37,0.0505375,1.439518,0.477975,0.522025,,0.572781,0.9757674,0.9570043,0.7165465,49.39962,49.81748,,0.782904,44.06919,44.47912,,0.40764,54.75005,55.16235,,1.206442,-0.4178631,-11.07542,10.26924,1,2020-08-01,10:26:11 10 Aug 2020,40000
2020,President,Trump,Biden,,38,2.5e-05,0.0097137,0.981875,0.018125,,0.2911267,0.9875862,0.9992135,0.0251802,60.91373,36.38422,,2.702047,53.90904,29.49062,,1.366615,67.85332,43.36237,,4.235178,24.52952,10.60746,38.28069,1,2020-08-01,10:26:11 10 Aug 2020,40000
2020,President,Trump,Biden,,39,0.033775,0.845672,0.54615,0.45385,,0.5181269,0.9929492,0.9891637,0.6339371,49.96178,48.96124,,1.076977,44.38658,43.39478,,0.5571779,55.5362,54.52979,,1.666504,1.000537,-10.13023,12.13844,1,2020-08-01,10:26:11 10 Aug 2020,40000
2020,President,Trump,Biden,,15,0.0006375,0.2082329,0.015975,0.984025,,0.6369327,0.7158101,0.0354901,0.9919028,32.65798,65.5098,,1.832219,23.97586,56.72124,,0.9352152,41.42947,74.22421,,2.847187,-32.85181,-50.20403,-15.3447,1,2020-07-31,10:26:36 10 Aug 2020,40000
2020,President,Trump,Biden,,26,0.0882375,2.494594,0.2064,0.7936,,0.9362888,0.8787802,0.6740496,0.9820806,46.02296,52.84415,,1.132885,40.61119,47.44451,,0.584595,51.42079,58.24794,,1.749417,-6.821183,-17.61789,3.936861,1,2020-07-31,10:26:36 10 Aug 2020,40000
2020,President,Trump,Biden,,25,0.0004875,0.0202691,0.0084,0.9916,,0.8303571,0.7147035,0.0243286,0.9979933,34.35444,63.87996,,1.7656,27.3646,56.82635,,0.901993,41.38404,70.91145,,2.742269,-29.52551,-43.50334,-15.48351,1,2020-07-31,10:26:36 10 Aug 2020,40000
2020,President,Trump,Biden,,24,0.0003375,0.0170456,0.003475,0.996525,,0.7841727,0.7118487,0.0095047,0.9989439,35.85313,62.77705,,1.369823,30.34984,57.15714,,0.7039167,41.42727,68.29175,,2.120383,-26.92392,-37.90293,-15.77995,1,2020-07-31,10:26:36 10 Aug 2020,40000
2020,President,Trump,Biden,,23,0.0046375,0.8734186,0.23455,0.76545,,0.7597527,0.8550853,0.6215556,0.9217039,45.21114,53.31829,,1.470568,38.01295,46.07941,,0.7545422,52.44965,60.5497,,2.281407,-8.107151,-22.52333,6.353508,1,2020-07-31,10:26:36 10 Aug 2020,40000
2020,President,Trump,Biden,,22,0.0019625,0.1379458,0.902675,0.097325,,0.3118232,0.9458001,0.9817754,0.1296251,57.55629,41.62619,,0.8175209,49.67468,33.87319,,0.4247352,65.31548,49.4784,,1.25658,15.93011,0.1812668,31.44489,1,2020-07-31,10:26:36 10 Aug 2020,40000
2020,President,Trump,Biden,,21,0.0002,0.0144512,0.97415,0.02585,,0.2940769,0.9912959,0.9992152,0.0360852,59.92404,38.89623,,1.179729,53.38368,32.42892,,0.6082308,66.39066,45.45055,,1.822684,21.02781,7.952755,33.92942,1,2020-07-31,10:26:36 10 Aug 2020,40000
2020,President,Trump,Biden,,20,0.0002375,0.0281084,0.9331,0.0669,,0.3070946,0.9977579,0.9994768,0.0939975,56.15696,42.02562,,1.817412,50.16227,36.10493,,0.9278342,62.0577,48.00304,,2.823868,14.13134,2.18751,25.94661,1,2020-07-31,10:26:36 10 Aug 2020,40000
2020,President,Trump,Biden,,19,0.0037,0.3387205,0.670225,0.329775,,0.426051,0.996437,0.9959888,0.4627354,51.39391,47.22953,,1.376564,45.21684,41.08657,,0.7073058,57.53754,53.38976,,2.130956,4.164386,-8.131536,16.43329,1,2020-07-31,10:26:36 10 Aug 2020,40000
2020,President,Trump,Biden,,18,0.00035,0.0178238,0.9135,0.0865,,0.3136836,0.9982659,0.9994768,0.1215983,55.48623,43.04961,,1.464158,49.65675,37.28215,,0.7513055,61.24404,48.88511,,2.26855,12.43663,0.8253937,23.92557,1,2020-07-31,10:26:36 10 Aug 2020,40000
2020,President,Trump,Biden,,17,0.0048375,0.1210586,0.023,0.977,,0.8358696,0.7230041,0.0670562,0.9947193,38.96796,59.49584,,1.536193,32.81784,53.33785,,0.7874148,45.09618,65.68682,,2.381657,-20.52788,-32.85556,-8.275215,1,2020-07-31,10:26:36 10 Aug 2020,40000
2020,President,Trump,Biden,,16,3.75e-05,0.0066978,0.98665,0.01335,,0.2903005,0.9794008,0.9990408,0.0184123,62.69867,34.18455,,3.116786,55.10557,26.71508,,1.569064,70.27238,41.73619,,4.881437,28.51412,13.46048,43.44099,1,2020-07-31,10:26:36 10 Aug 2020,40000
2020,President,Trump,Biden,,28,0.002575,0.305989,0.87365,0.12635,,0.3208379,0.9487535,0.977677,0.1688083,55.55965,43.64165,,0.7986929,48.86218,37.01665,,0.4151494,62.17909,50.34837,,1.227222,11.918,-1.497686,25.13638,1,2020-07-31,10:26:36 10 Aug 2020,40000
2020,President,Trump,Biden,,13,0.015575,0.5096573,0.657225,0.342775,,0.4313972,0.9904456,0.9889257,0.4780848,51.08327,48.0952,,0.821534,46.23758,43.25263,,0.4267777,55.92387,52.94422,,1.262841,2.988076,-6.680899,12.66509,1,2020-07-31,10:26:36 10 Aug 2020,40000
2020,President,Trump,Biden,,12,0.227575,3.179897,0.354275,0.645725,,0.7597206,0.9715824,0.9387862,0.8834712,48.0146,51.18544,,0.7999637,42.50562,45.6908,,0.4157965,53.50854,56.72456,,1.229203,-3.170833,-14.23355,7.832708,1,2020-07-31,10:26:36 10 Aug 2020,40000
2020,President,Trump,Biden,,11,0.0,0.0,2.5e-05,0.999975,,0.0,0.7101178,0.0,0.9999648,6.058628,90.40656,,3.53482,2.25772,85.6817,,1.773172,10.22473,94.68053,,5.547517,-84.34792,-92.20091,-75.78173,1,2020-07-31,10:26:36 10 Aug 2020,40000
2020,President,Trump,Biden,,10,3.75e-05,0.0113186,0.004575,0.995425,,0.9617487,0.713213,0.0153471,0.9997535,38.01226,60.82418,,1.163556,32.82641,55.55218,,0.6000735,43.25851,66.00389,,1.797367,-22.81191,-33.15952,-12.30972,1,2020-07-31,10:26:36 10 Aug 2020,40000
2020,President,Trump,Biden,,09,0.0014,0.122651,0.0325,0.9675,,0.9346154,0.7318088,0.105947,0.9970428,40.26766,58.80489,,0.9274446,34.01123,52.54642,,0.4806176,46.50579,65.04221,,1.42806,-18.53723,-31.01109,-6.058065,1,2020-07-31,10:26:36 10 Aug 2020,40000
2020,President,Trump,Biden,,08,0.0244375,1.183956,0.16225,0.83775,,0.896302,0.8279618,0.5072376,0.9767647,44.50415,53.6226,,1.873245,38.47897,47.61205,,0.9556566,50.49104,59.63293,,2.91169,-9.118452,-21.07227,2.852627,1,2020-07-31,10:26:36 10 Aug 2020,40000
2020,President,Trump,Biden,,06,0.002525,0.0250831,0.00465,0.99535,,0.7741935,0.7123876,0.0125567,0.9985214,34.60294,63.52065,,1.876405,28.50255,57.32385,,0.9572306,40.74701,69.67228,,2.916659,-28.91771,-41.12667,-16.61855,1,2020-07-31,10:26:36 10 Aug 2020,40000
2020,President,Trump,Biden,,05,0.0004625,0.0565546,0.92135,0.07865,,0.3100885,0.9872854,0.9965121,0.1093469,56.627,41.74173,,1.631276,49.92016,35.0294,,0.8349515,63.33482,48.44775,,2.530921,14.88527,1.503014,28.25528,1,2020-07-31,10:26:36 10 Aug 2020,40000
2020,President,Trump,Biden,,04,0.047075,2.378353,0.4388,0.5612,,0.5882521,0.9469441,0.9003314,0.7483541,48.63284,50.05796,,1.3092,42.40023,43.85926,,0.673428,54.82033,56.29484,,2.025407,-1.425127,-13.85711,10.90601,1,2020-07-31,10:26:36 10 Aug 2020,40000
2020,President,Trump,Biden,,02,0.0015125,0.6738381,0.80645,0.19355,,0.3478517,0.9677086,0.9784618,0.2637564,53.70087,44.04386,,2.255266,46.41426,36.77405,,1.145258,60.96095,51.30518,,3.514793,9.657012,-4.838614,24.09374,1,2020-07-31,10:26:36 10 Aug 2020,40000
2020,President,Trump,Biden,,01,0.0003875,0.0256615,0.97375,0.02625,,0.2936329,0.9704762,0.9972968,0.035874,59.5887,39.63559,,0.7757211,53.44457,33.48137,,0.4034461,65.69556,45.76634,,1.191444,19.95311,7.663267,32.22933,1,2020-07-31,10:26:36 10 Aug 2020,40000
2020,President,Trump,Biden,,27,0.0671125,3.110029,0.2486,0.7514,,0.8319589,0.8906708,0.7213987,0.9424397,46.38432,52.07933,,1.536358,40.84042,46.51823,,0.7874972,51.96259,57.61217,,2.381915,-5.69501,-16.7245,5.394104,1,2020-07-31,10:26:36 10 Aug 2020,40000
2020,President,Trump,Biden,,56,7.5e-05,0.0461495,0.996775,0.003225,,0.2875022,0.9612403,0.999564,0.0043654,68.4729,28.12032,,3.406786,60.77592,20.70176,,1.710735,76.00775,35.71142,,5.343041,40.35258,25.22401,55.12354,1,2020-07-31,10:26:36 10 Aug 2020,40000
2020,President,Trump,Biden,,29,0.0012625,0.0642399,0.863025,0.136975,,0.330958,0.9921519,0.9962505,0.1913748,54.39335,44.15551,,1.451144,48.309,38.11094,,0.7447769,60.44048,50.21117,,2.248089,10.23784,-1.883482,22.28849,1,2020-07-31,10:26:36 10 Aug 2020,40000
2020,President,Trump,Biden,,42,0.2056,4.649667,0.284175,0.715825,,0.864696,0.9402089,0.8570806,0.9477557,47.37495,51.86927,,0.7557803,42.24857,46.71107,,0.3932778,52.52428,56.9944,,1.160414,-4.494318,-14.74101,5.8036,1,2020-07-31,10:26:36 10 Aug 2020,40000
2020,President,Trump,Biden,,30,0.0009625,0.2610173,0.868875,0.131125,,0.326917,0.9797903,0.9907569,0.1809189,55.14864,42.74752,,2.103837,48.01515,35.70163,,1.070282,62.19481,49.86369,,3.275284,12.40111,-1.811895,26.41175,1,2020-07-31,10:26:36 10 Aug 2020,40000
2020,President,Trump,Biden,,55,0.080925,3.783034,0.276525,0.723475,,0.8312992,0.9190711,0.8017963,0.9363492,46.8459,52.1068,,1.047305,41.07303,46.35857,,0.5413467,52.59303,57.89115,,1.615551,-5.260897,-16.77999,6.224098,1,2020-07-31,10:26:36 10 Aug 2020,40000
2020,President,Trump,Biden,,54,0.0002,0.0413518,0.99115,0.00885,,0.2890329,0.9745763,0.9992152,0.0121457,65.93191,32.22376,,1.844332,57.97522,24.39486,,0.9412521,73.76816,40.18551,,2.86623,33.70815,17.82035,49.35351,1,2020-07-31,10:26:36 10 Aug 2020,40000
2020,President,Trump,Biden,,53,0.001275,0.0508422,0.015025,0.984975,,0.8485857,0.7186477,0.0444716,0.9967963,36.93433,60.80347,,2.262203,30.53826,54.26918,,1.148687,43.44173,67.26572,,3.525771,-23.86914,-36.58775,-10.87979,1,2020-07-31,10:26:36 10 Aug 2020,40000
2020,President,Trump,Biden,,51,0.0213625,0.7186975,0.0942,0.9058,,0.961518,0.7801391,0.3159226,0.9951065,44.27913,54.67947,,1.041408,39.23329,49.59393,,0.538363,49.34917,59.7289,,1.606313,-10.40034,-20.46531,-0.2629242,1,2020-07-31,10:26:36 10 Aug 2020,40000
2020,President,Trump,Biden,,50,0.0001625,0.0705198,0.013125,0.986875,,0.7123809,0.7157695,0.0326125,0.9947193,31.53015,65.75504,,2.71482,22.85612,56.81998,,1.371894,40.41201,74.48932,,4.243431,-34.22489,-51.56385,-16.5036,1,2020-07-31,10:26:36 10 Aug 2020,40000
2020,President,Trump,Biden,,49,0.0006125,0.0705913,0.93525,0.06475,,0.3051323,0.9791506,0.9953784,0.0892801,56.4509,40.24652,,3.302578,49.60693,33.57177,,1.65988,63.20619,47.03901,,5.17713,16.20437,2.744843,29.50395,1,2020-07-31,10:26:36 10 Aug 2020,40000
2020,President,Trump,Biden,,47,0.0007625,0.0414681,0.943825,0.056175,,0.3027839,0.9835336,0.9967737,0.0778032,57.6789,41.21367,,1.107438,51.17917,34.77898,,0.5717442,64.10548,47.69839,,1.709661,16.46523,3.498705,29.30763,1,2020-07-31,10:26:36 10 Aug 2020,40000
2020,President,Trump,Biden,,46,0.000375,0.1352794,0.9459,0.0541,,0.3011418,0.965804,0.9935473,0.0735786,59.73422,38.77361,,1.492172,51.65014,30.81957,,0.7653538,67.71034,46.88054,,2.312603,20.96061,4.845243,36.8749,1,2020-07-31,10:26:36 10 Aug 2020,40000
2020,President,Trump,Biden,,45,0.000875,0.0561514,0.88385,0.11615,,0.3238955,0.9963409,0.9985176,0.1629643,54.48668,44.63902,,0.8742936,49.16512,39.34858,,0.4536091,59.78912,49.94991,,1.345147,9.847658,-0.7657871,20.43301,1,2020-07-31,10:26:36 10 Aug 2020,40000
2020,President,Trump,Biden,,44,0.0008125,0.2486653,0.035475,0.964525,,0.8421423,0.7305409,0.104203,0.9922549,37.74784,60.8096,,1.442562,29.98278,52.96542,,0.7404705,45.56581,68.60265,,2.234598,-23.06176,-38.59533,-7.377758,1,2020-07-31,10:26:36 10 Aug 2020,40000
2020,President,Trump,Biden,,48,0.0195375,0.29204,0.672925,0.327075,,0.4247873,0.9972484,0.9970352,0.4593205,51.36158,47.61683,,1.021592,45.80676,42.05424,,0.5283343,56.90746,53.16617,,1.575297,3.74475,-7.345009,14.84843,1,2020-07-31,10:26:36 10 Aug 2020,40000
2020,President,Trump,Biden,,41,0.0079875,0.5356241,0.11315,0.88685,,0.7364119,0.7675199,0.2906348,0.9585284,41.70286,55.89585,,2.40129,34.19862,48.27876,,1.217368,49.29894,63.39471,,3.746149,-14.19299,-29.10525,0.9038086,1,2020-07-31,10:26:36 10 Aug 2020,40000
2020,President,Trump,Biden,,35,0.0094375,1.636458,0.1074,0.8926,,0.9047952,0.7842538,0.3389432,0.9857771,43.1804,54.98646,,1.833141,37.08482,48.82793,,0.9356744,49.30869,61.11078,,2.848636,-11.80606,-23.96314,0.4052734,1,2020-07-31,10:26:36 10 Aug 2020,40000
2020,President,Trump,Biden,,40,3.75e-05,0.0035915,0.991175,0.008825,,0.2890509,0.9773371,0.9993024,0.0121457,63.36139,35.44255,,1.196059,56.81911,28.9504,,0.6164641,69.84853,42.01218,,1.848251,27.91884,14.82871,40.91724,1,2020-07-31,10:26:36 10 Aug 2020,40000
2020,President,Trump,Biden,,32,0.031175,3.617486,0.2457,0.7543,,0.8391331,0.8898979,0.7191315,0.9452561,46.06001,52.19813,,1.741863,40.29445,46.41844,,0.890147,51.85379,57.98865,,2.70491,-6.138125,-17.67756,5.420692,1,2020-07-31,10:26:36 10 Aug 2020,40000
2020,President,Trump,Biden,,33,0.0155625,2.880287,0.29295,0.70705,,0.7456051,0.9004667,0.7618591,0.8965675,46.35145,52.58855,,1.060001,38.9902,45.13628,,0.5477684,53.8258,59.96133,,1.63543,-6.237094,-20.99685,8.697941,1,2020-07-31,10:26:36 10 Aug 2020,40000
2020,President,Trump,Biden,,34,0.00875,0.3179786,0.053925,0.946075,,0.8020399,0.7393706,0.1508546,0.9850379,40.76089,58.35164,,0.8874667,33.92989,51.51995,,0.4603097,47.57423,65.20824,,1.365688,-17.59075,-31.24038,-3.939011,1,2020-07-31,10:26:36 10 Aug 2020,40000
2020,President,Trump,Biden,,31,1.25e-05,0.0023208,0.980775,0.019225,,0.2922434,0.9960988,0.9997384,0.0269671,58.94382,39.25555,,1.800629,53.07401,33.52463,,0.9185882,64.69108,45.0527,,2.805863,19.68826,8.069685,31.14987,1,2020-07-31,10:26:36 10 Aug 2020,40000
2020,President,Trump,Biden,,36,0.00175,0.032773,0.0067,0.9933,,0.8768657,0.7140844,0.0204918,0.9988382,37.11588,61.77515,,1.108964,31.31404,55.94997,,0.5725151,42.89158,67.58207,,1.712045,-24.65927,-36.24241,-13.09156,1,2020-07-31,10:26:36 10 Aug 2020,40000
2020,President,Trump,Biden,,37,0.050825,1.442896,0.482125,0.517875,,0.5698211,0.9762491,0.9582316,0.7119521,49.42685,49.79159,,0.7815543,44.1039,44.48064,,0.4064187,54.72859,55.13012,,1.200523,-0.3647376,-11.01946,10.27133,1,2020-07-31,10:26:36 10 Aug 2020,40000
2020,President,Trump,Biden,,38,2.5e-05,0.0100053,0.982,0.018,,0.291777,0.9902778,0.9993896,0.0251012,60.94273,36.36071,,2.696554,53.89853,29.49702,,1.362908,67.88582,43.36907,,4.214445,24.58202,10.60499,38.30296,1,2020-07-31,10:26:36 10 Aug 2020,40000
2020,President,Trump,Biden,,39,0.0337375,0.8472894,0.5482,0.4518,,0.5179223,0.9936919,0.9903209,0.6322126,49.98472,48.94017,,1.075105,44.38546,43.37165,,0.5554056,55.54084,54.5525,,1.659094,1.044543,-10.15383,12.15405,1,2020-07-31,10:26:36 10 Aug 2020,40000
2020,President,Trump,Biden,,15,0.000525,0.177501,0.014525,0.985475,,0.6437177,0.741546,0.0358375,0.9930357,32.40845,65.75867,,1.83287,23.89952,57.13644,,0.9395568,41.03247,74.24133,,2.851568,-33.35023,-50.27595,-16.11569,1,2020-07-30,10:28:57 10 Aug 2020,40000
2020,President,Trump,Biden,,26,0.0883625,2.491295,0.183325,0.816675,,0.9353607,0.8868277,0.6572441,0.9841691,45.76565,53.09956,,1.134792,40.54602,47.80145,,0.5884912,51.01955,58.29748,,1.753092,-7.333914,-17.73262,3.191736,1,2020-07-30,10:28:57 10 Aug 2020,40000
2020,President,Trump,Biden,,25,0.0003375,0.0145025,0.0066,0.9934,,0.8257576,0.7396316,0.0208892,0.9984373,34.06839,64.1638,,1.767811,27.23933,57.19043,,0.9070578,41.03707,71.00816,,2.748748,-30.09541,-43.72293,-16.20073,1,2020-07-30,10:28:57 10 Aug 2020,40000
2020,President,Trump,Biden,,24,0.0006125,0.0309777,0.00265,0.99735,,0.8113208,0.737354,0.0082407,0.9993206,35.59715,63.03131,,1.371539,30.10537,57.50811,,0.7081153,41.08768,68.51433,,2.124605,-27.43417,-38.38478,-16.43524,1,2020-07-30,10:28:57 10 Aug 2020,40000
2020,President,Trump,Biden,,23,0.0049125,0.9154431,0.2094,0.7906,,0.7393744,0.8623198,0.5934266,0.9264166,44.90748,53.61962,,1.472904,37.89821,46.48584,,0.7585746,52.00517,60.62962,,2.285032,-8.71214,-22.70073,5.536396,1,2020-07-30,10:28:57 10 Aug 2020,40000
2020,President,Trump,Biden,,22,0.0021375,0.1489488,0.90285,0.09715,,0.2837127,0.9503345,0.9817938,0.1254586,57.44275,41.73859,,0.8186644,49.69743,34.04256,,0.4276201,65.15184,49.48866,,1.258847,15.70415,0.2048244,31.09956,1,2020-07-30,10:28:57 10 Aug 2020,40000
2020,President,Trump,Biden,,21,0.000125,0.0086541,0.9749,0.0251,,0.267412,0.9920319,0.9992334,0.0338361,59.72197,39.09741,,1.180617,53.34279,32.77304,,0.6116902,66.06145,45.47778,,1.825007,20.62456,7.888062,33.28021,1,2020-07-30,10:28:57 10 Aug 2020,40000
2020,President,Trump,Biden,,20,0.0002125,0.0248282,0.931975,0.068025,,0.2797554,0.9974274,0.9993293,0.0922,55.9166,42.2636,,1.819799,50.07719,36.50166,,0.9330298,61.68172,48.0884,,2.830932,13.653,2.0669,25.13772,1,2020-07-30,10:28:57 10 Aug 2020,40000
2020,President,Trump,Biden,,19,0.003625,0.3321474,0.65865,0.34135,,0.3946709,0.9970704,0.9963588,0.4624949,51.19298,47.42661,,1.380408,45.15556,41.40353,,0.7125878,57.23325,53.46095,,2.13853,3.766366,-8.255066,15.7932,1,2020-07-30,10:28:57 10 Aug 2020,40000
2020,President,Trump,Biden,,18,0.0002375,0.0124996,0.9158,0.0842,,0.2847237,0.9982185,0.9994251,0.1142139,55.28518,43.24891,,1.465912,49.68972,37.61412,,0.7556667,60.92739,48.87014,,2.272852,12.03626,0.8458023,23.28694,1,2020-07-30,10:28:57 10 Aug 2020,40000
2020,President,Trump,Biden,,17,0.0047125,0.119033,0.019325,0.980675,,0.8059508,0.7465776,0.0596972,0.9949042,38.7332,59.7286,,1.5382,32.765,53.63333,,0.7920296,44.81139,65.72565,,2.386569,-20.99541,-32.93927,-8.881636,1,2020-07-30,10:28:57 10 Aug 2020,40000
2020,President,Trump,Biden,,16,8.75e-05,0.0175629,0.985825,0.014175,,0.2642457,0.9717813,0.9984668,0.0187186,62.44762,34.43179,,3.120594,55.01975,27.12292,,1.577045,69.789,41.79256,,4.895706,28.01583,13.36777,42.52206,1,2020-07-30,10:28:57 10 Aug 2020,40000
2020,President,Trump,Biden,,28,0.00205,0.2405833,0.870475,0.129525,,0.2931733,0.9546419,0.9781526,0.1680256,55.43927,43.76146,,0.7992721,48.72043,37.06973,,0.4176973,62.13607,50.47102,,1.228613,11.67782,-1.756491,25.04578,1,2020-07-30,10:28:57 10 Aug 2020,40000
2020,President,Trump,Biden,,13,0.0123625,0.4066506,0.6613,0.3387,,0.3905187,0.9918807,0.9898428,0.4565158,51.09896,48.0873,,0.8137443,46.40011,43.34568,,0.4251031,55.8429,52.78864,,1.251176,3.011655,-6.360596,12.46609,1,2020-07-30,10:28:57 10 Aug 2020,40000
2020,President,Trump,Biden,,12,0.2331625,3.262438,0.33005,0.66995,,0.7435995,0.9761176,0.9406861,0.8886397,47.79671,51.40235,,0.8009309,42.44995,45.9986,,0.4185463,53.18593,56.73451,,1.231199,-3.605637,-14.24961,7.201223,1,2020-07-30,10:28:57 10 Aug 2020,40000
2020,President,Trump,Biden,,11,0.0,0.0,0.0,1.0,,,0.7359,0.0,1.0,5.999272,90.46167,,3.539058,2.264152,85.84556,,1.781831,10.13571,94.68738,,5.564096,-84.4624,-92.22655,-76.01772,1,2020-07-30,10:28:57 10 Aug 2020,40000
2020,President,Trump,Biden,,10,0.0001,0.0319121,0.0039,0.9961,,0.9871795,0.738731,0.0147566,0.9999321,37.7867,61.04798,,1.165318,32.75638,55.91938,,0.6039484,42.88025,66.10398,,1.801009,-23.26128,-33.30544,-13.05256,1,2020-07-30,10:28:57 10 Aug 2020,40000
2020,President,Trump,Biden,,09,0.00145,0.1237471,0.025425,0.974575,,0.9115044,0.752841,0.0888271,0.9970105,39.97726,59.09406,,0.9286782,33.96985,52.91361,,0.4838011,46.1389,65.11086,,1.43043,-19.1168,-31.12679,-6.784288,1,2020-07-30,10:28:57 10 Aug 2020,40000
2020,President,Trump,Biden,,08,0.024325,1.186849,0.1429,0.8571,,0.8750875,0.8383211,0.4793024,0.9763895,44.22917,53.89568,,1.875148,38.40009,48.00337,,0.9606572,50.10975,59.75198,,2.918375,-9.666515,-21.30441,2.095127,1,2020-07-30,10:28:57 10 Aug 2020,40000
2020,President,Trump,Biden,,06,0.0020375,0.020233,0.00375,0.99625,,0.7266667,0.7376412,0.0104446,0.9986072,34.39107,63.73032,,1.878615,28.41921,57.60031,,0.962387,40.48624,69.68785,,2.923852,-29.33924,-41.23542,-17.1697,1,2020-07-30,10:28:57 10 Aug 2020,40000
2020,President,Trump,Biden,,05,0.00055,0.0709199,0.919475,0.080525,,0.2826341,0.9869606,0.9960713,0.107997,56.43352,41.93421,,1.632267,49.83367,35.32576,,0.8392485,63.01126,48.53223,,2.534919,14.49931,1.345125,27.6949,1,2020-07-30,10:28:57 10 Aug 2020,40000
2020,President,Trump,Biden,,04,0.04585,2.322665,0.419075,0.580925,,0.5587902,0.951758,0.8975661,0.7513249,48.43344,50.25577,,1.310788,42.35965,44.16202,,0.6774561,54.54428,56.30519,,2.029227,-1.822329,-13.92246,10.34281,1,2020-07-30,10:28:57 10 Aug 2020,40000
2020,President,Trump,Biden,,02,0.0016375,0.747928,0.7979,0.2021,,0.3195263,0.970188,0.9771943,0.2664424,53.41904,44.32428,,2.256674,46.22378,37.19154,,1.150576,60.53445,51.52647,,3.521966,9.094755,-5.288319,23.25067,1,2020-07-30,10:28:57 10 Aug 2020,40000
2020,President,Trump,Biden,,01,0.00035,0.023572,0.9736,0.0264,,0.2671272,0.96875,0.9968379,0.0347534,59.47364,39.74997,,0.7763835,53.37975,33.63504,,0.4059777,65.55778,45.8412,,1.192941,19.72367,7.529413,31.91158,1,2020-07-30,10:28:57 10 Aug 2020,40000
2020,President,Trump,Biden,,27,0.0662125,3.075618,0.220025,0.779975,,0.8210431,0.8941633,0.6924109,0.9477171,46.0825,52.43007,,1.487427,40.74507,47.00361,,0.7664946,51.48807,57.7843,,2.306668,-6.347566,-17.00566,4.484421,1,2020-07-30,10:28:57 10 Aug 2020,40000
2020,President,Trump,Biden,,56,8.75e-05,0.0507915,0.9967,0.0033,,0.2616886,0.9772727,0.9997125,0.0043824,68.33091,28.25818,,3.410906,60.85136,20.9498,,1.719146,75.73793,35.63972,,5.359642,40.07273,25.30531,54.65766,1,2020-07-30,10:28:57 10 Aug 2020,40000
2020,President,Trump,Biden,,29,0.00115,0.0555723,0.858925,0.141075,,0.3027331,0.9934432,0.9966462,0.1904471,54.18054,44.36655,,1.452907,48.24664,38.45787,,0.7491193,60.10342,50.27895,,2.2524,9.813982,-2.010656,21.62027,1,2020-07-30,10:28:57 10 Aug 2020,40000
2020,President,Trump,Biden,,42,0.2073375,4.705028,0.2598,0.7402,,0.8586413,0.9463996,0.8550211,0.9519296,47.15352,52.08972,,0.7567648,42.18882,47.0387,,0.3959222,52.18684,57.03656,,1.162321,-4.936198,-14.83257,5.14896,1,2020-07-30,10:28:57 10 Aug 2020,40000
2020,President,Trump,Biden,,55,0.0822375,3.828672,0.2497,0.7503,,0.8268923,0.92493,0.7913952,0.9430289,46.59349,52.35166,,1.054846,41.08654,46.79092,,0.5479543,52.16697,57.87215,,1.627738,-5.758163,-16.77588,5.348295,1,2020-07-30,10:28:57 10 Aug 2020,40000
2020,President,Trump,Biden,,54,7.5e-05,0.0156265,0.9908,0.0092,,0.2630198,0.9673913,0.9988501,0.012094,65.71841,32.4336,,1.847984,57.9031,24.77289,,0.9471016,73.37891,40.2414,,2.875446,33.28482,17.68973,48.53399,1,2020-07-30,10:28:57 10 Aug 2020,40000
2020,President,Trump,Biden,,53,0.0011625,0.046441,0.01265,0.98735,,0.8023716,0.742847,0.0389038,0.9966707,36.67443,61.06167,,2.263898,30.31982,54.60978,,1.154163,43.08915,67.42806,,3.533416,-24.38725,-37.02022,-11.60464,1,2020-07-30,10:28:57 10 Aug 2020,40000
2020,President,Trump,Biden,,51,0.0209125,0.7078439,0.078225,0.921775,,0.9635667,0.7954219,0.2889038,0.996331,44.02514,54.93229,,1.042572,39.14918,50.04449,,0.5417227,48.93497,59.79282,,1.608516,-10.90716,-20.6362,-1.123779,1,2020-07-30,10:28:57 10 Aug 2020,40000
2020,President,Trump,Biden,,50,0.0002,0.0875596,0.01045,0.98955,,0.6674641,0.7401849,0.0267344,0.9953119,31.19743,66.08438,,2.718186,22.77256,57.32249,,1.379004,39.89356,74.61893,,4.255091,-34.88695,-51.81303,-17.53323,1,2020-07-30,10:28:57 10 Aug 2020,40000
2020,President,Trump,Biden,,49,0.0007,0.0798617,0.933025,0.066975,,0.2783419,0.9817096,0.9954005,0.0893464,56.22225,40.47071,,3.307044,49.4632,33.92416,,1.668348,62.85216,47.15009,,5.193654,15.75154,2.440582,28.7646,1,2020-07-30,10:28:57 10 Aug 2020,40000
2020,President,Trump,Biden,,48,0.0203125,0.3026527,0.652525,0.347475,,0.3987587,0.9979855,0.997317,0.4712257,51.123,47.8543,,1.022695,45.75065,42.42203,,0.531628,56.53946,53.21714,,1.577391,3.268702,-7.435398,14.09192,1,2020-07-30,10:28:57 10 Aug 2020,40000
2020,President,Trump,Biden,,47,0.00065,0.0344531,0.9436,0.0564,,0.2756994,0.9867021,0.9971253,0.0756217,57.49645,41.39528,,1.108273,51.12479,35.00186,,0.5750539,63.8928,47.78061,,1.711483,16.10117,3.342897,28.874,1,2020-07-30,10:28:57 10 Aug 2020,40000
2020,President,Trump,Biden,,46,0.00045,0.1646557,0.94465,0.05535,,0.2743344,0.968383,0.9932925,0.072836,59.46819,39.03769,,1.494128,51.50449,31.14285,,0.769866,67.34056,47.01172,,2.317202,20.4305,4.540081,36.1502,1,2020-07-30,10:28:57 10 Aug 2020,40000
2020,President,Trump,Biden,,45,0.000925,0.0603665,0.8831,0.1169,,0.2950685,0.997006,0.9987543,0.1583775,54.31456,44.81055,,0.8748949,49.17252,39.62534,,0.4563585,59.4883,49.96362,,1.34652,9.504009,-0.7906895,19.84233,1,2020-07-30,10:28:57 10 Aug 2020,40000
2020,President,Trump,Biden,,44,0.00105,0.3101785,0.02995,0.97005,,0.8297162,0.7533633,0.0952472,0.9930697,37.47922,61.07632,,1.444459,29.88496,53.34324,,0.7448651,45.18705,68.68022,,2.239114,-23.5971,-38.78235,-8.177755,1,2020-07-30,10:28:57 10 Aug 2020,40000
2020,President,Trump,Biden,,30,0.0007375,0.1992883,0.8685,0.1315,,0.2976684,0.9815589,0.9908969,0.1753975,54.92554,42.96856,,2.105895,47.98875,36.01753,,1.075646,61.86047,49.93691,,3.283094,11.95698,-1.879038,25.75513,1,2020-07-30,10:28:57 10 Aug 2020,40000
2020,President,Trump,Biden,,41,0.0078625,0.5250975,0.101075,0.898925,,0.7041801,0.7857163,0.2728057,0.9597771,41.47844,56.11725,,2.40431,34.10829,48.72395,,1.223808,48.88844,63.52455,,3.756155,-14.63881,-29.34196,0.0758572,1,2020-07-30,10:28:57 10 Aug 2020,40000
2020,President,Trump,Biden,,39,0.0341375,0.8529932,0.527275,0.472725,,0.4903039,0.9948173,0.9908969,0.6390474,49.75441,49.16902,,1.076565,44.35548,43.7502,,0.5589752,55.18178,54.55482,,1.661756,0.5853902,-10.18654,11.39528,1,2020-07-30,10:28:57 10 Aug 2020,40000
2020,President,Trump,Biden,,38,6.25e-05,0.0261164,0.983175,0.016825,,0.2652376,0.9925706,0.9995209,0.0226933,60.71904,36.57917,,2.70179,53.91998,29.83538,,1.370913,67.49739,43.34142,,4.228994,24.13988,10.68902,37.54107,1,2020-07-30,10:28:57 10 Aug 2020,40000
2020,President,Trump,Biden,,37,0.049425,1.408087,0.4646,0.5354,,0.5391735,0.9796414,0.960138,0.7127327,49.30123,49.91809,,0.7806754,44.14441,44.70034,,0.4081759,54.51559,55.09178,,1.199629,-0.6168656,-10.94232,9.801565,1,2020-07-30,10:28:57 10 Aug 2020,40000
2020,President,Trump,Biden,,36,0.0015125,0.027745,0.00575,0.99425,,0.8695652,0.7394016,0.0191644,0.9989808,36.89631,61.99325,,1.110435,31.26185,56.29477,,0.57615,42.60021,67.63624,,1.714876,-25.09694,-36.36195,-13.70281,1,2020-07-30,10:28:57 10 Aug 2020,40000
2020,President,Trump,Biden,,35,0.00955,1.660051,0.094375,0.905625,,0.8964238,0.8020428,0.3242622,0.9870227,42.92654,55.23779,,1.835674,37.01468,49.1909,,0.9409565,48.97337,61.14542,,2.855994,-12.31125,-24.05565,-0.2949352,1,2020-07-30,10:28:57 10 Aug 2020,40000
2020,President,Trump,Biden,,34,0.00815,0.2961449,0.04565,0.95435,,0.7913472,0.7612511,0.138463,0.9872265,40.50322,58.60812,,0.8886689,33.94467,51.91607,,0.4633908,47.1977,65.19316,,1.368004,-18.1049,-31.23473,-4.761511,1,2020-07-30,10:28:57 10 Aug 2020,40000
2020,President,Trump,Biden,,33,0.0158125,2.93041,0.265025,0.734975,,0.7321951,0.9058812,0.7437716,0.9047425,46.00331,52.93472,,1.061965,38.82181,45.66229,,0.5515672,53.25102,60.1141,,1.638886,-6.931404,-21.2996,7.562336,1,2020-07-30,10:28:57 10 Aug 2020,40000
2020,President,Trump,Biden,,32,0.02975,3.471074,0.2224,0.7776,,0.8250899,0.8973122,0.7033346,0.9481587,45.79722,52.45873,,1.744047,40.21277,46.77659,,0.895182,51.4663,58.05898,,2.711196,-6.661515,-17.80051,4.634802,1,2020-07-30,10:28:57 10 Aug 2020,40000
2020,President,Trump,Biden,,31,3.75e-05,0.0068427,0.981225,0.018775,,0.2658412,0.9973369,0.9998084,0.025445,58.72126,39.47537,,1.803374,53.11528,33.86135,,0.9244111,64.34149,45.07249,,2.803204,19.24588,8.063566,30.42633,1,2020-07-30,10:28:57 10 Aug 2020,40000
2020,President,Trump,Biden,,40,0.0001375,0.0124969,0.9904,0.0096,,0.2632522,0.9817708,0.9993293,0.0128074,63.18139,35.62119,,1.197427,56.74702,29.22254,,0.620194,69.59187,42.06484,,1.851347,27.5602,14.67847,40.34442,1,2020-07-30,10:28:57 10 Aug 2020,40000
2020,President,Trump,Biden,,21,0.0001125,0.0090369,0.97215,0.02785,,0.2741604,0.994614,0.9994375,0.0379491,59.72749,39.08455,,1.187953,53.28195,32.72527,,0.6134802,66.09575,45.52891,,1.836784,20.64294,7.751417,33.34831,1,2020-07-29,10:32:02 10 Aug 2020,40000
2020,President,Trump,Biden,,17,0.0040375,0.1002725,0.01985,0.98015,,0.8413098,0.7415192,0.062623,0.9957187,38.73221,59.71597,,1.551817,32.69886,53.61612,,0.7962263,44.84438,65.77496,,2.408524,-20.98376,-33.03005,-8.794701,1,2020-07-29,10:32:02 10 Aug 2020,40000
2020,President,Trump,Biden,,18,0.0003875,0.0192938,0.9105,0.0895,,0.2926963,0.9980447,0.9993438,0.1223756,55.27147,43.24697,,1.481561,49.52165,37.51399,,0.7610338,61.02103,48.96605,,2.297988,12.02449,0.5944157,23.48045,1,2020-07-29,10:32:02 10 Aug 2020,40000
2020,President,Trump,Biden,,19,0.0044625,0.3984528,0.661975,0.338025,,0.4012614,0.9967458,0.9960626,0.4615885,51.24653,47.4131,,1.340375,45.1538,41.36309,,0.6901823,57.29207,53.49931,,2.076095,3.833428,-8.313715,15.91685,1,2020-07-29,10:32:02 10 Aug 2020,40000
2020,President,Trump,Biden,,20,0.00015,0.0184899,0.93015,0.06985,,0.2866742,0.9996421,0.9999062,0.0956605,55.92194,42.23831,,1.839751,50.0307,36.35982,,0.9398924,61.79253,48.09041,,2.862776,13.68363,1.983318,25.39714,1,2020-07-29,10:32:02 10 Aug 2020,40000
2020,President,Trump,Biden,,26,0.0883,2.492761,0.1856,0.8144,,0.9366918,0.8822753,0.6519171,0.984382,45.76713,53.0956,,1.137268,40.40508,47.82414,,0.5879127,51.0602,58.43546,,1.757241,-7.328465,-18.02009,3.227232,1,2020-07-29,10:32:02 10 Aug 2020,40000
2020,President,Trump,Biden,,22,0.0020875,0.1437828,0.904075,0.095925,,0.2893565,0.9465728,0.9809694,0.1243963,57.46507,41.70964,,0.8252904,49.736,34.03862,,0.4297614,65.14029,49.43118,,1.269396,15.75543,0.296936,31.09286,1,2020-07-29,10:32:02 10 Aug 2020,40000
2020,President,Trump,Biden,,23,0.0045,0.840898,0.214975,0.785025,,0.7445052,0.8604503,0.6001688,0.9254033,44.93986,53.57872,,1.481424,37.85812,46.4183,,0.7608288,52.09172,60.68869,,2.298742,-8.638859,-22.79347,5.655615,1,2020-07-29,10:32:02 10 Aug 2020,40000
2020,President,Trump,Biden,,24,0.0004875,0.0250508,0.00245,0.99755,,0.8265306,0.7312917,0.0075935,0.9994177,35.60447,63.00746,,1.388067,30.16664,57.52104,,0.7141279,41.08954,68.44156,,2.151075,-27.40299,-38.24563,-16.45392,1,2020-07-29,10:32:02 10 Aug 2020,40000
2020,President,Trump,Biden,,25,0.0007875,0.0333444,0.006675,0.993325,,0.8314607,0.7336974,0.0208119,0.9984587,34.10727,64.10894,,1.78379,27.17357,57.04899,,0.9120338,41.16687,71.04614,,2.774389,-30.00167,-43.83202,-15.93234,1,2020-07-29,10:32:02 10 Aug 2020,40000
2020,President,Trump,Biden,,15,0.0002875,0.0961226,0.009975,0.990025,,0.556391,0.7328351,0.0208119,0.993972,29.61509,68.74502,,1.639886,20.39368,59.27706,,0.8402731,39.04464,77.97269,,2.547185,-39.12993,-57.59032,-20.28523,1,2020-07-29,10:32:02 10 Aug 2020,40000
2020,President,Trump,Biden,,16,0.0001125,0.0222963,0.9851,0.0149,,0.2702518,0.9697987,0.9983125,0.0197966,62.47503,34.3738,,3.151167,54.87207,26.99431,,1.586018,69.92661,41.89903,,4.942584,28.10123,13.08335,42.77962,1,2020-07-29,10:32:02 10 Aug 2020,40000
2020,President,Trump,Biden,,09,0.001525,0.1318804,0.028275,0.971725,,0.933687,0.7492861,0.0989969,0.9974998,39.9987,59.0585,,0.9427974,33.84738,52.87287,,0.4894975,46.19521,65.20499,,1.452804,-19.05979,-31.34459,-6.685944,1,2020-07-29,10:32:02 10 Aug 2020,40000
2020,President,Trump,Biden,,13,0.0126125,0.4190987,0.6642,0.3358,,0.3976588,0.9921829,0.9904378,0.456451,51.10416,48.07863,,0.8172091,46.31487,43.32777,,0.425645,55.82333,52.86674,,1.256811,3.025535,-6.560505,12.49462,1,2020-07-29,10:32:02 10 Aug 2020,40000
2020,President,Trump,Biden,,12,0.2321375,3.246111,0.3335,0.6665,,0.7464018,0.9726182,0.9334396,0.8881049,47.79112,51.40262,,0.8062597,42.37589,46.01132,,0.4200569,53.17638,56.8131,,1.239762,-3.611506,-14.4418,7.170135,1,2020-07-29,10:32:02 10 Aug 2020,40000
2020,President,Trump,Biden,,11,0.0,0.0,2.5e-05,0.999975,,0.0,0.7299182,0.0,0.9999657,6.006584,90.42754,,3.565876,2.228395,85.75465,,1.788013,10.13293,94.70399,,5.605085,-84.42096,-92.25728,-75.93642,1,2020-07-29,10:32:02 10 Aug 2020,40000
2020,President,Trump,Biden,,10,6.25e-05,0.0193687,0.00395,0.99605,,0.9620253,0.7326691,0.0142496,0.9997945,37.78769,61.03002,,1.182292,32.69952,55.90176,,0.6106263,42.93883,66.12003,,1.827903,-23.24232,-33.42748,-13.00869,1,2020-07-29,10:32:02 10 Aug 2020,40000
2020,President,Trump,Biden,,08,0.0247625,1.202464,0.143175,0.856825,,0.8844072,0.8330172,0.4748289,0.9778402,44.21389,53.8905,,1.895618,38.25817,47.96469,,0.9676821,50.10264,59.82132,,2.950999,-9.676606,-21.53444,2.10593,1,2020-07-29,10:32:02 10 Aug 2020,40000
2020,President,Trump,Biden,,06,0.0020875,0.0208752,0.00375,0.99625,,0.7266667,0.7316437,0.0102184,0.9985958,34.36749,63.73683,,1.895674,28.28056,57.58719,,0.9677101,40.49664,69.87575,,2.951088,-29.36934,-41.56582,-17.14857,1,2020-07-29,10:32:02 10 Aug 2020,40000
2020,President,Trump,Biden,,05,0.0007875,0.098154,0.914825,0.085175,,0.2904107,0.9882595,0.9962501,0.1153201,56.42013,41.93219,,1.647684,49.71829,35.341,,0.8441695,63.02515,48.61842,,2.559489,14.48794,1.11236,27.6443,1,2020-07-29,10:32:02 10 Aug 2020,40000
2020,President,Trump,Biden,,04,0.04685,2.376604,0.422225,0.577775,,0.5706081,0.95262,0.9034405,0.7540501,48.41749,50.26202,,1.320495,42.3197,44.206,,0.6801934,54.49707,56.35528,,2.044853,-1.844527,-14.02339,10.2641,1,2020-07-29,10:32:02 10 Aug 2020,40000
2020,President,Trump,Biden,,02,0.0020125,0.9105008,0.797375,0.202625,,0.3270105,0.9700185,0.977782,0.2692742,53.41133,44.31649,,2.272185,46.14685,37.11788,,1.15434,60.64212,51.59584,,3.545996,9.094841,-5.376135,23.43719,1,2020-07-29,10:32:02 10 Aug 2020,40000
2020,President,Trump,Biden,,01,0.000375,0.0239867,0.9728,0.0272,,0.2734632,0.9761029,0.9975626,0.0363736,59.47079,39.7474,,0.7818115,53.40519,33.74252,,0.4075727,65.47376,45.80785,,1.201704,19.72338,7.632189,31.71346,1,2020-07-29,10:32:02 10 Aug 2020,40000
2020,President,Trump,Biden,,28,0.0022375,0.2616864,0.8742,0.1258,,0.2982441,0.9519078,0.9776882,0.164058,55.43391,43.7606,,0.8054909,48.79522,37.17783,,0.4196645,62.02441,50.36176,,1.238565,11.67332,-1.557863,24.82859,1,2020-07-29,10:32:02 10 Aug 2020,40000
2020,President,Trump,Biden,,27,0.06715,3.120933,0.22685,0.77315,,0.8340313,0.8967212,0.7094778,0.9498236,46.11806,52.38599,,1.49595,40.65761,46.95189,,0.7682458,51.55714,57.80845,,2.320592,-6.267938,-17.12451,4.562717,1,2020-07-29,10:32:02 10 Aug 2020,40000
2020,President,Trump,Biden,,29,0.0011875,0.060594,0.85695,0.14305,,0.310199,0.994058,0.9968126,0.1948145,54.17657,44.3549,,1.468526,48.16607,38.39645,,0.7544991,60.12664,50.35755,,2.277494,9.82167,-2.213186,21.70824,1,2020-07-29,10:32:02 10 Aug 2020,40000
2020,President,Trump,Biden,,56,3.75e-05,0.0219289,0.996325,0.003675,,0.2675834,0.9795918,0.9997188,0.004932,68.28547,28.27102,,3.443515,60.64341,20.97141,,1.728501,75.71845,35.82755,,5.409481,40.01445,24.97049,54.58666,1,2020-07-29,10:32:02 10 Aug 2020,40000
2020,President,Trump,Biden,,42,0.206125,4.669364,0.26355,0.73645,,0.85904,0.9423926,0.8489735,0.9508169,47.15607,52.08295,,0.760987,42.10197,47.07827,,0.3969312,52.14187,57.13161,,1.169255,-4.92688,-15.03015,5.060137,1,2020-07-29,10:32:02 10 Aug 2020,40000
2020,President,Trump,Biden,,30,0.001,0.2763951,0.866425,0.133575,,0.30496,0.9807224,0.9908128,0.1794705,54.92466,42.95788,,2.117463,47.87601,35.96646,,1.077777,61.92684,49.9813,,3.301178,11.96678,-2.04567,25.87107,1,2020-07-29,10:32:02 10 Aug 2020,40000
2020,President,Trump,Biden,,55,0.0846,3.934948,0.2555,0.7445,,0.8284736,0.9236065,0.7937564,0.9420488,46.61437,52.3258,,1.059831,40.933,46.69091,,0.5487863,52.24686,58.01682,,1.635931,-5.711424,-17.0488,5.533968,1,2020-07-29,10:32:02 10 Aug 2020,40000
2020,President,Trump,Biden,,54,5e-05,0.0111285,0.990175,0.009825,,0.2691191,0.9796438,0.99925,0.0131863,65.71478,32.42577,,1.859451,57.86909,24.74259,,0.9496946,73.4137,40.25207,,2.893888,33.28901,17.68798,48.62316,1,2020-07-29,10:32:02 10 Aug 2020,40000
2020,President,Trump,Biden,,53,0.0013875,0.0550402,0.013075,0.986925,,0.833652,0.7373914,0.0408737,0.9970202,36.65367,61.0594,,2.286929,30.20475,54.58382,,1.16163,43.13191,67.55322,,3.569365,-24.40573,-37.29524,-11.47858,1,2020-07-29,10:32:02 10 Aug 2020,40000
2020,President,Trump,Biden,,51,0.022075,0.7447328,0.081325,0.918675,,0.9637258,0.791466,0.2938971,0.9961298,44.0309,54.91559,,1.053513,39.07248,49.95624,,0.5455909,48.99369,59.86158,,1.626036,-10.88469,-20.77481,-0.9835014,1,2020-07-29,10:32:02 10 Aug 2020,40000
2020,President,Trump,Biden,,50,0.000375,0.1662117,0.01085,0.98915,,0.7004609,0.7346712,0.0284991,0.9955817,31.20288,66.05286,,2.744259,22.6771,57.39706,,1.386931,39.85171,74.60789,,4.294876,-34.84998,-51.85041,-17.57688,1,2020-07-29,10:32:02 10 Aug 2020,40000
2020,President,Trump,Biden,,49,0.00085,0.0979881,0.932725,0.067275,,0.284623,0.9821628,0.9955001,0.090523,56.19834,40.45437,,3.347286,49.45699,33.82405,,1.68164,62.87258,47.12914,,5.255729,15.74397,2.477108,28.9351,1,2020-07-29,10:32:02 10 Aug 2020,40000
2020,President,Trump,Biden,,47,0.00055,0.0305211,0.9409,0.0591,,0.2827612,0.9894247,0.9976563,0.080111,57.4996,41.38273,,1.117677,51.09082,34.9883,,0.5780214,63.92281,47.79674,,1.726492,16.11687,3.287813,28.91471,1,2020-07-29,10:32:02 10 Aug 2020,40000
2020,President,Trump,Biden,,46,0.000375,0.1373219,0.9442,0.0558,,0.2807403,0.9713262,0.9940002,0.0742542,59.50398,38.98816,,1.507863,51.52048,31.09867,,0.7742145,67.40895,46.98679,,2.339354,20.51582,4.523426,36.25438,1,2020-07-29,10:32:02 10 Aug 2020,40000
2020,President,Trump,Biden,,45,0.0006,0.0371646,0.88065,0.11935,,0.3021064,0.9947633,0.9976563,0.1626537,54.31752,44.80232,,0.8801631,49.12186,39.61102,,0.4576837,59.50858,50.01767,,1.354979,9.515196,-0.8857346,19.9109,1,2020-07-29,10:32:02 10 Aug 2020,40000
2020,President,Trump,Biden,,44,0.000925,0.2704481,0.030925,0.969075,,0.8399353,0.7481877,0.0974032,0.9933212,37.5182,61.02416,,1.457636,29.88785,53.31128,,0.7490382,45.23967,68.66819,,2.260374,-23.50596,-38.77234,-8.091013,1,2020-07-29,10:32:02 10 Aug 2020,40000
2020,President,Trump,Biden,,48,0.0200625,0.3017159,0.653575,0.346425,,0.4070688,0.9981959,0.9976563,0.4737473,51.11299,47.85493,,1.032079,45.58616,42.36215,,0.5347446,56.59762,53.3573,,1.592448,3.258059,-7.737667,14.20972,1,2020-07-29,10:32:02 10 Aug 2020,40000
2020,President,Trump,Biden,,41,0.0077375,0.5177026,0.10515,0.89485,,0.7089872,0.7817512,0.2795538,0.9583861,41.43127,56.13997,,2.428765,33.95132,48.5434,,1.231655,48.99389,63.65016,,3.794073,-14.70869,-29.62649,0.3810635,1,2020-07-29,10:32:02 10 Aug 2020,40000
2020,President,Trump,Biden,,35,0.0091625,1.603395,0.096575,0.903425,,0.8998188,0.7974375,0.3258648,0.986985,42.88868,55.24818,,1.863139,36.85168,49.1636,,0.9515296,48.99397,61.2808,,2.899714,-12.3595,-24.3984,-0.2202454,1,2020-07-29,10:32:02 10 Aug 2020,40000
2020,President,Trump,Biden,,40,0.0001,0.0088381,0.989975,0.010025,,0.2692492,0.9875312,0.9995313,0.013563,63.03276,35.75113,,1.216112,56.41655,29.33865,,0.6276712,69.43585,42.3332,,1.880974,27.28163,14.09033,40.07787,1,2020-07-29,10:32:02 10 Aug 2020,40000
2020,President,Trump,Biden,,32,0.0294,3.424237,0.2259,0.7741,,0.829792,0.8938767,0.7029155,0.9479741,45.79817,52.43068,,1.771152,40.07257,46.71246,,0.9057395,51.4979,58.17809,,2.754422,-6.632506,-18.06447,4.713398,1,2020-07-29,10:32:02 10 Aug 2020,40000
2020,President,Trump,Biden,,33,0.0142375,2.624519,0.2682,0.7318,,0.7331282,0.9008609,0.7373207,0.903175,46.03131,52.89633,,1.072358,38.76032,45.62373,,0.5551209,53.30536,60.16723,,1.655536,-6.865025,-21.4269,7.657448,1,2020-07-29,10:32:02 10 Aug 2020,40000
2020,President,Trump,Biden,,34,0.0082,0.2999038,0.0481,0.9519,,0.7858628,0.7561456,0.1417456,0.9860945,40.52596,58.57315,,0.9008874,33.79216,51.81518,,0.4682168,47.28092,65.32635,,1.387336,-18.0472,-31.54957,-4.56488,1,2020-07-29,10:32:02 10 Aug 2020,40000
2020,President,Trump,Biden,,31,0.0,0.0,0.97875,0.02125,,0.2723882,0.9964706,0.9997188,0.0290098,58.74154,39.43912,,1.819335,53.01044,33.81758,,0.9295619,64.36653,45.1486,,2.830684,19.30242,7.923687,30.47572,1,2020-07-29,10:32:02 10 Aug 2020,40000
2020,President,Trump,Biden,,36,0.0015,0.0275906,0.00615,0.99385,,0.8333333,0.7334105,0.0192181,0.9985958,36.89939,61.9746,,1.126006,31.18859,56.2428,,0.5822269,42.63113,67.6729,,1.739546,-25.07521,-36.46221,-13.61872,1,2020-07-29,10:32:02 10 Aug 2020,40000
2020,President,Trump,Biden,,37,0.0481375,1.367301,0.471025,0.528975,,0.5448225,0.9803393,0.9623137,0.7104497,49.30412,49.91074,,0.7851391,44.04232,44.64619,,0.4092724,54.57573,55.15078,,1.206883,-0.6066273,-11.07257,9.914459,1,2020-07-29,10:32:02 10 Aug 2020,40000
2020,President,Trump,Biden,,38,5e-05,0.0224375,0.98115,0.01885,,0.2717474,0.9973475,0.9998125,0.0257561,60.71056,36.56699,,2.722452,53.77543,29.73972,,1.376229,67.57611,43.47522,,4.26026,24.14356,10.40804,37.74168,1,2020-07-29,10:32:02 10 Aug 2020,40000
2020,President,Trump,Biden,,39,0.033775,0.8466613,0.529625,0.470375,,0.4987019,0.9944193,0.9904378,0.6408193,49.76199,49.15553,,1.082481,44.30719,43.72873,,0.5602387,55.18885,54.6105,,1.671382,0.6064584,-10.28487,11.42625,1,2020-07-29,10:32:02 10 Aug 2020,40000
2020,President,Trump,Biden,,15,0.0002375,0.0759606,0.01035,0.98965,,0.5676329,0.7394786,0.022542,0.9939223,29.54363,68.81481,,1.641554,20.48197,59.44224,,0.8511609,38.87613,77.87397,,2.535195,-39.27118,-57.35891,-20.56848,1,2020-07-28,10:32:31 10 Aug 2020,40000
2020,President,Trump,Biden,,26,0.0832625,2.349404,0.177925,0.822075,,0.9369116,0.8822796,0.6396163,0.9850605,45.64694,53.21262,,1.140436,40.33725,47.88293,,0.5964826,50.97772,58.52715,,1.751717,-7.565684,-18.16843,3.066978,1,2020-07-28,10:32:31 10 Aug 2020,40000
2020,President,Trump,Biden,,25,0.0005875,0.0248359,0.006325,0.993675,,0.8300395,0.7399049,0.0201439,0.99854,34.03718,64.1783,,1.784516,27.17908,57.18243,,0.9233853,41.05075,71.07947,,2.759343,-30.14112,-43.86941,-16.17105,1,2020-07-28,10:32:31 10 Aug 2020,40000
2020,President,Trump,Biden,,24,0.0004875,0.025506,0.002525,0.997475,,0.7821782,0.7376125,0.0075779,0.999253,35.54727,63.0644,,1.388335,30.08315,57.53995,,0.7226888,41.06712,68.55928,,2.138767,-27.51713,-38.42447,-16.49426,1,2020-07-28,10:32:31 10 Aug 2020,40000
2020,President,Trump,Biden,,23,0.004175,0.7827357,0.21005,0.78995,,0.7398239,0.8634091,0.596259,0.9263208,44.87098,53.64589,,1.483131,37.73335,46.51178,,0.7707089,52.0101,60.77632,,2.286473,-8.774907,-23.0483,5.48629,1,2020-07-28,10:32:31 10 Aug 2020,40000
2020,President,Trump,Biden,,22,0.0021875,0.1504205,0.900825,0.099175,,0.2839064,0.9498361,0.981295,0.127937,57.42344,41.75032,,0.8262377,49.61015,34.07256,,0.435228,65.10475,49.56444,,1.263281,15.67312,0.0497837,31.01671,1,2020-07-28,10:32:31 10 Aug 2020,40000
2020,President,Trump,Biden,,21,0.0001625,0.0122796,0.975375,0.024625,,0.2670255,0.9928934,0.9993286,0.0332066,60.04227,38.7336,,1.224133,53.5202,32.31757,,0.6392109,66.48302,45.22955,,1.8823,21.30867,8.314894,34.13725,1,2020-07-28,10:32:31 10 Aug 2020,40000
2020,President,Trump,Biden,,20,0.0001,0.0118822,0.92915,0.07085,,0.2804714,0.9996471,0.9999041,0.0961904,55.8561,42.30284,,1.841058,49.9669,36.47496,,0.9518999,61.72301,48.20264,,2.84806,13.55327,1.796232,25.20864,1,2020-07-28,10:32:31 10 Aug 2020,40000
2020,President,Trump,Biden,,19,0.0041375,0.3727335,0.651525,0.348475,,0.3982579,0.9964847,0.9955875,0.4716148,51.143,47.5153,,1.341704,45.00956,41.44983,,0.6990025,57.21516,53.63795,,2.065957,3.627704,-8.597115,15.74951,1,2020-07-28,10:32:31 10 Aug 2020,40000
2020,President,Trump,Biden,,18,0.0004125,0.0206237,0.908175,0.091825,,0.2868665,0.998911,0.9996163,0.1245756,55.21485,43.3021,,1.48305,49.48025,37.62016,,0.770785,60.89858,49.02178,,2.286887,11.91275,0.4825497,23.25955,1,2020-07-28,10:32:31 10 Aug 2020,40000
2020,President,Trump,Biden,,17,0.004775,0.1206835,0.01775,0.98225,,0.8140845,0.7462713,0.0554436,0.9955521,38.6327,59.81388,,1.553414,32.61651,53.70104,,0.8064915,44.73779,65.83766,,2.39699,-21.18118,-33.19913,-9.013523,1,2020-07-28,10:32:31 10 Aug 2020,40000
2020,President,Trump,Biden,,16,0.0002375,0.0465635,0.984075,0.015925,,0.2644107,0.9733124,0.9983693,0.0210512,62.37754,34.46854,,3.153919,54.80151,27.05602,,1.607175,69.81808,42.00039,,4.918358,27.909,12.91063,42.63689,1,2020-07-28,10:32:31 10 Aug 2020,40000
2020,President,Trump,Biden,,28,0.0017125,0.2005119,0.8673,0.1327,,0.2942753,0.9591183,0.9792806,0.1728575,55.3746,43.81907,,0.8063363,48.68824,37.22018,,0.4249668,61.99427,50.52013,,1.2324,11.55553,-1.832672,24.78286,1,2020-07-28,10:32:31 10 Aug 2020,40000
2020,President,Trump,Biden,,13,0.012275,0.4048742,0.6563,0.3437,,0.3928843,0.9917079,0.9893525,0.4629227,51.0485,48.13374,,0.817763,46.25614,43.36971,,0.4308593,55.80237,52.91828,,1.250124,2.914768,-6.658119,12.43341,1,2020-07-28,10:32:31 10 Aug 2020,40000
2020,President,Trump,Biden,,12,0.2357625,3.289524,0.326425,0.673575,,0.7487172,0.9753554,0.9377458,0.8922654,47.73113,51.46213,,0.8067337,42.34816,46.06046,,0.4251716,53.145,56.8316,,1.233015,-3.730999,-14.48727,7.083235,1,2020-07-28,10:32:31 10 Aug 2020,40000
2020,President,Trump,Biden,,11,0.0,0.0,0.0,1.0,,,0.7363,0.0,1.0,5.981471,90.44965,,3.568879,2.141193,85.7601,,1.811976,10.12416,94.73256,,5.576853,-84.46818,-92.34756,-75.93665,1,2020-07-28,10:32:31 10 Aug 2020,40000
2020,President,Trump,Biden,,10,8.75e-05,0.026227,0.003275,0.996725,,0.9389313,0.7385187,0.0117986,0.9997284,37.74503,61.0724,,1.182572,32.68038,55.93101,,0.6180131,42.89249,66.15359,,1.817424,-23.32738,-33.43729,-13.04846,1,2020-07-28,10:32:31 10 Aug 2020,40000
2020,President,Trump,Biden,,09,0.0013625,0.1169594,0.027225,0.972775,,0.9256198,0.7548251,0.0966906,0.9972498,39.94218,59.11496,,0.9428582,33.80999,52.94047,,0.4952325,46.13292,65.24162,,1.444234,-19.17278,-31.43443,-6.825171,1,2020-07-28,10:32:31 10 Aug 2020,40000
2020,President,Trump,Biden,,08,0.0234375,1.142159,0.140225,0.859775,,0.879836,0.8373993,0.4733813,0.9778283,44.13572,53.96878,,1.895493,38.23114,48.02253,,0.9792937,50.07907,59.87874,,2.933434,-9.833063,-21.6172,1.980568,1,2020-07-28,10:32:31 10 Aug 2020,40000
2020,President,Trump,Biden,,06,0.00215,0.0214876,0.003375,0.996625,,0.7333333,0.7378904,0.0094964,0.9987777,34.29676,63.80724,,1.896001,28.26688,57.74102,,0.9795488,40.363,69.84334,,2.934231,-29.51048,-41.54808,-17.41605,1,2020-07-28,10:32:31 10 Aug 2020,40000
2020,President,Trump,Biden,,05,0.0004125,0.0500626,0.914875,0.085125,,0.2839186,0.989721,0.9966427,0.1144235,56.35787,41.99214,,1.649991,49.63998,35.3622,,0.8554283,62.99914,48.6817,,2.548404,14.36573,0.9895,27.6218,1,2020-07-28,10:32:31 10 Aug 2020,40000
2020,President,Trump,Biden,,04,0.0464375,2.349884,0.413275,0.586725,,0.5718952,0.9567515,0.9068585,0.7623931,48.32631,50.35272,,1.320967,42.17712,44.22712,,0.6884685,54.4455,56.48853,,2.033552,-2.026407,-14.27412,10.21913,1,2020-07-28,10:32:31 10 Aug 2020,40000
2020,President,Trump,Biden,,02,0.0019125,0.8554504,0.791325,0.208675,,0.321802,0.9706481,0.9770743,0.2750917,53.34944,44.37719,,2.273377,46.10947,37.19189,,1.168934,60.56316,51.61069,,3.527557,8.97225,-5.424473,23.33307,1,2020-07-28,10:32:31 10 Aug 2020,40000
2020,President,Trump,Biden,,01,0.000375,0.0251532,0.971275,0.028725,,0.2677666,0.9808529,0.9978897,0.0382657,59.41027,39.807,,0.7827197,53.29879,33.69674,,0.4127813,65.51645,45.93152,,1.195821,19.60327,7.374617,31.81234,1,2020-07-28,10:32:31 10 Aug 2020,40000
2020,President,Trump,Biden,,27,0.06605,3.060546,0.220225,0.779775,,0.8256329,0.896156,0.6976499,0.9490697,46.04161,52.46157,,1.496819,40.58992,47.02435,,0.7777741,51.49224,57.92631,,2.30842,-6.419965,-17.30592,4.426519,1,2020-07-28,10:32:31 10 Aug 2020,40000
2020,President,Trump,Biden,,29,0.0014,0.0704748,0.850925,0.149075,,0.3054323,0.994969,0.9972183,0.2014464,54.10623,44.42376,,1.47001,48.03298,38.40923,,0.7641646,60.13855,50.48274,,2.266497,9.68247,-2.417419,21.68756,1,2020-07-28,10:32:31 10 Aug 2020,40000
2020,President,Trump,Biden,,56,2.5e-05,0.0125216,0.996475,0.003525,,0.2613964,0.9574468,0.9994245,0.0045837,68.24422,28.30933,,3.44645,60.66737,20.97634,,1.751713,75.67981,35.81403,,5.382273,39.93489,24.97362,54.48269,1,2020-07-28,10:32:31 10 Aug 2020,40000
2020,President,Trump,Biden,,42,0.210725,4.77964,0.255875,0.744125,,0.8602833,0.9429531,0.8446043,0.9529743,47.08968,52.14874,,0.7615808,42.04318,47.12881,,0.401866,52.12217,57.20217,,1.163068,-5.059049,-15.1261,4.978069,1,2020-07-28,10:32:31 10 Aug 2020,40000
2020,President,Trump,Biden,,55,0.08375,3.907938,0.250925,0.749075,,0.8212613,0.9247405,0.7906954,0.940785,46.54834,52.3909,,1.060757,40.85461,46.74988,,0.5557081,52.18119,58.07557,,1.627667,-5.842563,-17.21341,5.417015,1,2020-07-28,10:32:31 10 Aug 2020,40000
2020,President,Trump,Biden,,54,3.75e-05,0.0081246,0.990075,0.009925,,0.2630104,0.97733,0.9991367,0.013174,65.62893,32.51061,,1.860461,57.73909,24.75997,,0.961677,73.40604,40.3717,,2.878487,33.11832,17.45149,48.63948,1,2020-07-28,10:32:31 10 Aug 2020,40000
2020,President,Trump,Biden,,53,0.0011,0.0437903,0.012375,0.987625,,0.8323233,0.7434502,0.0395204,0.9972158,36.56343,61.14973,,2.286835,30.20353,54.69436,,1.175681,42.98604,67.54506,,3.548749,-24.5863,-37.28271,-11.7798,1,2020-07-28,10:32:31 10 Aug 2020,40000
2020,President,Trump,Biden,,51,0.0225375,0.7581847,0.077825,0.922175,,0.9649855,0.7955377,0.2881535,0.996367,43.97312,54.973,,1.053875,38.99915,50.04516,,0.5521822,48.9204,59.93336,,1.616946,-10.99988,-20.90921,-1.141562,1,2020-07-28,10:32:31 10 Aug 2020,40000
2020,President,Trump,Biden,,50,0.000325,0.1392099,0.0098,0.9902,,0.6938776,0.7405575,0.0260911,0.9959255,31.14458,66.10868,,2.746742,22.63179,57.35669,,1.405237,39.86832,74.67831,,4.274179,-34.96411,-52.00957,-17.55975,1,2020-07-28,10:32:31 10 Aug 2020,40000
2020,President,Trump,Biden,,49,0.000925,0.1108407,0.929375,0.070625,,0.2791392,0.9830089,0.9953957,0.094289,56.10469,40.54754,,3.347774,49.36543,33.85997,,1.703035,62.88235,47.25583,,5.225593,15.55714,2.250948,28.87182,1,2020-07-28,10:32:31 10 Aug 2020,40000
2020,President,Trump,Biden,,48,0.02025,0.3030906,0.646475,0.353525,,0.4021424,0.9980199,0.997506,0.4791865,51.04812,47.91952,,1.032358,45.53902,42.45707,,0.5411552,56.51531,53.42323,,1.583438,3.128603,-7.879486,14.04493,1,2020-07-28,10:32:31 10 Aug 2020,40000
2020,President,Trump,Biden,,47,0.0008375,0.0448617,0.936375,0.063625,,0.2774796,0.9874263,0.9969305,0.0853253,57.41891,41.46193,,1.119156,50.92551,35.02824,,0.5856006,63.86185,47.93523,,1.718611,15.95699,3.008692,28.83967,1,2020-07-28,10:32:31 10 Aug 2020,40000
2020,President,Trump,Biden,,46,0.0003625,0.1339678,0.942775,0.057225,,0.2745353,0.9681084,0.9930936,0.0752411,59.41663,39.07395,,1.509424,51.30788,31.1486,,0.7841703,67.35947,47.17733,,2.328134,20.34267,4.133564,36.16614,1,2020-07-28,10:32:31 10 Aug 2020,40000
2020,President,Trump,Biden,,45,0.0007125,0.0453245,0.87715,0.12285,,0.2966995,0.9969475,0.9985611,0.1663384,54.28518,44.83378,,0.8810449,49.0431,39.62191,,0.4634542,59.50288,50.07504,,1.348272,9.451397,-1.023853,19.87083,1,2020-07-28,10:32:31 10 Aug 2020,40000
2020,President,Trump,Biden,,44,0.0009,0.2712315,0.029475,0.970525,,0.8396947,0.7538188,0.094964,0.9936168,37.35944,61.18141,,1.459155,29.6932,53.45596,,0.7586552,45.09925,68.8416,,2.249525,-23.82197,-39.16759,-8.376204,1,2020-07-28,10:32:31 10 Aug 2020,40000
2020,President,Trump,Biden,,30,0.000875,0.2426316,0.8616,0.1384,,0.2992978,0.9801301,0.9894484,0.184232,54.85045,43.02991,,2.119638,47.77963,36.01884,,1.091839,61.8843,50.11658,,3.285626,11.82054,-2.274563,25.82078,1,2020-07-28,10:32:31 10 Aug 2020,40000
2020,President,Trump,Biden,,41,0.008425,0.5648503,0.10015,0.89985,,0.7094358,0.78627,0.2726139,0.9609194,41.34257,56.2264,,2.431032,33.85184,48.74927,,1.247782,48.83405,63.71634,,3.775824,-14.88384,-29.81897,0.010685,1,2020-07-28,10:32:31 10 Aug 2020,40000
2020,President,Trump,Biden,,39,0.03455,0.8688458,0.5253,0.4747,,0.4915287,0.9948388,0.9906954,0.6413826,49.68893,49.22761,,1.083464,44.16934,43.75041,,0.5673364,55.16162,54.74409,,1.663036,0.4613155,-10.52929,11.39662,1,2020-07-28,10:32:31 10 Aug 2020,40000
2020,President,Trump,Biden,,38,0.0,0.0,0.980025,0.019975,,0.265835,0.9949937,0.9996163,0.0269931,60.61627,36.65929,,2.724444,53.65414,29.85088,,1.394133,67.46448,43.58049,,4.238951,23.95698,10.17407,37.51607,1,2020-07-28,10:32:31 10 Aug 2020,40000
2020,President,Trump,Biden,,37,0.047175,1.338688,0.468875,0.531125,,0.5331911,0.9792421,0.9592326,0.7063697,49.26802,49.94621,,0.7857737,43.96859,44.63509,,0.4143575,54.59223,55.24183,,1.200551,-0.6781836,-11.25047,9.938486,1,2020-07-28,10:32:31 10 Aug 2020,40000
2020,President,Trump,Biden,,36,0.001875,0.0344587,0.005075,0.994925,,0.8571429,0.7393271,0.0166906,0.9990153,36.82605,62.04779,,1.126157,31.09476,56.28924,,0.5891817,42.55964,67.77849,,1.729503,-25.22174,-36.65957,-13.76109,1,2020-07-28,10:32:31 10 Aug 2020,40000
2020,President,Trump,Biden,,35,0.0083875,1.468396,0.09175,0.90825,,0.9002725,0.8007707,0.3169304,0.9877767,42.79708,55.33969,,1.863228,36.7648,49.28041,,0.963069,48.83495,61.397,,2.882826,-12.5426,-24.5797,-0.4519634,1,2020-07-28,10:32:31 10 Aug 2020,40000
2020,President,Trump,Biden,,34,0.008325,0.3030809,0.0471,0.9529,,0.7717622,0.7614388,0.1394724,0.9854339,40.45614,58.64286,,0.9010023,33.69284,51.85727,,0.4737207,47.2581,65.39421,,1.379223,-18.18671,-31.69481,-4.598019,1,2020-07-28,10:32:31 10 Aug 2020,40000
2020,President,Trump,Biden,,33,0.0154,2.853967,0.263825,0.736175,,0.7276604,0.9037253,0.7365947,0.9035719,45.94648,52.98025,,1.073268,38.66497,45.6972,,0.5621157,53.23938,60.26688,,1.647156,-7.033765,-21.61178,7.499378,1,2020-07-28,10:32:31 10 Aug 2020,40000
2020,President,Trump,Biden,,32,0.029,3.383274,0.2178,0.7822,,0.8348255,0.8958387,0.6976499,0.9516841,45.69086,52.53803,,1.771106,39.95824,46.80623,,0.9166186,51.41697,58.23023,,2.738302,-6.847168,-18.20034,4.588383,1,2020-07-28,10:32:31 10 Aug 2020,40000
2020,President,Trump,Biden,,31,3.75e-05,0.0053692,0.97895,0.02105,,0.2662036,0.9988124,0.9999041,0.0285549,58.67434,39.50446,,1.821198,52.9507,33.86149,,0.9415265,64.35162,45.24213,,2.816189,19.16988,7.786863,30.45766,1,2020-07-28,10:32:31 10 Aug 2020,40000
2020,President,Trump,Biden,,40,5e-05,0.005495,0.989775,0.010225,,0.2631911,0.9877751,0.9995204,0.0137172,62.98416,35.7985,,1.21734,56.41426,29.31775,,0.6357511,69.47076,42.34627,,1.871694,27.18565,14.12133,40.12404,1,2020-07-28,10:32:31 10 Aug 2020,40000
2020,President,Trump,Biden,,22,0.00235,0.1653193,0.902875,0.097125,,0.2903503,0.952381,0.9827554,0.1267514,57.50797,41.6569,,0.8351261,49.70774,33.91492,,0.4391297,65.28061,49.4698,,1.279516,15.85107,0.2427349,31.35497,1,2020-07-27,10:32:26 10 Aug 2020,40000
2020,President,Trump,Biden,,18,0.0006125,0.0298666,0.906775,0.093225,,0.2937333,0.9957093,0.9985005,0.1271967,55.24886,43.25328,,1.497867,49.40944,37.48843,,0.7771077,61.02624,49.0805,,2.314892,11.99558,0.3458786,23.47914,1,2020-07-27,10:32:26 10 Aug 2020,40000
2020,President,Trump,Biden,,19,0.0038125,0.3447476,0.6563,0.3437,,0.405112,0.9974542,0.9967198,0.4697681,51.20953,47.43762,,1.35285,45.00544,41.23244,,0.7036127,57.4296,53.66258,,2.087694,3.771904,-8.622944,16.17992,1,2020-07-27,10:32:26 10 Aug 2020,40000
2020,President,Trump,Biden,,20,0.00035,0.0418919,0.926025,0.073975,,0.2878702,0.9976344,0.9993439,0.1011271,55.8894,42.25079,,1.859817,49.8616,36.32774,,0.9596955,61.82346,48.28734,,2.883044,13.63861,1.590513,25.48177,1,2020-07-27,10:32:26 10 Aug 2020,40000
2020,President,Trump,Biden,,21,0.00015,0.0104118,0.97525,0.02475,,0.2731607,0.9858586,0.9986879,0.033435,60.10996,38.65629,,1.233749,53.54844,32.19449,,0.6430918,66.5637,45.19594,,1.901326,21.45366,8.36664,34.35415,1,2020-07-27,10:32:26 10 Aug 2020,40000
2020,President,Trump,Biden,,27,0.0629125,2.918116,0.224875,0.775125,,0.8438021,0.8973069,0.7113402,0.9530677,46.06787,52.42662,,1.50551,40.5525,46.88587,,0.7809774,51.61837,57.95976,,2.326884,-6.358745,-17.33025,4.691996,1,2020-07-27,10:32:26 10 Aug 2020,40000
2020,President,Trump,Biden,,23,0.0046875,0.8804075,0.21635,0.78365,,0.753871,0.8636827,0.6114339,0.9274434,44.8932,53.61479,,1.492013,37.64292,46.35084,,0.7738296,52.16607,60.85052,,2.304273,-8.721596,-23.17203,5.781761,1,2020-07-27,10:32:26 10 Aug 2020,40000
2020,President,Trump,Biden,,24,0.0005,0.0253596,0.0032,0.9968,,0.7734375,0.7313905,0.0092784,0.9990066,35.60738,62.9897,,1.40291,30.09155,57.37138,,0.7289938,41.20818,68.50401,,2.166096,-27.38232,-38.37195,-16.17604,1,2020-07-27,10:32:26 10 Aug 2020,40000
2020,President,Trump,Biden,,25,0.0005875,0.0250694,0.0078,0.9922,,0.8333333,0.7342018,0.0243674,0.9982187,34.11876,64.082,,1.799235,27.12895,56.96692,,0.9292312,41.20988,71.10205,,2.787821,-29.96324,-43.93683,-15.79692,1,2020-07-27,10:32:26 10 Aug 2020,40000
2020,President,Trump,Biden,,26,0.0828875,2.33873,0.182975,0.817025,,0.943025,0.8807564,0.6468604,0.9860573,45.67785,53.17558,,1.146574,40.30791,47.78566,,0.5986854,51.06192,58.56403,,1.76497,-7.497729,-18.23282,3.245737,1,2020-07-27,10:32:26 10 Aug 2020,40000
2020,President,Trump,Biden,,16,0.0001125,0.0213753,0.984625,0.015375,,0.2705852,0.9788618,0.9987816,0.0206228,62.44696,34.36028,,3.192767,54.7813,26.90661,,1.623503,70.01633,41.99134,,4.992226,28.08668,12.9546,42.96326,1,2020-07-27,10:32:26 10 Aug 2020,40000
2020,President,Trump,Biden,,17,0.004475,0.1141669,0.021075,0.978925,,0.8244365,0.741732,0.0651359,0.9949642,38.7169,59.7119,,1.571205,32.62504,53.55855,,0.8142128,44.84985,65.8315,,2.429869,-20.995,-33.1939,-8.722843,1,2020-07-27,10:32:26 10 Aug 2020,40000
2020,President,Trump,Biden,,09,0.0015375,0.1312601,0.0308,0.9692,,0.9237013,0.7505417,0.1066542,0.9967799,40.01134,59.0341,,0.9545578,33.7336,52.76248,,0.5004667,46.30663,65.29297,,1.465294,-19.02276,-31.54492,-6.47253,1,2020-07-27,10:32:26 10 Aug 2020,40000
2020,President,Trump,Biden,,15,0.000325,0.1057557,0.01045,0.98955,,0.6100478,0.7333636,0.0238988,0.9944161,29.58062,68.7587,,1.660685,20.40768,59.4184,,0.8594142,38.9642,77.9751,,2.57024,-39.17808,-57.60543,-20.52258,1,2020-07-27,10:32:26 10 Aug 2020,40000
2020,President,Trump,Biden,,13,0.013,0.4248556,0.6592,0.3408,,0.4011681,0.9931045,0.9913777,0.4637731,51.09632,48.08184,,0.8218397,46.26516,43.26658,,0.4322942,55.90762,52.92027,,1.258875,3.014489,-6.654171,12.62037,1,2020-07-27,10:32:26 10 Aug 2020,40000
2020,President,Trump,Biden,,12,0.2384375,3.334182,0.3341,0.6659,,0.7510476,0.9756345,0.9406748,0.8902401,47.78786,51.40055,,0.8115789,42.28923,45.91769,,0.4270132,53.2722,56.89143,,1.242938,-3.612691,-14.57362,7.341124,1,2020-07-27,10:32:26 10 Aug 2020,40000
2020,President,Trump,Biden,,11,0.0,0.0,0.0,1.0,,,0.729775,0.0,1.0,5.982941,90.41201,,3.605051,2.177409,85.77492,,1.826406,10.11704,94.71085,,5.648943,-84.42907,-92.33044,-75.97664,1,2020-07-27,10:32:26 10 Aug 2020,40000
2020,President,Trump,Biden,,10,0.0001375,0.0429523,0.00435,0.99565,,0.9712644,0.7328379,0.0158388,0.9998287,37.78209,61.02113,,1.196779,32.61115,55.80446,,0.624271,42.97819,66.18716,,1.84352,-23.23903,-33.54837,-12.82195,1,2020-07-27,10:32:26 10 Aug 2020,40000
2020,President,Trump,Biden,,08,0.023575,1.15118,0.146925,0.853075,,0.8722137,0.8340123,0.4804124,0.9749238,44.19866,53.88849,,1.912845,38.26381,47.89036,,0.9863353,50.18118,59.86328,,2.966577,-9.689834,-21.57369,2.268747,1,2020-07-27,10:32:26 10 Aug 2020,40000
2020,President,Trump,Biden,,06,0.0022625,0.0225347,0.004375,0.995625,,0.7885714,0.7320527,0.0129335,0.9987325,34.35484,63.7329,,1.912256,28.27369,57.57856,,0.986039,40.47829,69.84856,,2.965647,-29.37805,-41.51669,-17.23115,1,2020-07-27,10:32:26 10 Aug 2020,40000
2020,President,Trump,Biden,,05,0.0005625,0.0674992,0.9141,0.0859,,0.2909146,0.9903958,0.9969072,0.116577,56.40822,41.92671,,1.665071,49.64571,35.26001,,0.8616279,63.10019,48.69057,,2.577124,14.48152,0.9830761,27.79313,1,2020-07-27,10:32:26 10 Aug 2020,40000
2020,President,Trump,Biden,,04,0.0458375,2.318372,0.423025,0.576975,,0.5703564,0.9539841,0.9044986,0.7542393,48.41372,50.25658,,1.329701,42.16323,44.03889,,0.6918631,54.61179,56.52319,,2.051417,-1.842861,-14.35948,10.53775,1,2020-07-27,10:32:26 10 Aug 2020,40000
2020,President,Trump,Biden,,02,0.00175,0.7987467,0.791125,0.208875,,0.3295307,0.9707959,0.9773196,0.2778596,53.38055,44.3301,,2.289347,46.07162,37.06084,,1.174855,60.65137,51.64205,,3.559774,9.050457,-5.501356,23.52612,1,2020-07-27,10:32:26 10 Aug 2020,40000
2020,President,Trump,Biden,,01,0.000325,0.022355,0.971875,0.028125,,0.2737749,0.976,0.9974695,0.0376143,59.45272,39.75855,,0.7887282,53.29526,33.64522,,0.4152458,65.55911,45.90667,,1.207455,19.69416,7.384766,31.8693,1,2020-07-27,10:32:26 10 Aug 2020,40000
2020,President,Trump,Biden,,28,0.0015625,0.1830421,0.8727,0.1273,,0.2989286,0.95326,0.9779756,0.1662841,55.43607,43.75119,,0.8127395,48.77251,37.19948,,0.4276106,62.01486,50.40698,,1.24474,11.68487,-1.613861,24.80602,1,2020-07-27,10:32:26 10 Aug 2020,40000
2020,President,Trump,Biden,,29,0.0014625,0.0742042,0.849975,0.150025,,0.3127739,0.9938344,0.9966261,0.2043096,54.13673,44.37859,,1.484684,48.0121,38.34466,,0.770435,60.21744,50.50026,,2.294221,9.758137,-2.460905,21.8449,1,2020-07-27,10:32:26 10 Aug 2020,40000
2020,President,Trump,Biden,,35,0.0085875,1.485753,0.099125,0.900875,,0.9056746,0.7998613,0.3365511,0.9873934,42.86301,55.25015,,1.886841,36.77926,49.04979,,0.9732746,49.03322,61.38436,,2.925593,-12.38715,-24.53641,-0.0601063,1,2020-07-27,10:32:26 10 Aug 2020,40000
2020,President,Trump,Biden,,30,0.0011375,0.3133588,0.857725,0.142275,,0.3070914,0.9764541,0.9874414,0.1903669,54.88552,42.98174,,2.132739,47.63931,35.80736,,1.09655,62.05928,50.19711,,3.312999,11.90378,-2.511227,26.20131,1,2020-07-27,10:32:26 10 Aug 2020,40000
2020,President,Trump,Biden,,44,0.000875,0.2642375,0.032725,0.967275,,0.8449198,0.749244,0.1036551,0.9930801,37.5077,61.01604,,1.476258,29.76001,53.12682,,0.7661699,45.37994,68.77058,,2.281015,-23.50835,-38.99554,-7.777439,1,2020-07-27,10:32:26 10 Aug 2020,40000
2020,President,Trump,Biden,,56,1.25e-05,0.008047,0.996,0.004,,0.2675452,0.93125,0.9989691,0.0051043,68.26025,28.25167,,3.488079,60.56138,20.78465,,1.768937,75.78676,35.87508,,5.46253,40.00857,24.85219,54.83506,1,2020-07-27,10:32:26 10 Aug 2020,40000
2020,President,Trump,Biden,,55,0.08105,3.783597,0.25565,0.74435,,0.8338549,0.9252032,0.7991565,0.9436813,46.55532,52.37858,,1.06609,40.83353,46.61488,,0.5575815,52.28737,58.09162,,1.639244,-5.823257,-17.24195,5.648653,1,2020-07-27,10:32:26 10 Aug 2020,40000
2020,President,Trump,Biden,,54,7.5e-05,0.0155775,0.989925,0.010075,,0.2691618,0.9702233,0.9988754,0.0133945,65.68719,32.43523,,1.877573,57.77856,24.68744,,0.968618,73.48375,40.29766,,2.910987,33.25197,17.56095,48.76847,1,2020-07-27,10:32:26 10 Aug 2020,40000
2020,President,Trump,Biden,,53,0.00115,0.0455936,0.013,0.987,,0.8403846,0.7373101,0.0409559,0.9971909,36.62634,61.06562,,2.308041,30.20782,54.53156,,1.184197,43.15323,67.55029,,3.589249,-24.43928,-37.29626,-11.42954,1,2020-07-27,10:32:26 10 Aug 2020,40000
2020,President,Trump,Biden,,51,0.020675,0.6944603,0.083,0.917,,0.9644578,0.7927209,0.3000937,0.9960947,44.00715,54.92957,,1.063272,39.02028,49.89933,,0.5561402,49.04649,59.94775,,1.634843,-10.92242,-20.92461,-0.8627129,1,2020-07-27,10:32:26 10 Aug 2020,40000
2020,President,Trump,Biden,,50,0.000325,0.1395152,0.01115,0.98885,,0.7040359,0.7346918,0.0294283,0.9955123,31.19034,66.0296,,2.780057,22.6348,57.33616,,1.419191,39.82187,74.66623,,4.33654,-34.83927,-51.97083,-17.54742,1,2020-07-27,10:32:26 10 Aug 2020,40000
2020,President,Trump,Biden,,31,1.25e-05,0.0021113,0.978475,0.021525,,0.272567,0.9976771,0.9998125,0.0294269,58.70592,39.45585,,1.838223,52.90195,33.70222,,0.9472733,64.45052,45.2584,,2.854758,19.25007,7.674864,30.7119,1,2020-07-27,10:32:26 10 Aug 2020,40000
2020,President,Trump,Biden,,48,0.020775,0.310375,0.6492,0.3508,,0.4096965,0.9977195,0.9970946,0.4795999,51.10129,47.85817,,1.04054,45.50873,42.3012,,0.5445122,56.64984,53.43257,,1.599354,3.243119,-7.918051,14.33554,1,2020-07-27,10:32:26 10 Aug 2020,40000
2020,President,Trump,Biden,,47,0.000825,0.0455903,0.9396,0.0604,,0.2831258,0.9879967,0.9972821,0.0817718,57.47825,41.39293,,1.128819,50.95095,34.92413,,0.5896298,63.93944,47.91314,,1.737163,16.08531,3.063089,29.00198,1,2020-07-27,10:32:26 10 Aug 2020,40000
2020,President,Trump,Biden,,46,0.0004125,0.1495866,0.941825,0.058175,,0.2813952,0.9703481,0.9935333,0.0773526,59.4396,39.03318,,1.527217,51.37654,31.11539,,0.7919636,67.37113,47.10657,,2.360907,20.40642,4.298983,36.22925,1,2020-07-27,10:32:26 10 Aug 2020,40000
2020,President,Trump,Biden,,45,0.0007125,0.0465407,0.876325,0.123675,,0.3037686,0.9955528,0.9979382,0.1687164,54.30651,44.80669,,0.8868055,49.01121,39.54964,,0.4656898,59.58807,50.10862,,1.359761,9.49982,-1.085018,20.01469,1,2020-07-27,10:32:26 10 Aug 2020,40000
2020,President,Trump,Biden,,49,0.0006125,0.0699548,0.92755,0.07245,,0.2864266,0.9851622,0.99597,0.0978041,56.16658,40.45019,,3.383231,49.2432,33.69384,,1.71736,62.98001,47.27792,,5.295417,15.71639,2.16766,29.12993,1,2020-07-27,10:32:26 10 Aug 2020,40000
2020,President,Trump,Biden,,42,0.2053625,4.652478,0.260275,0.739725,,0.8703294,0.9424448,0.8492033,0.9552944,47.12946,52.10476,,0.7657757,42.04111,46.97485,,0.4034221,52.25987,57.20096,,1.171829,-4.975296,-15.14613,5.268333,1,2020-07-27,10:32:26 10 Aug 2020,40000
2020,President,Trump,Biden,,40,7.5e-05,0.0066956,0.9891,0.0109,,0.2694116,0.9747707,0.9989691,0.0145593,63.00601,35.76615,,1.227838,56.41149,29.20781,,0.6400836,69.57941,42.38506,,1.892081,27.23987,14.04338,40.3637,1,2020-07-27,10:32:26 10 Aug 2020,40000
2020,President,Trump,Biden,,39,0.0355375,0.8889112,0.527725,0.472275,,0.5002605,0.9940712,0.9896907,0.6433147,49.73043,49.18016,,1.089408,44.16833,43.62796,,0.5695012,55.27199,54.76058,,1.675603,0.5502605,-10.61102,11.66304,1,2020-07-27,10:32:26 10 Aug 2020,40000
2020,President,Trump,Biden,,38,3.75e-05,0.0147101,0.980075,0.019925,,0.271918,0.9874529,0.9990628,0.0269604,60.68177,36.571,,2.747239,53.59721,29.67596,,1.402899,67.64516,43.61918,,4.284419,24.11077,10.06004,37.89,1,2020-07-27,10:32:26 10 Aug 2020,40000
2020,President,Trump,Biden,,37,0.0483875,1.372119,0.469825,0.530175,,0.5458947,0.979818,0.9614808,0.711829,49.28053,49.92912,,0.7903527,43.93663,44.61143,,0.4160827,54.5871,55.28123,,1.209977,-0.6485795,-11.35243,9.941223,1,2020-07-27,10:32:26 10 Aug 2020,40000
2020,President,Trump,Biden,,36,0.00205,0.0375673,0.00735,0.99265,,0.8571429,0.7341208,0.0236176,0.9985612,36.90174,61.95885,,1.139406,31.05439,56.12365,,0.5950302,42.72669,67.82629,,1.753743,-25.05711,-36.71169,-13.44856,1,2020-07-27,10:32:26 10 Aug 2020,40000
2020,President,Trump,Biden,,34,0.009425,0.3403519,0.052675,0.947325,,0.7650688,0.7573695,0.1510778,0.9831455,40.57428,58.51448,,0.9112439,33.75293,51.64563,,0.4782386,47.42943,65.35316,,1.397776,-17.9402,-31.60577,-4.215609,1,2020-07-27,10:32:26 10 Aug 2020,40000
2020,President,Trump,Biden,,33,0.0175875,3.256932,0.3001,0.6999,,0.7072642,0.9183812,0.7956889,0.8807852,46.45485,52.44208,,1.10307,39.10229,45.05634,,0.5764818,53.854,59.83264,,1.696913,-5.987229,-20.74515,8.780519,1,2020-07-27,10:32:26 10 Aug 2020,40000
2020,President,Trump,Biden,,32,0.03335,3.889002,0.2249,0.7751,,0.837928,0.8952716,0.7064667,0.9508753,45.75865,52.44781,,1.793541,39.96056,46.6273,,0.9263663,51.56448,58.25207,,2.778874,-6.689156,-18.28028,4.888525,1,2020-07-27,10:32:26 10 Aug 2020,40000
2020,President,Trump,Biden,,41,0.0078625,0.5297588,0.10355,0.89645,,0.7276678,0.7828937,0.2824742,0.9617005,41.41468,56.12341,,2.461915,33.96725,48.5584,,1.260972,48.92477,63.56831,,3.832162,-14.70872,-29.55632,0.2477474,1,2020-07-27,10:32:26 10 Aug 2020,40000
2020,President,Trump,Biden,,21,0.0002125,0.0161885,0.975025,0.024975,,0.2741468,0.992993,0.9993457,0.0340017,60.05645,38.71453,,1.229021,53.49016,32.24319,,0.6415367,66.54439,45.28144,,1.887792,21.34192,8.234234,34.30943,1,2020-07-26,10:33:13 10 Aug 2020,40000
2020,President,Trump,Biden,,17,0.0047125,0.1191672,0.02125,0.97875,,0.8470588,0.7419668,0.067296,0.995647,38.80175,59.63046,,1.567787,32.69707,53.5126,,0.8135059,44.91648,65.7598,,2.417268,-20.82871,-33.01865,-8.632946,1,2020-07-26,10:33:13 10 Aug 2020,40000
2020,President,Trump,Biden,,18,0.000475,0.0230348,0.907425,0.092575,,0.2945423,0.9978396,0.9992523,0.1266495,55.22134,43.28622,,1.492435,49.44392,37.57631,,0.7753724,60.94331,49.06644,,2.299443,11.93512,0.4237156,23.33786,1,2020-07-26,10:33:13 10 Aug 2020,40000
2020,President,Trump,Biden,,19,0.004325,0.3905176,0.654325,0.345675,,0.4067933,0.9962392,0.9951397,0.4721508,51.18858,47.46434,,1.34709,45.00605,41.30012,,0.7016571,57.38645,53.67288,,2.072124,3.724239,-8.637917,16.07831,1,2020-07-26,10:33:13 10 Aug 2020,40000
2020,President,Trump,Biden,,20,0.000225,0.0266688,0.92555,0.07445,,0.2888013,0.9976494,0.9993457,0.1018338,55.86075,42.28679,,1.852461,49.87138,36.39759,,0.9570921,61.77388,48.25805,,2.863221,13.57396,1.642338,25.3491,1,2020-07-26,10:33:13 10 Aug 2020,40000
2020,President,Trump,Biden,,26,0.080175,2.268308,0.18105,0.81895,,0.9429715,0.8783503,0.638284,0.9862211,45.65027,53.20821,,1.141523,40.26098,47.82667,,0.5968764,51.03294,58.57652,,1.751635,-7.557935,-18.30718,3.196323,1,2020-07-26,10:33:13 10 Aug 2020,40000
2020,President,Trump,Biden,,22,0.0020125,0.1388676,0.897875,0.102125,,0.2928303,0.9549572,0.9829891,0.1337104,57.33097,41.83573,,0.8332933,49.47919,34.1591,,0.4387709,65.01077,49.68209,,1.272722,15.49524,-0.1662426,30.86186,1,2020-07-26,10:33:13 10 Aug 2020,40000
2020,President,Trump,Biden,,23,0.0043375,0.8136911,0.215775,0.784225,,0.7466111,0.8611687,0.6022993,0.9259297,44.94478,53.56992,,1.4853,37.75134,46.36895,,0.7721475,52.17467,60.81204,,2.289699,-8.625145,-23.07558,5.765713,1,2020-07-26,10:33:13 10 Aug 2020,40000
2020,President,Trump,Biden,,24,0.0002875,0.0146739,0.003,0.997,,0.8916667,0.7312437,0.0100009,0.9995544,35.61076,62.99123,,1.398011,30.08885,57.39566,,0.7275231,41.21621,68.53563,,2.151781,-27.38047,-38.44463,-16.19625,1,2020-07-26,10:33:13 10 Aug 2020,40000
2020,President,Trump,Biden,,25,0.00055,0.023639,0.007975,0.992025,,0.8401254,0.7339533,0.0250491,0.9982519,34.08149,64.1282,,1.790315,27.01382,56.95843,,0.9258041,41.23875,71.20924,,2.765807,-30.04671,-44.16265,-15.75013,1,2020-07-26,10:33:13 10 Aug 2020,40000
2020,President,Trump,Biden,,15,0.00025,0.0828378,0.01165,0.98835,,0.5793992,0.7330905,0.025236,0.9933847,29.90895,68.43393,,1.657117,20.6957,58.94791,,0.8586394,39.41835,77.65868,,2.55722,-38.52497,-56.92732,-19.49302,1,2020-07-26,10:33:13 10 Aug 2020,40000
2020,President,Trump,Biden,,16,0.0001375,0.0263931,0.98455,0.01545,,0.2712407,0.9724919,0.9984111,0.0205998,62.43393,34.38007,,3.186005,54.78344,26.95203,,1.621817,69.96703,41.99135,,4.966268,28.05387,12.90228,42.98666,1,2020-07-26,10:33:13 10 Aug 2020,40000
2020,President,Trump,Biden,,28,0.0018125,0.2090767,0.87265,0.12735,,0.2996619,0.9528857,0.9776615,0.1663753,55.38235,43.80775,,0.8099003,48.79637,37.19883,,0.4267122,62.0034,50.40761,,1.23647,11.5746,-1.579844,24.80794,1,2020-07-26,10:33:13 10 Aug 2020,40000
2020,President,Trump,Biden,,13,0.014475,0.4814398,0.651,0.349,,0.4067588,0.9919771,0.9899991,0.4746529,51.00586,48.16628,,0.8278605,46.1742,43.36866,,0.4359713,55.81528,52.98978,,1.264301,2.839572,-6.823961,12.42046,1,2020-07-26,10:33:13 10 Aug 2020,40000
2020,President,Trump,Biden,,12,0.2420125,3.381538,0.3282,0.6718,,0.7621877,0.9734296,0.9352276,0.8965895,47.72145,51.47044,,0.8081138,42.28136,46.03851,,0.4257908,53.15354,56.91624,,1.233705,-3.748992,-14.60744,7.090097,1,2020-07-26,10:33:13 10 Aug 2020,40000
2020,President,Trump,Biden,,11,1.25e-05,0.0054635,0.0,1.0,,,0.729375,0.0,1.0,6.142372,90.26159,,3.596036,2.32848,85.5802,,1.824006,10.28506,94.56195,,5.615732,-84.11922,-91.97958,-75.59398,1,2020-07-26,10:33:13 10 Aug 2020,40000
2020,President,Trump,Biden,,10,7.5e-05,0.0206601,0.004675,0.995325,,0.9625669,0.732625,0.016824,0.9997601,37.81091,60.99663,,1.192455,32.65332,55.76817,,0.6228874,43.03069,66.17555,,1.830811,-23.18572,-33.49947,-12.77838,1,2020-07-26,10:33:13 10 Aug 2020,40000
2020,President,Trump,Biden,,09,0.0015875,0.1388356,0.029525,0.970475,,0.9288738,0.7494526,0.1025329,0.9971894,39.94931,59.10011,,0.9505778,33.70657,52.82233,,0.4990944,46.21885,65.34285,,1.454612,-19.15079,-31.60599,-6.590755,1,2020-07-26,10:33:13 10 Aug 2020,40000
2020,President,Trump,Biden,,08,0.0227875,1.108442,0.147425,0.852575,,0.8863829,0.8362314,0.4885503,0.9774807,44.20088,53.89421,,1.904912,38.26896,47.92371,,0.9834727,50.19389,59.83407,,2.945453,-9.693333,-21.53489,2.217299,1,2020-07-26,10:33:13 10 Aug 2020,40000
2020,President,Trump,Biden,,06,0.0020625,0.0206754,0.0051,0.9949,,0.8039216,0.7321088,0.0153285,0.998629,34.91764,63.14047,,1.941892,28.80982,56.98925,,1.002059,41.04808,69.2316,,3.003455,-28.22283,-40.37027,-15.97747,1,2020-07-26,10:33:13 10 Aug 2020,40000
2020,President,Trump,Biden,,05,0.0005375,0.0678103,0.9123,0.0877,,0.291927,0.9868871,0.9957005,0.1186632,56.36003,41.98048,,1.659491,49.57818,35.27801,,0.8598376,63.06095,48.74547,,2.560935,14.37955,0.9021473,27.71376,1,2020-07-26,10:33:13 10 Aug 2020,40000
2020,President,Trump,Biden,,04,0.0473375,2.397691,0.419625,0.580375,,0.5763479,0.9541245,0.9041967,0.7592117,48.36137,50.31465,,1.323982,42.10032,44.11898,,0.6899047,54.56043,56.56087,,2.035994,-1.953277,-14.44742,10.41165,1,2020-07-26,10:33:13 10 Aug 2020,40000
2020,President,Trump,Biden,,02,0.001725,0.7689092,0.7953,0.2047,,0.3289953,0.9710552,0.9782223,0.2725278,53.39635,44.32336,,2.280285,46.0935,37.10535,,1.171644,60.63787,51.59574,,3.535338,9.072988,-5.460045,23.46127,1,2020-07-26,10:33:13 10 Aug 2020,40000
2020,President,Trump,Biden,,01,0.0004125,0.028179,0.972125,0.027875,,0.2744246,0.9748879,0.9973829,0.0372579,59.40894,39.80533,,0.7857311,53.24303,33.67216,,0.4142435,65.54614,45.95579,,1.199073,19.60361,7.327013,31.87998,1,2020-07-26,10:33:13 10 Aug 2020,40000
2020,President,Trump,Biden,,27,0.0641625,2.981769,0.225725,0.774275,,0.8343117,0.8947725,0.7040845,0.9498543,46.06611,52.43547,,1.498424,40.53519,46.93217,,0.7784051,51.58005,57.97407,,2.308804,-6.369361,-17.42767,4.621748,1,2020-07-26,10:33:13 10 Aug 2020,40000
2020,President,Trump,Biden,,29,0.0017875,0.0902202,0.849775,0.150225,,0.3134653,0.9925112,0.9958875,0.2044216,54.10759,44.41293,,1.479477,48.0202,38.36732,,0.7688085,60.1703,50.52487,,2.27919,9.694663,-2.476421,21.7857,1,2020-07-26,10:33:13 10 Aug 2020,40000
2020,President,Trump,Biden,,30,0.0011125,0.2961803,0.8612,0.1388,,0.3071876,0.9785663,0.9890644,0.1862211,54.90524,42.97114,,2.123614,47.756,35.90085,,1.093258,62.04514,50.1456,,3.28882,11.9341,-2.353306,26.12713,1,2020-07-26,10:33:13 10 Aug 2020,40000
2020,President,Trump,Biden,,42,0.198025,4.481804,0.25895,0.74105,,0.8713072,0.9407597,0.8435368,0.9558184,47.09121,52.14644,,0.7623564,41.9854,47.05049,,0.4021752,52.19341,57.23934,,1.162874,-5.055231,-15.24971,5.161966,1,2020-07-26,10:33:13 10 Aug 2020,40000
2020,President,Trump,Biden,,55,0.0889875,4.152435,0.27635,0.72365,,0.8035101,0.9349478,0.830171,0.9276093,46.87539,52.06874,,1.055872,41.12347,46.32927,,0.5530708,52.62038,57.8114,,1.618247,-5.193346,-16.66976,6.288849,1,2020-07-26,10:33:13 10 Aug 2020,40000
2020,President,Trump,Biden,,54,0.0001875,0.0405826,0.990175,0.009825,,0.2698513,0.9720102,0.9989719,0.0130934,65.66086,32.46863,,1.870509,57.72711,24.65807,,0.9661722,73.48395,40.38383,,2.89152,33.19223,17.40751,48.77478,1,2020-07-26,10:33:13 10 Aug 2020,40000
2020,President,Trump,Biden,,53,0.0019,0.0766603,0.0184,0.9816,,0.8573369,0.7403983,0.0589775,0.9964353,37.52948,60.1858,,2.284718,31.03559,53.58545,,1.173859,44.09866,66.67703,,3.542319,-22.65632,-35.60313,-9.57485,1,2020-07-26,10:33:13 10 Aug 2020,40000
2020,President,Trump,Biden,,51,0.0208375,0.7043524,0.08245,0.91755,,0.9602789,0.7915918,0.296009,0.9958183,43.99763,54.94333,,1.059043,39.00246,49.92059,,0.5546939,49.0264,59.95388,,1.623188,-10.9457,-20.95603,-0.9374962,1,2020-07-26,10:33:13 10 Aug 2020,40000
2020,President,Trump,Biden,,50,0.0003,0.1310539,0.011575,0.988425,,0.7149028,0.7346283,0.0309375,0.9955441,31.37031,65.85555,,2.774134,22.7852,57.02436,,1.417686,40.1853,74.5325,,4.314622,-34.48524,-51.72823,-16.92955,1,2020-07-26,10:33:13 10 Aug 2020,40000
2020,President,Trump,Biden,,49,0.0008,0.0947588,0.92885,0.07115,,0.2866986,0.9831342,0.9956071,0.095904,56.1192,40.51086,,3.369944,49.26467,33.77951,,1.712659,62.87508,47.31174,,5.257308,15.60834,2.101179,28.97388,1,2020-07-26,10:33:13 10 Aug 2020,40000
2020,President,Trump,Biden,,48,0.02165,0.3250704,0.644975,0.355025,,0.4138145,0.9980987,0.9978502,0.4858269,51.0592,47.90441,,1.036386,45.45522,42.37533,,0.5430938,56.58808,53.48541,,1.587887,3.154787,-8.002489,14.21132,1,2020-07-26,10:33:13 10 Aug 2020,40000
2020,President,Trump,Biden,,47,0.00055,0.0301625,0.937725,0.062275,,0.2844651,0.9883581,0.9972895,0.0843873,57.42391,41.45151,,1.124584,50.9012,34.98846,,0.588218,63.90393,47.97871,,1.725281,15.9724,2.962696,28.88528,1,2020-07-26,10:33:13 10 Aug 2020,40000
2020,President,Trump,Biden,,46,0.0004375,0.1606971,0.943975,0.056025,,0.2812045,0.9634092,0.9924292,0.0740017,59.49015,38.98586,,1.523986,51.39077,31.05958,,0.7913465,67.43235,47.0876,,2.348767,20.50429,4.284878,36.34001,1,2020-07-26,10:33:13 10 Aug 2020,40000
2020,President,Trump,Biden,,45,0.00105,0.0667074,0.8724,0.1276,,0.3061382,0.9968652,0.9985045,0.1743959,54.25749,44.8591,,0.8834076,48.95492,39.61468,,0.4645742,59.4816,50.16169,,1.35042,9.398383,-1.194771,19.84462,1,2020-07-26,10:33:13 10 Aug 2020,40000
2020,President,Trump,Biden,,44,0.00105,0.3103758,0.033125,0.966875,,0.8490566,0.749192,0.10515,0.9931448,37.57669,60.95019,,1.473125,29.80883,53.06057,,0.7655903,45.44896,68.73378,,2.269263,-23.3735,-38.95039,-7.643734,1,2020-07-26,10:33:13 10 Aug 2020,40000
2020,President,Trump,Biden,,56,5e-05,0.0273274,0.99615,0.00385,,0.2682076,0.9220779,0.9988784,0.0048672,68.19604,28.32345,,3.480511,60.52876,20.9423,,1.767181,75.75571,35.90857,,5.432675,39.8726,24.83506,54.69624,1,2020-07-26,10:33:13 10 Aug 2020,40000
2020,President,Trump,Biden,,41,0.008125,0.549733,0.1092,0.8908,,0.7147436,0.7840705,0.291803,0.9576007,41.58018,55.96288,,2.456945,34.07906,48.38701,,1.25983,49.15169,63.47301,,3.813863,-14.3827,-29.27928,0.6712341,1,2020-07-26,10:33:13 10 Aug 2020,40000
2020,President,Trump,Biden,,39,0.0339625,0.8480243,0.526225,0.473775,,0.5039194,0.9948815,0.9914011,0.6462382,49.71105,49.20428,,1.084669,44.1496,43.69777,,0.5678059,55.22935,54.7589,,1.663126,0.5067724,-10.60772,11.49905,1,2020-07-26,10:33:13 10 Aug 2020,40000
2020,President,Trump,Biden,,38,8.75e-05,0.0388494,0.979875,0.020125,,0.2727899,0.9913043,0.9993457,0.0273522,60.64672,36.617,,2.73628,53.69366,29.7554,,1.398871,67.60575,43.5173,,4.254834,24.02972,10.25799,37.74512,1,2020-07-26,10:33:13 10 Aug 2020,40000
2020,President,Trump,Biden,,37,0.04855,1.383832,0.465875,0.534125,,0.5515428,0.9795928,0.9606505,0.7173607,49.24418,49.96872,,0.7871001,43.88805,44.69112,,0.4149501,54.52262,55.31072,,1.201191,-0.7245432,-11.42635,9.808954,1,2020-07-26,10:33:13 10 Aug 2020,40000
2020,President,Trump,Biden,,36,0.0015625,0.0291027,0.006725,0.993275,,0.866171,0.7334071,0.0217777,0.9987661,36.86532,61.99982,,1.134859,30.9644,56.13127,,0.5934706,42.72912,67.90022,,1.741272,-25.1345,-36.9143,-13.42257,1,2020-07-26,10:33:13 10 Aug 2020,40000
2020,President,Trump,Biden,,35,0.008475,1.481966,0.100425,0.899575,,0.888225,0.7986549,0.3334891,0.9850214,42.90234,55.21787,,1.879788,36.80695,49.03461,,0.9708393,49.07485,61.34969,,2.906065,-12.31553,-24.52414,0.0251522,1,2020-07-26,10:33:13 10 Aug 2020,40000
2020,President,Trump,Biden,,34,0.0077125,0.2787538,0.050125,0.949875,,0.7680798,0.755731,0.1439387,0.9841988,40.46333,58.62908,,0.9075897,33.58244,51.74486,,0.4770112,47.3337,65.50519,,1.387915,-18.16574,-31.91469,-4.425304,1,2020-07-26,10:33:13 10 Aug 2020,40000
2020,President,Trump,Biden,,33,0.0154125,2.840207,0.2968,0.7032,,0.7115061,0.9168089,0.7895131,0.8839074,46.44386,52.45774,,1.098404,39.14352,45.07003,,0.5748303,53.86584,59.78099,,1.684531,-6.01388,-20.60655,8.785522,1,2020-07-26,10:33:13 10 Aug 2020,40000
2020,President,Trump,Biden,,32,0.0314875,3.655642,0.227,0.773,,0.8334802,0.8954722,0.7073559,0.9490317,45.76105,52.45208,,1.786875,39.98257,46.62711,,0.9240711,51.60581,58.24147,,2.760416,-6.691031,-18.22373,4.929489,1,2020-07-26,10:33:13 10 Aug 2020,40000
2020,President,Trump,Biden,,31,2.5e-05,0.0042301,0.979325,0.020675,,0.2730963,0.9987908,0.9999065,0.0283119,58.64868,39.51962,,1.831698,52.84831,33.84417,,0.9453917,64.34631,45.30809,,2.831878,19.12906,7.584595,30.46015,1,2020-07-26,10:33:13 10 Aug 2020,40000
2020,President,Trump,Biden,,40,2.5e-05,0.0024528,0.9903,0.0097,,0.2698172,0.9716495,0.9989719,0.012922,62.9966,35.78003,,1.223376,56.33144,29.29252,,0.6386594,69.52916,42.40472,,1.878994,27.21657,13.93101,40.19705,1,2020-07-26,10:33:13 10 Aug 2020,40000
2020,President,Trump,Biden,,21,0.0002375,0.0177968,0.97545,0.02455,,0.2684658,0.99389,0.9994276,0.0331973,60.04333,38.72704,,1.229625,53.54794,32.18613,,0.6386278,66.58321,45.2272,,1.894412,21.31629,8.351398,34.38311,1,2020-07-25,10:35:37 10 Aug 2020,40000
2020,President,Trump,Biden,,17,0.0044375,0.1110704,0.02035,0.97965,,0.8427519,0.7470015,0.0654518,0.9956462,38.79367,59.63518,,1.571155,32.61813,53.46502,,0.8113208,44.94426,65.79852,,2.429506,-20.84151,-33.12525,-8.52562,1,2020-07-25,10:35:37 10 Aug 2020,40000
2020,President,Trump,Biden,,18,0.0004125,0.0212858,0.909175,0.090825,,0.2879259,0.9972475,0.9990459,0.1232313,55.22648,43.27947,,1.494052,49.46905,37.50307,,0.7724617,60.99672,49.00331,,2.308503,11.94701,0.5134544,23.45967,1,2020-07-25,10:35:37 10 Aug 2020,40000
2020,President,Trump,Biden,,19,0.0042,0.3801945,0.6517,0.3483,,0.4007979,0.9975595,0.9968514,0.4727211,51.17859,47.473,,1.348407,44.9219,41.27346,,0.6988696,57.38638,53.72443,,2.080257,3.705585,-8.800755,16.07771,1,2020-07-25,10:35:37 10 Aug 2020,40000
2020,President,Trump,Biden,,20,0.0001625,0.0188912,0.9264,0.0736,,0.2827342,0.9986413,0.9996184,0.1,55.85308,42.29224,,1.854676,49.86617,36.31094,,0.9535679,61.83348,48.24063,,2.87533,13.56083,1.66073,25.46668,1,2020-07-25,10:35:37 10 Aug 2020,40000
2020,President,Trump,Biden,,26,0.0787875,2.227332,0.18025,0.81975,,0.9402219,0.883806,0.6467894,0.9857143,45.63253,53.2187,,1.148773,40.25162,47.79073,,0.5975552,51.06158,58.61893,,1.768084,-7.586171,-18.35328,3.251945,1,2020-07-25,10:35:37 10 Aug 2020,40000
2020,President,Trump,Biden,,22,0.002125,0.1487725,0.901975,0.098025,,0.2855678,0.9543484,0.9830169,0.1272789,57.37665,41.78842,,0.8349319,49.63847,34.11824,,0.4373872,65.02931,49.49256,,1.279144,15.58823,0.1433754,30.90041,1,2020-07-25,10:35:37 10 Aug 2020,40000
2020,President,Trump,Biden,,23,0.0039125,0.7363075,0.2165,0.7835,,0.7369515,0.8659222,0.6089113,0.9230613,44.93375,53.58194,,1.484317,37.71881,46.32816,,0.7672712,52.17706,60.79906,,2.294274,-8.64819,-23.07711,5.832228,1,2020-07-25,10:35:37 10 Aug 2020,40000
2020,President,Trump,Biden,,24,0.00045,0.0229324,0.003175,0.996825,,0.7874016,0.7366639,0.0095411,0.9990816,35.61227,62.98983,,1.397902,30.07237,57.36266,,0.7239182,41.22279,68.55826,,2.157782,-27.37756,-38.44344,-16.1523,1,2020-07-25,10:35:37 10 Aug 2020,40000
2020,President,Trump,Biden,,25,0.000475,0.0197357,0.007325,0.992675,,0.8156996,0.7390636,0.0228032,0.9981633,34.08796,64.12405,,1.787998,27.06489,56.95099,,0.920182,41.22469,71.18211,,2.770412,-30.03609,-44.04438,-15.76838,1,2020-07-25,10:35:37 10 Aug 2020,40000
2020,President,Trump,Biden,,15,0.0005125,0.172266,0.011,0.989,,0.5659091,0.7383721,0.0237573,0.9935374,29.87648,68.46272,,1.6608,20.68443,59.05275,,0.8563873,39.29315,77.64587,,2.57031,-38.58625,-56.94133,-19.76701,1,2020-07-25,10:35:37 10 Aug 2020,40000
2020,President,Trump,Biden,,16,8.75e-05,0.0180394,0.98485,0.01515,,0.2658781,0.9884489,0.9993321,0.0203741,62.43633,34.37014,,3.193529,54.69348,26.8625,,1.617218,70.05035,42.04205,,4.992312,28.06619,12.71624,43.08409,1,2020-07-25,10:35:37 10 Aug 2020,40000
2020,President,Trump,Biden,,09,0.0014625,0.1277109,0.03125,0.96875,,0.928,0.7563871,0.1106765,0.9969388,39.98013,59.06886,,0.9510118,33.74345,52.73761,,0.4968207,46.31404,65.3247,,1.459651,-19.08874,-31.56185,-6.39913,1,2020-07-25,10:35:37 10 Aug 2020,40000
2020,President,Trump,Biden,,13,0.0122,0.4051574,0.66965,0.33035,,0.3880759,0.9933404,0.9917947,0.4464626,51.22459,47.94747,,0.8279346,46.34074,43.07592,,0.4337952,56.10931,52.83546,,1.268283,3.277124,-6.494221,13.02583,1,2020-07-25,10:35:37 10 Aug 2020,40000
2020,President,Trump,Biden,,12,0.254475,3.552814,0.31465,0.68535,,0.7737168,0.9723864,0.9291098,0.9067007,47.57643,51.61065,,0.812919,42.13466,46.12012,,0.4260847,53.09459,57.04395,,1.244982,-4.034218,-14.90198,6.984638,1,2020-07-25,10:35:37 10 Aug 2020,40000
2020,President,Trump,Biden,,11,0.0,0.0,0.0,1.0,,,0.735,0.0,1.0,6.102025,90.29694,,3.601033,2.311568,85.64097,,1.816816,10.2408,94.52827,,5.640655,-84.19492,-91.99615,-75.75819,1,2020-07-25,10:35:37 10 Aug 2020,40000
2020,President,Trump,Biden,,10,0.00015,0.0483295,0.003625,0.996375,,0.9724138,0.7375737,0.0134529,0.9998639,37.78746,61.01892,,1.19362,32.62585,55.77931,,0.6203367,43.0142,66.21497,,1.838159,-23.23146,-33.57228,-12.77753,1,2020-07-25,10:35:37 10 Aug 2020,40000
2020,President,Trump,Biden,,08,0.0283375,1.376108,0.15985,0.84015,,0.8717548,0.850979,0.5318195,0.9727211,44.4316,53.67877,,1.88963,38.42834,47.63585,,0.9710803,50.48576,59.69991,,2.93033,-9.247166,-21.19209,2.788322,1,2020-07-25,10:35:37 10 Aug 2020,40000
2020,President,Trump,Biden,,06,0.0028,0.0279627,0.004825,0.995175,,0.746114,0.7373326,0.0137391,0.9983333,34.9173,63.14312,,1.939586,28.88977,56.90888,,0.9960911,41.13068,69.2222,,3.00903,-28.22582,-40.28944,-15.85018,1,2020-07-25,10:35:37 10 Aug 2020,40000
2020,President,Trump,Biden,,05,0.000675,0.0836209,0.914125,0.085875,,0.2855463,0.9883552,0.9961836,0.1154762,56.36921,41.96976,,1.661025,49.63112,35.15529,,0.8565001,63.17349,48.66382,,2.570664,14.39945,0.9899673,27.98662,1,2020-07-25,10:35:37 10 Aug 2020,40000
2020,President,Trump,Biden,,04,0.04575,2.32012,0.43235,0.56765,,0.5544698,0.9592178,0.9148936,0.7408164,48.51292,50.17962,,1.307453,42.34332,43.99965,,0.6781163,54.70731,56.36018,,2.01616,-1.666698,-14.00963,10.67763,1,2020-07-25,10:35:37 10 Aug 2020,40000
2020,President,Trump,Biden,,02,0.002025,0.9168438,0.788425,0.211575,,0.3239687,0.9679782,0.9748116,0.2786395,53.37103,44.35078,,2.278192,45.93314,37.01585,,1.165044,60.75105,51.81664,,3.542556,9.020253,-5.860037,23.65683,1,2020-07-25,10:35:37 10 Aug 2020,40000
2020,President,Trump,Biden,,01,0.0003,0.0204405,0.971475,0.028525,,0.2692298,0.983348,0.9981872,0.0381633,59.37619,39.83789,,0.7859157,53.2397,33.6522,,0.412217,65.5646,45.97982,,1.203073,19.53831,7.254742,31.89396,1,2020-07-25,10:35:37 10 Aug 2020,40000
2020,President,Trump,Biden,,29,0.00155,0.078152,0.8479,0.1521,,0.3081142,0.9947403,0.9970422,0.2058503,54.08424,44.43441,,1.481344,47.97604,38.29535,,0.7660511,60.22177,50.52815,,2.288581,9.649825,-2.523035,21.90352,1,2020-07-25,10:35:37 10 Aug 2020,40000
2020,President,Trump,Biden,,27,0.0551125,2.559491,0.2062,0.7938,,0.8522066,0.8882275,0.6706421,0.9592857,45.80394,52.7127,,1.483354,40.28952,47.14978,,0.7670652,51.34002,58.21951,,2.291732,-6.908764,-17.89635,4.170464,1,2020-07-25,10:35:37 10 Aug 2020,40000
2020,President,Trump,Biden,,28,0.0018125,0.2116792,0.871775,0.128225,,0.2949442,0.961396,0.9812995,0.1677211,55.36552,43.82422,,0.8102549,48.77361,37.20708,,0.4247171,61.97848,50.42311,,1.240849,11.5413,-1.647238,24.77959,1,2020-07-25,10:35:37 10 Aug 2020,40000
2020,President,Trump,Biden,,56,2.5e-05,0.0145372,0.99635,0.00365,,0.262734,0.9315069,0.9990459,0.0046259,68.19427,28.31743,,3.488295,60.5231,20.93215,,1.761693,75.70547,35.85347,,5.460898,39.87685,24.80016,54.65145,1,2020-07-25,10:35:37 10 Aug 2020,40000
2020,President,Trump,Biden,,42,0.195075,4.408355,0.26235,0.73765,,0.850486,0.9444858,0.8515409,0.9478912,47.14996,52.0839,,0.7661366,42.05199,46.88472,,0.4020516,52.36023,57.18948,,1.172379,-4.933944,-15.1133,5.482847,1,2020-07-25,10:35:37 10 Aug 2020,40000
2020,President,Trump,Biden,,30,0.0010125,0.2746825,0.8584,0.1416,,0.3020445,0.9804025,0.9895048,0.1888776,54.86593,43.01287,,2.121201,47.66888,35.86584,,1.08685,62.04962,50.22573,,3.295172,11.85306,-2.503386,26.10017,1,2020-07-25,10:35:37 10 Aug 2020,40000
2020,President,Trump,Biden,,55,0.0869,4.051893,0.278925,0.721075,,0.7889218,0.9397427,0.8398054,0.9219388,46.89334,52.03173,,1.074927,41.15497,46.28827,,0.5599878,52.65519,57.78124,,1.652692,-5.138385,-16.59885,6.357082,1,2020-07-25,10:35:37 10 Aug 2020,40000
2020,President,Trump,Biden,,54,1.25e-05,0.0028594,0.9901,0.0099,,0.2643167,0.9671717,0.9987597,0.0130272,65.64961,32.47726,,1.873123,57.68126,24.65112,,0.9628113,73.5059,40.41572,,2.904348,33.17235,17.30766,48.84005,1,2020-07-25,10:35:37 10 Aug 2020,40000
2020,President,Trump,Biden,,53,0.001725,0.0678274,0.0182,0.9818,,0.8324176,0.7455439,0.0578189,0.9958844,37.48895,60.22665,,2.284397,31.0204,53.62531,,1.168126,44.07616,66.72028,,3.552347,-22.73771,-35.63584,-9.610437,1,2020-07-25,10:35:37 10 Aug 2020,40000
2020,President,Trump,Biden,,51,0.020875,0.7044862,0.083075,0.916925,,0.9569666,0.7977479,0.3034061,0.9952041,44.02422,54.90666,,1.069124,39.00323,49.88966,,0.5570327,49.06139,59.94056,,1.64363,-10.88245,-20.9227,-0.8267117,1,2020-07-25,10:35:37 10 Aug 2020,40000
2020,President,Trump,Biden,,50,0.0002125,0.0964329,0.011925,0.988075,,0.687631,0.7401007,0.0312947,0.994932,31.32613,65.89331,,2.780555,22.77003,56.95364,,1.413885,40.21516,74.52112,,4.337195,-34.56718,-51.74198,-16.80428,1,2020-07-25,10:35:37 10 Aug 2020,40000
2020,President,Trump,Biden,,49,0.0009625,0.1141866,0.9274,0.0726,,0.281405,0.9851928,0.9959927,0.0973129,56.0872,40.54636,,3.366436,49.20958,33.77111,,1.702028,62.89638,47.34316,,5.267081,15.54084,1.986431,28.92451,1,2020-07-25,10:35:37 10 Aug 2020,40000
2020,President,Trump,Biden,,47,0.000525,0.0295952,0.93945,0.06055,,0.2781415,0.9876136,0.9972331,0.0813605,57.41835,41.45566,,1.125997,50.92927,34.92531,,0.585976,63.96676,47.91815,,1.732481,15.96269,3.023184,29.02773,1,2020-07-25,10:35:37 10 Aug 2020,40000
2020,President,Trump,Biden,,46,0.0002875,0.1042203,0.9446,0.0554,,0.2756193,0.9693141,0.9936075,0.0730612,59.4938,38.97871,,1.52749,51.48167,31.01387,,0.7893214,67.46449,46.95587,,2.360977,20.51509,4.551285,36.38367,1,2020-07-25,10:35:37 10 Aug 2020,40000
2020,President,Trump,Biden,,45,0.00075,0.0491784,0.874125,0.125875,,0.2992993,0.9968222,0.9984734,0.1707143,54.26617,44.85063,,0.883194,49.00138,39.52258,,0.4621351,59.59392,50.13207,,1.354151,9.415539,-1.14579,20.05916,1,2020-07-25,10:35:37 10 Aug 2020,40000
2020,President,Trump,Biden,,44,0.0009875,0.298658,0.032425,0.967575,,0.851195,0.7546702,0.1053335,0.9934694,37.53642,60.9871,,1.47648,29.7952,53.14359,,0.7635972,45.37716,68.75409,,2.280957,-23.45068,-38.93177,-7.80957,1,2020-07-25,10:35:37 10 Aug 2020,40000
2020,President,Trump,Biden,,48,0.015775,0.2365157,0.669275,0.330725,,0.3906839,0.998337,0.997901,0.4492177,51.37489,47.59103,,1.034077,45.83652,42.02192,,0.5391761,56.96368,53.11266,,1.588989,3.783854,-7.262407,14.91966,1,2020-07-25,10:35:37 10 Aug 2020,40000
2020,President,Trump,Biden,,41,0.0090875,0.6148002,0.1092,0.8908,,0.7140568,0.7904412,0.2975861,0.9579932,41.55763,55.97906,,2.463312,34.0495,48.35064,,1.256998,49.12818,63.48802,,3.835208,-14.42143,-29.36723,0.6380615,1,2020-07-25,10:35:37 10 Aug 2020,40000
2020,President,Trump,Biden,,35,0.008175,1.440613,0.099925,0.900075,,0.8999249,0.8056551,0.3431925,0.9865986,42.91656,55.20384,,1.879597,36.80437,49.05776,,0.9660549,49.09849,61.32264,,2.914538,-12.28728,-24.48223,-0.0022392,1,2020-07-25,10:35:37 10 Aug 2020,40000
2020,President,Trump,Biden,,40,5e-05,0.0055827,0.989325,0.010675,,0.2645996,0.9765808,0.9990459,0.0141837,62.97401,35.80204,,1.223955,56.37294,29.19692,,0.6357484,69.56879,42.39984,,1.885547,27.17197,14.00694,40.31767,1,2020-07-25,10:35:37 10 Aug 2020,40000
2020,President,Trump,Biden,,32,0.0325625,3.787805,0.227375,0.772625,,0.8253986,0.900631,0.7162485,0.9467347,45.77226,52.44113,,1.786608,39.98074,46.5922,,0.9194858,51.62899,58.22234,,2.768226,-6.668865,-18.23421,5.005917,1,2020-07-25,10:35:37 10 Aug 2020,40000
2020,President,Trump,Biden,,33,0.016475,3.048579,0.2991,0.7009,,0.7018555,0.9225282,0.801164,0.8797279,46.44239,52.45554,,1.102077,39.08569,45.04458,,0.5738081,53.84024,59.83074,,1.695102,-6.013151,-20.75127,8.744883,1,2020-07-25,10:35:37 10 Aug 2020,40000
2020,President,Trump,Biden,,34,0.0067125,0.2444703,0.04945,0.95055,,0.7735086,0.7615065,0.1459784,0.9848299,40.46288,58.62933,,0.9077895,33.65303,51.702,,0.4747224,47.36678,65.43958,,1.392445,-18.16645,-31.80815,-4.338638,1,2020-07-25,10:35:37 10 Aug 2020,40000
2020,President,Trump,Biden,,31,0.0,0.0,0.978675,0.021325,,0.2676322,0.9953107,0.9996184,0.0288776,58.67078,39.49704,,1.832171,52.85766,33.75179,,0.9411761,64.45834,45.28458,,2.838761,19.17374,7.6234,30.66071,1,2020-07-25,10:35:37 10 Aug 2020,40000
2020,President,Trump,Biden,,36,0.0016875,0.0315583,0.007275,0.992725,,0.8419244,0.7392279,0.0233756,0.9984354,36.86155,62.00321,,1.135238,31.05044,56.08697,,0.590675,42.8065,67.81495,,1.746925,-25.14165,-36.7481,-13.30593,1,2020-07-25,10:35:37 10 Aug 2020,40000
2020,President,Trump,Biden,,37,0.0506125,1.440257,0.457,0.543,,0.5483041,0.9781308,0.9563019,0.7226191,49.16351,50.04432,,0.7921687,43.83415,44.66784,,0.4154294,54.53867,55.39273,,1.212776,-0.8808037,-11.55627,9.863789,1,2020-07-25,10:35:37 10 Aug 2020,40000
2020,President,Trump,Biden,,38,2.5e-05,0.0105261,0.979775,0.020225,,0.2672297,0.9901112,0.9992367,0.0272449,60.64526,36.61403,,2.740719,53.60501,29.70141,,1.394223,67.60207,43.59626,,4.274125,24.03123,10.11696,37.80831,1,2020-07-25,10:35:37 10 Aug 2020,40000
2020,President,Trump,Biden,,39,0.0372375,0.9329382,0.521075,0.478925,,0.4982488,0.9946756,0.9908406,0.6481292,49.67637,49.23705,,1.086584,44.13407,43.66268,,0.5659226,55.23873,54.77956,,1.670899,0.4393226,-10.62338,11.57178,1,2020-07-25,10:35:37 10 Aug 2020,40000
2020,President,Trump,Biden,,16,7.5e-05,0.01342,0.984825,0.015175,,0.2740335,0.9736409,0.99852,0.0203372,62.44239,34.38043,,3.177174,54.77999,26.85655,,1.602695,70.01532,41.99513,,4.958435,28.06196,12.93219,42.99328,1,2020-07-24,10:38:25 10 Aug 2020,40000
2020,President,Trump,Biden,,27,0.04995,2.320701,0.196575,0.803425,,0.8678622,0.872639,0.631209,0.9650379,45.60661,52.91373,,1.479651,40.01355,47.33157,,0.7616564,51.19708,58.50943,,2.282566,-7.30712,-18.46344,3.825926,1,2020-07-24,10:38:25 10 Aug 2020,40000
2020,President,Trump,Biden,,26,0.0803125,2.271492,0.1847,0.8153,,0.9373308,0.8771311,0.6405513,0.9843428,45.64216,53.21025,,1.14759,40.14805,47.69417,,0.5942475,51.13927,58.70452,,1.763925,-7.568085,-18.53346,3.430071,1,2020-07-24,10:38:25 10 Aug 2020,40000
2020,President,Trump,Biden,,25,0.0004375,0.0184017,0.008675,0.991325,,0.8645533,0.7316722,0.0277495,0.9983826,34.1028,64.11325,,1.78395,26.98647,56.86163,,0.9141479,41.35962,71.28909,,2.759372,-30.01045,-44.23516,-15.51384,1,2020-07-24,10:38:25 10 Aug 2020,40000
2020,President,Trump,Biden,,24,0.000375,0.0191672,0.00325,0.99675,,0.8153846,0.7282669,0.0098048,0.9991741,35.6188,62.98893,,1.392266,29.97868,57.34919,,0.7177123,41.25835,68.63848,,2.14583,-27.37013,-38.62203,-16.13646,1,2020-07-24,10:38:25 10 Aug 2020,40000
2020,President,Trump,Biden,,23,0.004325,0.8173872,0.2182,0.7818,,0.7550412,0.8614416,0.6095643,0.9270131,44.93657,53.5806,,1.482827,37.74322,46.299,,0.763163,52.21989,60.82229,,2.288237,-8.644025,-23.04086,5.890816,1,2020-07-24,10:38:25 10 Aug 2020,40000
2020,President,Trump,Biden,,22,0.001875,0.1323526,0.899,0.101,,0.2960234,0.9586633,0.9846452,0.133276,57.42878,41.74025,,0.8309769,49.53057,34.0424,,0.4334484,65.13965,49.62632,,1.271996,15.68853,-0.1055965,31.09792,1,2020-07-24,10:38:25 10 Aug 2020,40000
2020,President,Trump,Biden,,21,0.0002125,0.0149948,0.974925,0.025075,,0.27697,0.9900299,0.999075,0.0341707,60.05391,38.71914,,1.226951,53.4831,32.19147,,0.6343625,66.60651,45.2771,,1.887704,21.33478,8.226915,34.39709,1,2020-07-24,10:38:25 10 Aug 2020,40000
2020,President,Trump,Biden,,20,0.000225,0.0267368,0.92535,0.07465,,0.2919706,0.9986604,0.99963,0.1026153,55.85717,42.29493,,1.847902,49.84089,36.3264,,0.9460341,61.85985,48.29653,,2.859767,13.56224,1.597433,25.51192,1,2020-07-24,10:38:25 10 Aug 2020,40000
2020,President,Trump,Biden,,19,0.004625,0.416929,0.6508,0.3492,,0.4132606,0.9960625,0.9950976,0.4787681,51.18728,47.46783,,1.344889,44.89062,41.20289,,0.6938543,57.44467,53.76078,,2.071842,3.719455,-8.843283,16.2284,1,2020-07-24,10:38:25 10 Aug 2020,40000
2020,President,Trump,Biden,,18,0.000475,0.0241006,0.90665,0.09335,,0.2979099,0.9981253,0.9993525,0.1282519,55.23734,43.27396,,1.488693,49.43079,37.43627,,0.766199,61.07611,49.08752,,2.296717,11.96338,0.3826103,23.58845,1,2020-07-24,10:38:25 10 Aug 2020,40000
2020,President,Trump,Biden,,17,0.0040875,0.1039973,0.021325,0.978675,,0.8475967,0.7391371,0.0668763,0.9956986,38.78376,59.65281,,1.563433,32.65532,53.39698,,0.803717,45.03146,65.80211,,2.413683,-20.86904,-33.14577,-8.404211,1,2020-07-24,10:38:25 10 Aug 2020,40000
2020,President,Trump,Biden,,28,0.002025,0.2349687,0.86935,0.13065,,0.3039627,0.9533104,0.9777079,0.1714384,55.37206,43.81979,,0.8081496,48.66721,37.1715,,0.4217981,62.02115,50.53075,,1.236572,11.55227,-1.844347,24.84384,1,2020-07-24,10:38:25 10 Aug 2020,40000
2020,President,Trump,Biden,,15,0.000425,0.1382894,0.010775,0.989225,,0.5707657,0.7297379,0.0227546,0.9936339,29.91484,68.43269,,1.652469,20.6034,58.90427,,0.8483621,39.45378,77.76025,,2.553265,-38.51785,-57.1218,-19.47515,1,2020-07-24,10:38:25 10 Aug 2020,40000
2020,President,Trump,Biden,,13,0.0116375,0.3849979,0.6711,0.3289,,0.3988601,0.9914868,0.9903802,0.4488644,51.22979,47.94373,,0.8264754,46.32977,43.05371,,0.4311517,56.12692,52.84103,,1.265009,3.286066,-6.500999,13.06758,1,2020-07-24,10:38:25 10 Aug 2020,40000
2020,President,Trump,Biden,,12,0.257425,3.598867,0.320625,0.679375,,0.7848733,0.9719227,0.9310887,0.9088782,47.585,51.60332,,0.8116876,42.00857,46.03682,,0.4236043,53.14763,57.17664,,1.242061,-4.018322,-15.14556,7.084682,1,2020-07-24,10:38:25 10 Aug 2020,40000
2020,President,Trump,Biden,,11,0.0,0.0,0.0,1.0,,,0.7265,0.0,1.0,6.066027,90.34621,,3.587759,2.256952,85.69296,,1.803079,10.19063,94.60074,,5.609783,-84.28019,-92.1019,-75.78984,1,2020-07-24,10:38:25 10 Aug 2020,40000
2020,President,Trump,Biden,,10,0.0002125,0.0654177,0.00495,0.99505,,0.9545454,0.729888,0.0174822,0.9996903,37.80586,61.00652,,1.187623,32.52116,55.69515,,0.6144874,43.10185,66.27731,,1.826343,-23.20065,-33.73304,-12.57795,1,2020-07-24,10:38:25 10 Aug 2020,40000
2020,President,Trump,Biden,,09,0.0018125,0.1554119,0.033025,0.966975,,0.9174867,0.7485199,0.112108,0.9962835,39.98328,59.07086,,0.9458639,33.66795,52.63422,,0.4919375,46.39088,65.37231,,1.450227,-19.08758,-31.69804,-6.254156,1,2020-07-24,10:38:25 10 Aug 2020,40000
2020,President,Trump,Biden,,08,0.0271625,1.321693,0.162025,0.837975,,0.8734763,0.8429846,0.5236334,0.9723331,44.43554,53.68262,,1.881846,38.3366,47.60749,,0.9629486,50.47147,59.77571,,2.913054,-9.247078,-21.39801,2.833929,1,2020-07-24,10:38:25 10 Aug 2020,40000
2020,President,Trump,Biden,,06,0.0026875,0.026439,0.0049,0.9951,,0.8010204,0.7290976,0.0145222,0.9986579,34.94434,63.12259,,1.933071,28.74917,56.90032,,0.988466,41.15614,69.35548,,2.993554,-28.17825,-40.51455,-15.78194,1,2020-07-24,10:38:25 10 Aug 2020,40000
2020,President,Trump,Biden,,05,0.0005,0.0611035,0.91095,0.08905,,0.2954333,0.9870859,0.9957451,0.1209911,56.36451,41.97968,,1.655813,49.52482,35.26909,,0.8500382,63.10896,48.81863,,2.558507,14.38483,0.7374229,27.79233,1,2020-07-24,10:38:25 10 Aug 2020,40000
2020,President,Trump,Biden,,04,0.04285,2.174093,0.43365,0.56635,,0.5691226,0.9574468,0.913144,0.7463868,48.52547,50.16913,,1.305401,42.23255,43.92074,,0.6739504,54.77222,56.44117,,2.010184,-1.643656,-14.22773,10.84472,1,2020-07-24,10:38:25 10 Aug 2020,40000
2020,President,Trump,Biden,,02,0.00185,0.8220659,0.7936,0.2064,,0.3327243,0.9691133,0.9769679,0.2753269,53.42472,44.30054,,2.274733,46.11234,37.03297,,1.158302,60.71634,51.63841,,3.531051,9.124179,-5.443956,23.6221,1,2020-07-24,10:38:25 10 Aug 2020,40000
2020,President,Trump,Biden,,01,0.000375,0.0249973,0.970075,0.029925,,0.2778651,0.9757727,0.9973176,0.0401927,59.41631,39.79967,,0.7840208,53.17225,33.6955,,0.4094739,65.51351,46.03646,,1.199144,19.61663,7.140322,31.83078,1,2020-07-24,10:38:25 10 Aug 2020,40000
2020,President,Trump,Biden,,29,0.0015375,0.0748452,0.84765,0.15235,,0.3177314,0.9937643,0.9964851,0.2083964,54.10814,44.41591,,1.475952,47.95988,38.29487,,0.7597978,60.21339,50.5748,,2.276778,9.692232,-2.593121,21.90329,1,2020-07-24,10:38:25 10 Aug 2020,40000
2020,President,Trump,Biden,,35,0.00965,1.684093,0.101875,0.898125,,0.9013497,0.7978845,0.3397466,0.986373,42.9057,55.22453,,1.869775,36.70743,48.95724,,0.9569324,49.1398,61.47599,,2.894092,-12.31883,-24.72347,0.1198406,1,2020-07-24,10:38:25 10 Aug 2020,40000
2020,President,Trump,Biden,,30,0.000975,0.2605952,0.858475,0.141525,,0.3110749,0.9770359,0.9880677,0.1903304,54.88483,42.99606,,2.119109,47.70414,35.88202,,1.081037,62.03521,50.17846,,3.286174,11.88876,-2.4105,26.08222,1,2020-07-24,10:38:25 10 Aug 2020,40000
2020,President,Trump,Biden,,44,0.0009125,0.2694182,0.0347,0.9653,,0.8465418,0.7472807,0.1086856,0.9929112,37.54807,60.98299,,1.468933,29.63071,53.01318,,0.756271,45.52113,68.91206,,2.265796,-23.43492,-39.27882,-7.499838,1,2020-07-24,10:38:25 10 Aug 2020,40000
2020,President,Trump,Biden,,31,0.0,0.0,0.977925,0.022075,,0.276197,0.9920725,0.9993525,0.0301445,58.6791,39.49497,,1.825924,52.80552,33.69774,,0.93462,64.51594,45.36816,,2.827594,19.18413,7.48769,30.75282,1,2020-07-24,10:38:25 10 Aug 2020,40000
2020,President,Trump,Biden,,55,0.0905,4.212031,0.284625,0.715375,,0.7931489,0.935698,0.8352604,0.9213696,46.90993,52.01696,,1.073111,41.15746,46.20245,,0.5565286,52.7172,57.78884,,1.647968,-5.107035,-16.59994,6.500706,1,2020-07-24,10:38:25 10 Aug 2020,40000
2020,President,Trump,Biden,,54,6.25e-05,0.014398,0.989975,0.010025,,0.2728352,0.9825436,0.9993525,0.0135582,65.70557,32.42743,,1.867002,57.75391,24.646,,0.95555,73.53445,40.37739,,2.88974,33.27813,17.40554,48.84376,1,2020-07-24,10:38:25 10 Aug 2020,40000
2020,President,Trump,Biden,,53,0.0018875,0.0752003,0.019725,0.980275,,0.8618504,0.7383897,0.0628989,0.996318,37.51355,60.21318,,2.273264,30.92404,53.58794,,1.157573,44.13964,66.82452,,3.528738,-22.69963,-35.84748,-9.50071,1,2020-07-24,10:38:25 10 Aug 2020,40000
2020,President,Trump,Biden,,51,0.02125,0.714771,0.08525,0.91475,,0.9630498,0.7908445,0.3037647,0.9957674,44.03134,54.90383,,1.064831,38.95134,49.81636,,0.5523273,49.13183,59.98164,,1.635085,-10.87249,-21.01924,-0.683115,1,2020-07-24,10:38:25 10 Aug 2020,40000
2020,President,Trump,Biden,,50,0.000425,0.1968936,0.011875,0.988125,,0.7452632,0.7321948,0.0327444,0.9958706,31.35904,65.87451,,2.766448,22.78338,57.06472,,1.401262,40.14359,74.52386,,4.307595,-34.51547,-51.60099,-17.02891,1,2020-07-24,10:38:25 10 Aug 2020,40000
2020,President,Trump,Biden,,49,0.0008375,0.0965441,0.925875,0.074125,,0.290401,0.9807757,0.9948201,0.1000688,56.1192,40.52581,,3.354992,49.22317,33.75996,,1.689569,62.94128,47.43404,,5.240589,15.5934,1.980415,29.04053,1,2020-07-24,10:38:25 10 Aug 2020,40000
2020,President,Trump,Biden,,47,0.0007,0.037296,0.9347,0.0653,,0.2883545,0.9885145,0.997225,0.0888507,57.4349,41.44238,,1.122714,50.80646,34.88754,,0.5816607,63.99127,48.06306,,1.725178,15.99252,2.760427,29.083,1,2020-07-24,10:38:25 10 Aug 2020,40000
2020,President,Trump,Biden,,46,0.0004,0.1525797,0.94445,0.05555,,0.284213,0.9657966,0.9931551,0.0738472,59.52589,38.95448,,1.519641,51.48362,30.92626,,0.781741,67.57047,46.99798,,2.345158,20.57141,4.492577,36.60134,1,2020-07-24,10:38:25 10 Aug 2020,40000
2020,President,Trump,Biden,,45,0.0008375,0.0548613,0.872425,0.127575,,0.3093103,0.9966686,0.9984275,0.1750172,54.26064,44.85749,,0.8818696,48.92127,39.55284,,0.4593748,59.55802,50.18803,,1.350949,9.403143,-1.252954,19.97794,1,2020-07-24,10:38:25 10 Aug 2020,40000
2020,President,Trump,Biden,,48,0.0163,0.2440616,0.673575,0.326425,,0.4003637,0.9980087,0.99778,0.4484171,51.39422,47.57481,,1.030965,45.77158,41.95872,,0.5351402,56.99379,53.1703,,1.582406,3.819412,-7.390932,15.01683,1,2020-07-24,10:38:25 10 Aug 2020,40000
2020,President,Trump,Biden,,42,0.195525,4.419698,0.269125,0.730875,,0.8572225,0.9426031,0.8535751,0.9482794,47.15043,52.08436,,0.7652104,41.95986,46.84547,,0.399859,52.38521,57.2787,,1.169984,-4.933929,-15.30775,5.543491,1,2020-07-24,10:38:25 10 Aug 2020,40000
2020,President,Trump,Biden,,40,0.0001125,0.0101578,0.988825,0.011175,,0.2730008,0.9709172,0.9987975,0.0149346,62.99065,35.78888,,1.220463,56.35717,29.18192,,0.6310854,69.63309,42.44583,,1.877578,27.20177,13.95399,40.43615,1,2020-07-24,10:38:25 10 Aug 2020,40000
2020,President,Trump,Biden,,39,0.0357375,0.8959508,0.524575,0.475425,,0.5098413,0.9939528,0.9895477,0.6504474,49.70009,49.21512,,1.084786,44.04612,43.6182,,0.5624509,55.28757,54.86482,,1.666137,0.4849677,-10.7971,11.63501,1,2020-07-24,10:38:25 10 Aug 2020,40000
2020,President,Trump,Biden,,38,5e-05,0.0210263,0.979925,0.020075,,0.2755568,0.9875467,0.999075,0.0272884,60.67409,36.59198,,2.73393,53.61245,29.69495,,1.385263,67.64386,43.6052,,4.256176,24.08211,10.10856,37.87062,1,2020-07-24,10:38:25 10 Aug 2020,40000
2020,President,Trump,Biden,,37,0.0505625,1.43586,0.4601,0.5399,,0.5588459,0.9750417,0.9513459,0.7246042,49.18501,50.02397,,0.7910256,43.74491,44.63912,,0.4130527,54.56263,55.4725,,1.210008,-0.8389623,-11.72605,9.924818,1,2020-07-24,10:38:25 10 Aug 2020,40000
2020,President,Trump,Biden,,36,0.0018125,0.0337567,0.00735,0.99265,,0.8605442,0.7308467,0.0234021,0.9985891,36.86341,62.00685,,1.129746,30.97783,56.01962,,0.5852196,42.84837,67.87542,,1.736127,-25.14344,-36.87517,-13.18087,1,2020-07-24,10:38:25 10 Aug 2020,40000
2020,President,Trump,Biden,,56,1.25e-05,0.0067569,0.996325,0.003675,,0.2709959,0.9183673,0.9989825,0.0046456,68.25636,28.27253,,3.471111,60.5985,20.87504,,1.746264,75.75024,35.80508,,5.424657,39.98383,25.00779,54.72301,1,2020-07-24,10:38:25 10 Aug 2020,40000
2020,President,Trump,Biden,,34,0.007475,0.2707975,0.053125,0.946875,,0.770353,0.7544819,0.1514198,0.9833448,40.47585,58.62057,,0.9035806,33.55428,51.65368,,0.4704267,47.43327,65.53574,,1.384615,-18.14472,-31.97661,-4.244541,1,2020-07-24,10:38:25 10 Aug 2020,40000
2020,President,Trump,Biden,,33,0.0168625,3.123998,0.29965,0.70035,,0.7188386,0.9181837,0.7969661,0.8851342,46.44585,52.45741,,1.096743,38.96877,44.98473,,0.5685121,53.88512,59.94772,,1.684748,-6.011556,-20.95586,8.89563,1,2020-07-24,10:38:25 10 Aug 2020,40000
2020,President,Trump,Biden,,41,0.0084125,0.5621567,0.111975,0.888025,,0.7209198,0.7832268,0.2986773,0.9573641,41.5862,55.96402,,2.449778,34.05679,48.31747,,1.244999,49.22643,63.52666,,3.807087,-14.37782,-29.36327,0.8457623,1,2020-07-24,10:38:25 10 Aug 2020,40000
2020,President,Trump,Biden,,32,0.0318625,3.709483,0.23405,0.76595,,0.8332621,0.8983289,0.7215798,0.9471094,45.79312,52.42958,,1.777298,39.89965,46.50954,,0.9108269,51.68634,58.32041,,2.748932,-6.636459,-18.40255,5.114212,1,2020-07-24,10:38:25 10 Aug 2020,40000
2020,President,Trump,Biden,,22,0.0020375,0.1414131,0.897975,0.102025,,0.2889557,0.9536878,0.9824877,0.1328192,57.3275,41.83761,,0.8348877,49.4884,34.10082,,0.4371684,65.06736,49.66309,,1.285479,15.48989,-0.1554298,30.94168,1,2020-07-23,10:38:51 10 Aug 2020,40000
2020,President,Trump,Biden,,18,0.0005625,0.0281791,0.9034,0.0966,,0.2921463,0.9981884,0.9993374,0.1316247,55.19045,43.31882,,1.490726,49.33369,37.46994,,0.7702031,61.04481,49.17281,,2.314178,11.87163,0.1926289,23.55075,1,2020-07-23,10:38:51 10 Aug 2020,40000
2020,President,Trump,Biden,,19,0.0043,0.3903538,0.636,0.364,,0.4128931,0.9957418,0.9943203,0.4947616,50.95973,47.6553,,1.384966,44.67526,41.38554,,0.7168097,57.24017,53.93827,,2.147815,3.304424,-9.247065,15.84846,1,2020-07-23,10:38:51 10 Aug 2020,40000
2020,President,Trump,Biden,,20,0.0002,0.0234099,0.92225,0.07775,,0.2862293,0.9980707,0.9995267,0.1059277,55.83959,42.31307,,1.847339,49.75021,36.35537,,0.949307,61.84218,48.38191,,2.877141,13.52652,1.421026,25.43853,1,2020-07-23,10:38:51 10 Aug 2020,40000
2020,President,Trump,Biden,,21,0.0001875,0.0140443,0.9735,0.0265,,0.270981,0.9886792,0.9988641,0.0357643,60.02638,38.74312,,1.230495,53.3812,32.18079,,0.6386969,66.61199,45.38675,,1.904987,21.28326,8.021244,34.40067,1,2020-07-23,10:38:51 10 Aug 2020,40000
2020,President,Trump,Biden,,26,0.078,2.196139,0.178075,0.821925,,0.9354205,0.8777565,0.630727,0.9848139,45.51874,53.32158,,1.159684,39.99964,47.80412,,0.6027989,51.01964,58.83136,,1.793935,-7.802843,-18.82134,3.19602,1,2020-07-23,10:38:51 10 Aug 2020,40000
2020,President,Trump,Biden,,23,0.004075,0.7691687,0.2295,0.7705,,0.6990196,0.8619078,0.6074404,0.9065284,44.97265,53.67635,,1.351,37.27502,45.92401,,0.6990056,52.72693,61.37175,,2.094629,-8.703697,-24.0878,6.768192,1,2020-07-23,10:38:51 10 Aug 2020,40000
2020,President,Trump,Biden,,24,0.0005125,0.0255398,0.00315,0.99685,,0.7380952,0.7340623,0.0088035,0.9988738,35.63791,62.96573,,1.396357,30.0439,57.31686,,0.722566,41.27506,68.57743,,2.165726,-27.32782,-38.53157,-16.09997,1,2020-07-23,10:38:51 10 Aug 2020,40000
2020,President,Trump,Biden,,25,0.0005,0.0213441,0.0079,0.9921,,0.8291139,0.7370477,0.0248012,0.9981572,34.11995,64.09193,,1.788126,26.96777,56.86645,,0.919655,41.32066,71.30153,,2.783617,-29.97198,-44.31415,-15.55372,1,2020-07-23,10:38:51 10 Aug 2020,40000
2020,President,Trump,Biden,,16,0.0001,0.0190006,0.9833,0.0167,,0.2682294,0.9790419,0.9986748,0.0223185,62.3496,34.45773,,3.192668,54.59043,26.91273,,1.616152,69.9387,42.19257,,5.016557,27.89187,12.57527,42.91402,1,2020-07-23,10:38:51 10 Aug 2020,40000
2020,President,Trump,Biden,,17,0.0046625,0.1172445,0.0218,0.9782,,0.8360091,0.7452719,0.0690079,0.9951541,38.77023,59.65886,,1.57092,32.58387,53.39458,,0.8106072,45.0177,65.88608,,2.440474,-20.88863,-33.29219,-8.404512,1,2020-07-23,10:38:51 10 Aug 2020,40000
2020,President,Trump,Biden,,01,0.0003875,0.0257246,0.96805,0.03195,,0.2719384,0.9733959,0.9967815,0.042453,59.3606,39.85218,,0.7872216,53.06359,33.62483,,0.4127362,65.58955,46.1646,,1.211091,19.50842,6.915739,31.94609,1,2020-07-23,10:38:51 10 Aug 2020,40000
2020,President,Trump,Biden,,15,0.0004625,0.1496802,0.010725,0.989275,,0.5081585,0.7352859,0.0206361,0.9929359,29.83118,68.50837,,1.660447,20.50954,58.93414,,0.8556082,39.36213,77.87099,,2.581914,-38.67719,-57.33601,-19.53157,1,2020-07-23,10:38:51 10 Aug 2020,40000
2020,President,Trump,Biden,,13,0.01285,0.4261803,0.660925,0.339075,,0.3958089,0.9923321,0.9905339,0.4593045,51.14141,48.03597,,0.8226189,46.19762,43.11642,,0.4308792,56.07966,52.9754,,1.26634,3.105432,-6.7682,12.94435,1,2020-07-23,10:38:51 10 Aug 2020,40000
2020,President,Trump,Biden,,12,0.2585,3.613442,0.31145,0.68855,,0.7877669,0.9717159,0.9290042,0.9133195,47.48125,51.68437,,0.8343819,41.89959,46.15689,,0.4369092,53.01295,57.2673,,1.28469,-4.203125,-15.3631,6.870756,1,2020-07-23,10:38:51 10 Aug 2020,40000
2020,President,Trump,Biden,,11,0.0,0.0,2.5e-05,0.999975,,0.0,0.7325683,0.0,0.9999658,6.120762,90.27592,,3.603324,2.297295,85.5539,,1.817312,10.29717,94.55706,,5.674453,-84.15515,-92.03653,-75.56058,1,2020-07-23,10:38:51 10 Aug 2020,40000
2020,President,Trump,Biden,,10,6.25e-05,0.0183898,0.0043,0.9957,,0.9709302,0.7356131,0.0158084,0.9998294,37.79525,61.01526,,1.189489,32.56522,55.71091,,0.617916,43.08603,66.26041,,1.840665,-23.22001,-33.67007,-12.63522,1,2020-07-23,10:38:51 10 Aug 2020,40000
2020,President,Trump,Biden,,09,0.0018625,0.1607413,0.031025,0.968975,,0.910556,0.7531928,0.1069671,0.9962461,39.97327,59.07788,,0.9488519,33.6202,52.70667,,0.4954753,46.34136,65.42996,,1.46379,-19.1046,-31.79102,-6.37834,1,2020-07-23,10:38:51 10 Aug 2020,40000
2020,President,Trump,Biden,,08,0.025475,1.24113,0.151275,0.848725,,0.8790283,0.8421456,0.5035025,0.975668,44.19852,53.89673,,1.904746,38.16173,47.79753,,0.9780256,50.28704,59.94685,,2.96786,-9.698201,-21.73823,2.432901,1,2020-07-23,10:38:51 10 Aug 2020,40000
2020,President,Trump,Biden,,06,0.0028625,0.0283332,0.005175,0.994825,,0.7729468,0.7352298,0.0151458,0.9984302,34.95922,63.10124,,1.939542,28.78436,56.84554,,0.9954197,41.16409,69.34718,,3.022867,-28.14202,-40.52775,-15.74169,1,2020-07-23,10:38:51 10 Aug 2020,40000
2020,President,Trump,Biden,,05,0.000475,0.0597946,0.90715,0.09285,,0.289919,0.9878837,0.9958349,0.125209,56.325,42.0131,,1.661893,49.40118,35.19865,,0.8563341,63.17097,48.93565,,2.584197,14.3119,0.4887276,27.93408,1,2020-07-23,10:38:51 10 Aug 2020,40000
2020,President,Trump,Biden,,04,0.0422375,2.137757,0.432275,0.567725,,0.5595975,0.9591351,0.9159409,0.7433028,48.49984,50.17413,,1.326032,42.24394,43.96361,,0.6870341,54.70848,56.44036,,2.055091,-1.674283,-14.18387,10.71894,1,2020-07-23,10:38:51 10 Aug 2020,40000
2020,President,Trump,Biden,,02,0.002225,0.9954652,0.753775,0.246225,,0.3399556,0.967814,0.9702764,0.3252909,52.69121,45.02697,,2.281828,45.28086,37.71151,,1.166024,60.03212,52.41688,,3.56539,7.664241,-7.085119,22.24124,1,2020-07-23,10:38:51 10 Aug 2020,40000
2020,President,Trump,Biden,,28,0.0017125,0.1964727,0.866625,0.133375,,0.2984278,0.9574508,0.9792692,0.1743166,55.34105,43.84748,,0.8114671,48.60204,37.1993,,0.4251632,61.97832,50.57585,,1.248943,11.49358,-1.955053,24.77842,1,2020-07-23,10:38:51 10 Aug 2020,40000
2020,President,Trump,Biden,,27,0.0529125,2.46691,0.1993,0.8007,,0.8590065,0.8809167,0.6482393,0.9628366,45.59262,52.92619,,1.481189,39.98478,47.31015,,0.7653933,51.20539,58.52543,,2.299163,-7.33356,-18.50418,3.852154,1,2020-07-23,10:38:51 10 Aug 2020,40000
2020,President,Trump,Biden,,35,0.009225,1.610618,0.1035,0.8965,,0.9041063,0.806358,0.3543165,0.9867932,42.91414,55.21317,,1.872691,36.71342,48.92638,,0.9619935,49.19337,61.44614,,2.917199,-12.29903,-24.68559,0.2391548,1,2020-07-23,10:38:51 10 Aug 2020,40000
2020,President,Trump,Biden,,29,0.001575,0.0791208,0.841525,0.158475,,0.3126467,0.9935321,0.9962136,0.2149268,54.06992,44.45137,,1.478718,47.79921,38.27525,,0.7641464,60.27737,50.73943,,2.29527,9.61855,-2.90851,21.99046,1,2020-07-23,10:38:51 10 Aug 2020,40000
2020,President,Trump,Biden,,44,0.0009875,0.290955,0.035175,0.964825,,0.8315565,0.7532195,0.1107535,0.9920145,37.53434,60.98959,,1.476075,29.63833,53.01225,,0.7628133,45.45981,68.89285,,2.291113,-23.45525,-39.26212,-7.587055,1,2020-07-23,10:38:51 10 Aug 2020,40000
2020,President,Trump,Biden,,56,0.0,0.0,0.9958,0.0042,,0.2649629,0.9404762,0.9990534,0.0053919,68.10462,28.40759,,3.48779,60.31776,21.01273,,1.760819,75.67191,36.05686,,5.489263,39.69703,24.39826,54.49987,1,2020-07-23,10:38:51 10 Aug 2020,40000
2020,President,Trump,Biden,,55,0.0925,4.323435,0.283025,0.716975,,0.7856196,0.9399212,0.841916,0.9199058,46.904,52.05544,,1.040561,41.07136,46.18796,,0.5422571,52.77087,57.90197,,1.607336,-5.151437,-16.83984,6.569639,1,2020-07-23,10:38:51 10 Aug 2020,40000
2020,President,Trump,Biden,,54,0.0001125,0.0237982,0.989675,0.010325,,0.2666532,0.9806296,0.9992427,0.0138211,65.60685,32.5219,,1.871248,57.50376,24.66363,,0.9612715,73.49922,40.59503,,2.914919,33.08494,16.94975,48.78982,1,2020-07-23,10:38:51 10 Aug 2020,40000
2020,President,Trump,Biden,,53,0.0017625,0.0699106,0.0179,0.9821,,0.853352,0.743356,0.0578379,0.9965532,37.50997,60.21093,,2.279106,30.95768,53.59752,,1.164671,44.063,66.78087,,3.561081,-22.70096,-35.77623,-9.624626,1,2020-07-23,10:38:51 10 Aug 2020,40000
2020,President,Trump,Biden,,51,0.0226625,0.7626207,0.0873,0.9127,,0.9493127,0.7979073,0.3138016,0.9940962,44.03304,54.8994,,1.067566,38.90709,49.7636,,0.5560031,49.15282,60.03189,,1.649613,-10.86636,-21.11778,-0.641531,1,2020-07-23,10:38:51 10 Aug 2020,40000
2020,President,Trump,Biden,,50,0.000225,0.1038001,0.012675,0.987325,,0.6962525,0.7381055,0.0334154,0.9947787,31.33863,65.88148,,2.779881,22.73152,57.04697,,1.412837,40.10065,74.56367,,4.357743,-34.54285,-51.7486,-17.03971,1,2020-07-23,10:38:51 10 Aug 2020,40000
2020,President,Trump,Biden,,30,0.0010125,0.2832752,0.861225,0.138775,,0.3030567,0.9776617,0.988262,0.1852029,54.90588,42.88012,,2.213999,47.67082,35.78176,,1.132289,62.03004,50.14799,,3.457954,12.02576,-2.426235,26.13304,1,2020-07-23,10:38:51 10 Aug 2020,40000
2020,President,Trump,Biden,,48,0.01625,0.2435013,0.6672,0.3328,,0.3948966,0.998122,0.9976335,0.4534348,51.36075,47.60418,,1.035073,45.65266,41.94053,,0.5394611,57.03373,53.28605,,1.598747,3.756568,-7.63257,15.06341,1,2020-07-23,10:38:51 10 Aug 2020,40000
2020,President,Trump,Biden,,47,0.000775,0.0409491,0.933075,0.066925,,0.282346,0.989167,0.9975388,0.0903662,57.36612,41.50786,,1.126014,50.68487,34.92979,,0.5857074,63.99447,48.1681,,1.741165,15.85826,2.535336,29.03068,1,2020-07-23,10:38:51 10 Aug 2020,40000
2020,President,Trump,Biden,,46,0.000375,0.1348291,0.938,0.062,,0.2791045,0.9620968,0.9912912,0.0814251,59.36963,39.10333,,1.527046,51.1475,31.02851,,0.7885137,67.47124,47.31042,,2.371319,20.2663,3.849651,36.41855,1,2020-07-23,10:38:51 10 Aug 2020,40000
2020,President,Trump,Biden,,45,0.0008375,0.0546368,0.8698,0.1302,,0.3030294,0.9957758,0.9980121,0.1769785,54.24294,44.8723,,0.8847525,48.86047,39.50196,,0.4627051,59.61339,50.26266,,1.363448,9.370641,-1.380957,20.10283,1,2020-07-23,10:38:51 10 Aug 2020,40000
2020,President,Trump,Biden,,49,0.000675,0.0766418,0.925425,0.074575,,0.2838696,0.981227,0.994699,0.0998874,56.0545,40.57959,,3.365917,49.15448,33.83359,,1.701154,62.89529,47.44757,,5.293916,15.47491,1.947168,28.95854,1,2020-07-23,10:38:51 10 Aug 2020,40000
2020,President,Trump,Biden,,42,0.1886375,4.273122,0.2576,0.7424,,0.8595691,0.9392174,0.8384135,0.9518138,46.97202,52.25771,,0.7702744,41.72112,47.0684,,0.4040437,52.17094,57.53705,,1.184625,-5.285686,-15.80597,5.089821,1,2020-07-23,10:38:51 10 Aug 2020,40000
2020,President,Trump,Biden,,40,8.75e-05,0.0089916,0.988225,0.011775,,0.2669939,0.9766454,0.9990534,0.0156981,62.90998,35.86631,,1.223703,56.16875,29.19952,,0.6352564,69.59343,42.62597,,1.89433,27.04367,13.53834,40.37399,1,2020-07-23,10:38:51 10 Aug 2020,40000
2020,President,Trump,Biden,,39,0.03635,0.9114805,0.513225,0.486775,,0.5081592,0.9930152,0.9875047,0.65983,49.59745,49.3222,,1.080359,43.96404,43.70053,,0.5625086,55.2318,54.96037,,1.669646,0.2752499,-10.97517,11.50454,1,2020-07-23,10:38:51 10 Aug 2020,40000
2020,President,Trump,Biden,,38,5e-05,0.0202545,0.9788,0.0212,,0.2695648,0.9882075,0.9990534,0.0285978,60.61325,36.65487,,2.731879,53.47641,29.65919,,1.389113,67.63701,43.73336,,4.281142,23.95839,9.855669,37.8698,1,2020-07-23,10:38:51 10 Aug 2020,40000
2020,President,Trump,Biden,,37,0.05085,1.445759,0.446225,0.553775,,0.5647375,0.9772019,0.954184,0.7386957,49.04091,50.15959,,0.7994994,43.59637,44.68325,,0.4190305,54.50662,55.61575,,1.230269,-1.118678,-12.01421,9.833635,1,2020-07-23,10:38:51 10 Aug 2020,40000
2020,President,Trump,Biden,,36,0.0020375,0.037574,0.007975,0.992025,,0.8495298,0.7372546,0.0256532,0.9983619,36.88617,61.98034,,1.133495,30.93006,55.94539,,0.5895058,42.90242,67.95068,,1.752887,-25.09417,-37.01793,-13.05355,1,2020-07-23,10:38:51 10 Aug 2020,40000
2020,President,Trump,Biden,,34,0.0087,0.3168755,0.051225,0.948775,,0.7623231,0.7594793,0.1478607,0.9836195,40.4788,58.61436,,0.9068381,33.55575,51.62832,,0.4740032,47.46213,65.53824,,1.398055,-18.13556,-31.97401,-4.15332,1,2020-07-23,10:38:51 10 Aug 2020,40000
2020,President,Trump,Biden,,33,0.01685,3.128672,0.30245,0.69755,,0.7063151,0.924629,0.8088792,0.8804218,46.45709,52.44869,,1.094219,38.98035,44.98913,,0.5695544,53.93879,59.89738,,1.691354,-5.991603,-20.9287,8.954103,1,2020-07-23,10:38:51 10 Aug 2020,40000
2020,President,Trump,Biden,,32,0.033325,3.87808,0.229175,0.770825,,0.8290607,0.9005611,0.7194245,0.9475822,45.7557,52.46055,,1.783749,39.85947,46.5719,,0.9174619,51.62678,58.3906,,2.776696,-6.70485,-18.4531,5.029104,1,2020-07-23,10:38:51 10 Aug 2020,40000
2020,President,Trump,Biden,,31,1.25e-05,0.0019658,0.976575,0.023425,,0.2704093,0.9978656,0.9999053,0.031908,58.6214,39.54587,,1.832733,52.72952,33.76239,,0.9396272,64.44767,45.38431,,2.854357,19.07553,7.376192,30.64542,1,2020-07-23,10:38:51 10 Aug 2020,40000
2020,President,Trump,Biden,,41,0.0087625,0.5901112,0.11165,0.88835,,0.7120466,0.7889064,0.3010224,0.9566597,41.55732,55.98062,,2.462057,34.01536,48.33806,,1.255496,49.19892,63.59377,,3.851485,-14.4233,-29.55824,0.8051186,1,2020-07-23,10:38:51 10 Aug 2020,40000
2020,President,Trump,Biden,,21,0.00015,0.0111163,0.974775,0.025225,,0.2584699,0.9890981,0.9989097,0.0334899,60.05458,38.72718,,1.218234,53.40529,32.12157,,0.6271038,66.67101,45.37083,,1.886763,21.3274,8.072996,34.52362,1,2020-07-22,10:38:41 10 Aug 2020,40000
2020,President,Trump,Biden,,17,0.0052625,0.1323751,0.02215,0.97785,,0.8566591,0.7586286,0.0752304,0.9957383,38.71624,59.72225,,1.561505,32.55409,53.42988,,0.7991955,45.01719,65.89341,,2.426613,-21.00601,-33.3043,-8.43228,1,2020-07-22,10:38:41 10 Aug 2020,40000
2020,President,Trump,Biden,,18,0.000425,0.0215032,0.90315,0.09685,,0.2790234,0.9976768,0.999108,0.129698,55.19083,43.33215,,1.477013,49.31718,37.44006,,0.7569799,61.07211,49.20489,,2.293502,11.85868,0.1592522,23.60167,1,2020-07-22,10:38:41 10 Aug 2020,40000
2020,President,Trump,Biden,,19,0.0044125,0.4012172,0.630625,0.369375,,0.398335,0.997022,0.9959362,0.4943289,50.9114,47.71589,,1.372712,44.59509,41.40008,,0.7047385,57.21327,53.9976,,2.129489,3.195516,-9.382086,15.81176,1,2020-07-22,10:38:41 10 Aug 2020,40000
2020,President,Trump,Biden,,20,0.000175,0.0207807,0.922675,0.077325,,0.2732002,0.9980601,0.9994053,0.1035906,55.85605,42.31184,,1.832107,49.75609,36.24632,,0.9340081,61.92016,48.40488,,2.853082,13.54421,1.380655,25.6085,1,2020-07-22,10:38:41 10 Aug 2020,40000
2020,President,Trump,Biden,,15,0.0003625,0.120891,0.01205,0.98795,,0.5643154,0.7487727,0.0269601,0.992953,29.84719,68.50233,,1.650477,20.48661,59.03186,,0.843558,39.36144,77.87222,,2.566644,-38.65515,-57.39926,-19.6951,1,2020-07-22,10:38:41 10 Aug 2020,40000
2020,President,Trump,Biden,,22,0.0021125,0.1474105,0.8952,0.1048,,0.276279,0.9530057,0.9805729,0.1340604,57.27927,41.89077,,0.8299626,49.38564,34.09354,,0.4308523,65.06999,49.76225,,1.278703,15.38851,-0.3713036,30.96674,1,2020-07-22,10:38:41 10 Aug 2020,40000
2020,President,Trump,Biden,,23,0.0038125,0.7121703,0.223475,0.776525,,0.6914644,0.8711889,0.6126474,0.9080537,44.88377,53.77747,,1.338767,37.23211,46.08086,,0.6873078,52.56863,61.45194,,2.077105,-8.893702,-24.20726,6.476309,1,2020-07-22,10:38:41 10 Aug 2020,40000
2020,President,Trump,Biden,,24,0.000475,0.0233664,0.003425,0.996575,,0.810219,0.7469082,0.0110021,0.9991275,35.54598,63.06579,,1.388226,29.88196,57.35728,,0.7125151,41.25545,68.70777,,2.153871,-27.51981,-38.78054,-16.13704,1,2020-07-22,10:38:41 10 Aug 2020,40000
2020,President,Trump,Biden,,25,0.0005375,0.0232314,0.00815,0.99185,,0.8466257,0.7498614,0.0273565,0.9983221,34.02645,64.19801,,1.775538,26.90122,56.909,,0.9058475,41.25928,71.31599,,2.763721,-30.17156,-44.41131,-15.67874,1,2020-07-22,10:38:41 10 Aug 2020,40000
2020,President,Trump,Biden,,26,0.088825,2.511972,0.177975,0.822025,,0.9283607,0.8912746,0.6550699,0.9834228,45.50813,53.34099,,1.150874,40.01711,47.78706,,0.5931717,51.06321,58.79408,,1.781036,-7.832858,-18.71867,3.242464,1,2020-07-22,10:38:41 10 Aug 2020,40000
2020,President,Trump,Biden,,16,0.000125,0.0248636,0.98325,0.01675,,0.2561404,0.977612,0.9985132,0.0219799,62.38393,34.44311,,3.172963,54.65234,26.89138,,1.593968,70.06529,42.07397,,4.98314,27.94081,12.74603,43.05894,1,2020-07-22,10:38:41 10 Aug 2020,40000
2020,President,Trump,Biden,,28,0.001875,0.2166235,0.867875,0.132125,,0.2839695,0.9559129,0.9771038,0.1695302,55.35382,43.84301,,0.8031692,48.62667,37.21041,,0.4172314,62.02544,50.56196,,1.236893,11.51082,-1.933477,24.81638,1,2020-07-22,10:38:41 10 Aug 2020,40000
2020,President,Trump,Biden,,13,0.011075,0.3688613,0.6586,0.3414,,0.3794033,0.9930434,0.9906829,0.4550671,51.12958,48.05473,,0.8156882,46.194,43.11073,,0.4235988,56.09318,53.01409,,1.256428,3.074847,-6.809715,12.96269,1,2020-07-22,10:38:41 10 Aug 2020,40000
2020,President,Trump,Biden,,12,0.2685,3.753606,0.28395,0.71605,,0.8092974,0.9679142,0.9110913,0.930302,47.13352,52.03812,,0.828358,41.56632,46.40867,,0.4300372,52.77347,57.61874,,1.276195,-4.904602,-16.04194,6.371048,1,2020-07-22,10:38:41 10 Aug 2020,40000
2020,President,Trump,Biden,,11,0.0,0.0,0.0,1.0,,,0.745,0.0,1.0,6.082556,90.33645,,3.580993,2.232932,85.65015,,1.792544,10.29674,94.67137,,5.635046,-84.2539,-92.22649,-75.69408,1,2020-07-22,10:38:41 10 Aug 2020,40000
2020,President,Trump,Biden,,10,0.0001,0.0295662,0.00465,0.99535,,0.9569892,0.7482795,0.017643,0.9997315,37.72395,61.09351,,1.182542,32.45684,55.77539,,0.6091293,43.02901,66.34529,,1.830745,-23.36955,-33.86005,-12.75242,1,2020-07-22,10:38:41 10 Aug 2020,40000
2020,President,Trump,Biden,,09,0.001675,0.1456378,0.032,0.968,,0.9320313,0.7673812,0.1182476,0.9970806,39.89945,59.15796,,0.9425867,33.55182,52.70544,,0.4879639,46.35971,65.4986,,1.454647,-19.2585,-31.91705,-6.356895,1,2020-07-22,10:38:41 10 Aug 2020,40000
2020,President,Trump,Biden,,08,0.0278875,1.360388,0.15305,0.84695,,0.8699771,0.8566917,0.5279016,0.9739262,44.17484,53.93377,,1.891381,38.09174,47.78577,,0.9634787,50.34809,59.99596,,2.946765,-9.758929,-21.83099,2.54093,1,2020-07-22,10:38:41 10 Aug 2020,40000
2020,President,Trump,Biden,,06,0.002525,0.0250842,0.0059,0.9941,,0.8008475,0.7482396,0.0187333,0.9984228,34.94158,63.13322,,1.925198,28.80132,56.81332,,0.9802785,41.24525,69.34396,,3.000234,-28.19165,-40.515,-15.6443,1,2020-07-22,10:38:41 10 Aug 2020,40000
2020,President,Trump,Biden,,05,0.0004625,0.0572157,0.910475,0.089525,,0.275845,0.9879922,0.9957379,0.1187248,56.35426,42.00196,,1.643781,49.51619,35.11274,,0.840224,63.27905,48.84895,,2.556097,14.3523,0.6762791,28.1277,1,2020-07-22,10:38:41 10 Aug 2020,40000
2020,President,Trump,Biden,,04,0.03785,1.906326,0.44525,0.55475,,0.527288,0.9675079,0.9308158,0.7204362,48.71392,50.00035,,1.285729,42.43459,43.71782,,0.6610565,54.98924,56.27863,,1.99279,-1.286437,-13.82741,11.26748,1,2020-07-22,10:38:41 10 Aug 2020,40000
2020,President,Trump,Biden,,02,0.002,0.8961605,0.757725,0.242275,,0.3230064,0.9680116,0.9703637,0.3147987,52.78247,44.95619,,2.261338,45.36255,37.56596,,1.146695,60.21733,52.34389,,3.532286,7.826275,-6.899696,22.59286,1,2020-07-22,10:38:41 10 Aug 2020,40000
2020,President,Trump,Biden,,01,0.0003875,0.0256196,0.9703,0.0297,,0.2590951,0.9722222,0.9967291,0.0387584,59.38158,39.83868,,0.7797472,53.12212,33.60563,,0.4053116,65.60013,46.08521,,1.200331,19.5429,7.039696,31.98386,1,2020-07-22,10:38:41 10 Aug 2020,40000
2020,President,Trump,Biden,,27,0.0506375,2.348228,0.1801,0.8199,,0.8713215,0.8809001,0.6221628,0.9694631,45.27261,53.25341,,1.473982,39.68667,47.5735,,0.7554626,50.98909,58.86613,,2.288731,-7.980794,-19.15162,3.393913,1,2020-07-22,10:38:41 10 Aug 2020,40000
2020,President,Trump,Biden,,56,0.0,0.0,0.996225,0.003775,,0.2530051,0.9536424,0.9993062,0.0048322,68.14239,28.39144,,3.466179,60.42138,20.93931,,1.73676,75.76344,35.99715,,5.451383,39.75095,24.58232,54.64305,1,2020-07-22,10:38:41 10 Aug 2020,40000
2020,President,Trump,Biden,,29,0.0016625,0.0833516,0.84315,0.15685,,0.2979007,0.9933057,0.995837,0.2091275,54.08388,44.45065,,1.46547,47.83363,38.26677,,0.7512008,60.26982,50.69958,,2.275329,9.633236,-2.835224,21.97248,1,2020-07-22,10:38:41 10 Aug 2020,40000
2020,President,Trump,Biden,,42,0.1790875,4.050088,0.237375,0.762625,,0.8739337,0.9383052,0.8224799,0.9605033,46.73913,52.5081,,0.7527642,41.51249,47.23181,,0.3915682,52.01989,57.70723,,1.158272,-5.76897,-16.18965,4.761604,1,2020-07-22,10:38:41 10 Aug 2020,40000
2020,President,Trump,Biden,,55,0.0906,4.225319,0.2818,0.7182,,0.7735096,0.9503968,0.8642085,0.916208,46.90006,52.06773,,1.032213,41.10113,46.18848,,0.5332807,52.79409,57.83838,,1.594962,-5.167663,-16.72622,6.575575,1,2020-07-22,10:38:41 10 Aug 2020,40000
2020,President,Trump,Biden,,54,8.75e-05,0.0182261,0.9899,0.0101,,0.2545207,0.9727723,0.9989097,0.0131879,65.63437,32.5051,,1.860532,57.56165,24.67568,,0.9481449,73.53726,40.5396,,2.898001,33.12927,17.0388,48.81311,1,2020-07-22,10:38:41 10 Aug 2020,40000
2020,President,Trump,Biden,,53,0.00215,0.086614,0.01935,0.98065,,0.8527132,0.7568449,0.0654178,0.9962416,37.4995,60.23614,,2.26436,30.95448,53.56344,,1.148187,44.18508,66.80066,,3.537084,-22.73664,-35.79547,-9.436335,1,2020-07-22,10:38:41 10 Aug 2020,40000
2020,President,Trump,Biden,,51,0.0271125,0.9115763,0.08585,0.91415,,0.9615608,0.8115463,0.3272871,0.9958054,43.99126,54.94886,,1.059876,38.89069,49.80909,,0.547251,49.11811,60.02497,,1.638289,-10.9576,-21.09523,-0.7220154,1,2020-07-22,10:38:41 10 Aug 2020,40000
2020,President,Trump,Biden,,50,0.0004125,0.1860537,0.011925,0.988075,,0.7295597,0.7507527,0.034493,0.9957047,31.25237,65.98479,,2.762832,22.66259,57.13094,,1.393395,40.07848,74.67403,,4.329293,-34.73243,-51.94025,-17.16229,1,2020-07-22,10:38:41 10 Aug 2020,40000
2020,President,Trump,Biden,,49,0.0005625,0.0657191,0.9256,0.0744,,0.2711754,0.9828629,0.9951432,0.0981544,56.10302,40.55841,,3.338567,49.1615,33.72368,,1.674675,63.07361,47.43486,,5.247523,15.54461,1.85652,29.21971,1,2020-07-22,10:38:41 10 Aug 2020,40000
2020,President,Trump,Biden,,48,0.013625,0.204747,0.6653,0.3347,,0.3784007,0.9985061,0.9981167,0.4485906,51.36437,47.60853,,1.027101,45.68871,41.89777,,0.5306985,57.092,53.27139,,1.586952,3.755845,-7.586807,15.16595,1,2020-07-22,10:38:41 10 Aug 2020,40000
2020,President,Trump,Biden,,47,0.000725,0.03945,0.933975,0.066025,,0.2692524,0.9886407,0.9970264,0.0876174,57.39103,41.49592,,1.113046,50.715,34.86726,,0.5740948,64.04849,48.15948,,1.721649,15.89511,2.555653,29.15676,1,2020-07-22,10:38:41 10 Aug 2020,40000
2020,President,Trump,Biden,,46,0.0002875,0.1014992,0.94165,0.05835,,0.2658897,0.9674379,0.9926653,0.0757718,59.38734,39.09476,,1.517899,51.2169,31.0628,,0.7774177,67.44936,47.28587,,2.357891,20.29257,3.972961,36.37459,1,2020-07-22,10:38:41 10 Aug 2020,40000
2020,President,Trump,Biden,,45,0.000725,0.0483969,0.86825,0.13175,,0.2900086,0.9967742,0.998315,0.1762752,54.25092,44.8723,,0.8767893,48.85957,39.50287,,0.4546216,59.64366,50.24876,,1.351838,9.378617,-1.378115,20.11925,1,2020-07-22,10:38:41 10 Aug 2020,40000
2020,President,Trump,Biden,,44,0.0009,0.2726488,0.034275,0.965725,,0.8643326,0.7666779,0.1174547,0.9938255,37.45264,61.08012,,1.467243,29.56848,53.10365,,0.7520887,45.44243,68.96097,,2.278121,-23.62747,-39.37403,-7.702181,1,2020-07-22,10:38:41 10 Aug 2020,40000
2020,President,Trump,Biden,,30,0.00095,0.2577357,0.861775,0.138225,,0.2894607,0.9793814,0.9889979,0.1817114,54.95176,42.85421,,2.194028,47.70753,35.64382,,1.113448,62.16785,50.07339,,3.425637,12.09754,-2.324142,26.43406,1,2020-07-22,10:38:41 10 Aug 2020,40000
2020,President,Trump,Biden,,41,0.0089875,0.6059338,0.108325,0.891675,,0.7159012,0.801385,0.3074636,0.9591611,41.48411,56.06886,,2.447031,33.91283,48.4119,,1.238249,49.1347,63.6664,,3.827065,-14.58475,-29.68389,0.6624832,1,2020-07-22,10:38:41 10 Aug 2020,40000
2020,President,Trump,Biden,,39,0.032725,0.8200617,0.5096,0.4904,,0.4895997,0.9944433,0.9891962,0.6545973,49.57573,49.39296,,1.03132,43.90567,43.73028,,0.5328295,55.24925,55.0587,,1.593562,0.1827718,-11.13581,11.4848,1,2020-07-22,10:38:41 10 Aug 2020,40000
2020,President,Trump,Biden,,38,5e-05,0.0236918,0.9797,0.0203,,0.2572471,0.9901478,0.9992071,0.0269799,60.63678,36.65314,,2.710078,53.50847,29.64906,,1.367542,67.70396,43.7403,,4.245346,23.98365,9.903528,37.97774,1,2020-07-22,10:38:41 10 Aug 2020,40000
2020,President,Trump,Biden,,37,0.0464,1.321053,0.4554,0.5446,,0.5309618,0.9803066,0.9586679,0.7166107,49.14695,50.08318,,0.7698763,43.71534,44.57069,,0.4002854,54.6445,55.52596,,1.184947,-0.9362292,-11.8006,10.0648,1,2020-07-22,10:38:41 10 Aug 2020,40000
2020,President,Trump,Biden,,36,0.0024375,0.0445223,0.0079,0.9921,,0.8987342,0.750126,0.0281495,0.9989262,36.80306,62.07049,,1.126448,30.86511,56.00941,,0.5808553,42.87284,68.03047,,1.742697,-25.26743,-37.14445,-13.14227,1,2020-07-22,10:38:41 10 Aug 2020,40000
2020,President,Trump,Biden,,35,0.0097125,1.689488,0.10405,0.89595,,0.8925997,0.8193817,0.3682228,0.9854027,42.93499,55.20705,,1.857958,36.69963,48.92941,,0.9468652,49.22105,61.43018,,2.893933,-12.27207,-24.69999,0.2626324,1,2020-07-22,10:38:41 10 Aug 2020,40000
2020,President,Trump,Biden,,34,0.007775,0.280266,0.053,0.947,,0.7764151,0.7742344,0.163148,0.9841611,40.41401,58.68507,,0.9009256,33.48068,51.64463,,0.4668601,47.45126,65.60705,,1.389542,-18.27106,-32.09905,-4.225895,1,2020-07-22,10:38:41 10 Aug 2020,40000
2020,President,Trump,Biden,,33,0.017325,3.214981,0.294075,0.705925,,0.6982062,0.9310479,0.8140549,0.8822148,46.3978,52.51718,,1.085027,39.00061,45.05338,,0.5599531,53.873,59.90793,,1.677676,-6.119382,-20.90457,8.836811,1,2020-07-22,10:38:41 10 Aug 2020,40000
2020,President,Trump,Biden,,32,0.0351875,4.089493,0.22795,0.77205,,0.8134459,0.9111133,0.7351571,0.9441946,45.7299,52.49881,,1.771296,39.80167,46.51895,,0.9037349,51.69874,58.43517,,2.757026,-6.768906,-18.57603,5.164225,1,2020-07-22,10:38:41 10 Aug 2020,40000
2020,President,Trump,Biden,,31,1.25e-05,0.001889,0.976825,0.023175,,0.2581322,0.9967638,0.9997026,0.0310067,58.60167,39.57827,,1.820055,52.68756,33.71853,,0.9266582,64.51959,45.44552,,2.836875,19.0234,7.2915,30.74368,1,2020-07-22,10:38:41 10 Aug 2020,40000
2020,President,Trump,Biden,,40,0.0001375,0.0126004,0.98915,0.01085,,0.2546884,0.9723502,0.9988106,0.0141611,62.97613,35.81206,,1.211809,56.1924,29.18526,,0.6238692,69.67604,42.57626,,1.876679,27.16407,13.65084,40.4612,1,2020-07-22,10:38:41 10 Aug 2020,40000
2020,President,Trump,Biden,,21,0.000175,0.0130654,0.975525,0.024475,,0.2645242,0.9897855,0.9990321,0.0327741,60.13406,38.63718,,1.228759,53.46719,32.05495,,0.637404,66.72118,45.28963,,1.899557,21.49688,8.185986,34.64566,1,2020-07-21,10:39:48 10 Aug 2020,40000
2020,President,Trump,Biden,,17,0.0047375,0.118937,0.022375,0.977625,,0.8424581,0.7524869,0.0729772,0.9952648,38.75137,59.68139,,1.567235,32.49226,53.39534,,0.8082651,45.03699,65.95297,,2.431201,-20.93002,-33.43773,-8.416481,1,2020-07-21,10:39:48 10 Aug 2020,40000
2020,President,Trump,Biden,,18,0.0004,0.0201381,0.9025,0.0975,,0.2860388,0.9984615,0.9994193,0.1317053,55.27372,43.23743,,1.488855,49.31455,37.31017,,0.7688348,61.19821,49.20428,,2.307851,12.03629,0.1244564,23.88728,1,2020-07-21,10:39:48 10 Aug 2020,40000
2020,President,Trump,Biden,,19,0.0043,0.3916539,0.639325,0.360675,,0.4025339,0.9972274,0.9963221,0.4866062,51.00797,47.60882,,1.383217,44.66529,41.2739,,0.7155229,57.33333,53.96246,,2.141756,3.399149,-9.277208,16.06429,1,2020-07-21,10:39:48 10 Aug 2020,40000
2020,President,Trump,Biden,,20,6.25e-05,0.0070889,0.9232,0.0768,,0.2796794,0.9986979,0.9996129,0.1037678,55.91486,42.23916,,1.845984,49.80354,36.19986,,0.9481251,61.97593,48.3513,,2.870816,13.67569,1.481218,25.74243,1,2020-07-21,10:39:48 10 Aug 2020,40000
2020,President,Trump,Biden,,26,0.0830625,2.344115,0.180875,0.819125,,0.9308915,0.8875324,0.6518583,0.9835622,45.51177,53.32007,,1.168159,39.909,47.75418,,0.6066879,51.07679,58.89993,,1.804577,-7.808304,-18.97448,3.326399,1,2020-07-21,10:39:48 10 Aug 2020,40000
2020,President,Trump,Biden,,22,0.001725,0.1200061,0.899125,0.100875,,0.2823856,0.955886,0.9829655,0.1304539,57.40038,41.76659,,0.8330367,49.53204,34.01118,,0.4358093,65.15823,49.62716,,1.280602,15.63379,-0.0789986,31.10752,1,2020-07-21,10:39:48 10 Aug 2020,40000
2020,President,Trump,Biden,,23,0.003875,0.730818,0.231825,0.768175,,0.6972932,0.8718717,0.6258227,0.9061084,44.98875,53.66117,,1.350077,37.25364,46.0005,,0.6985888,52.67262,61.39931,,2.090666,-8.672426,-24.14674,6.638838,1,2020-07-21,10:39:48 10 Aug 2020,40000
2020,President,Trump,Biden,,24,0.0003,0.0150301,0.00295,0.99705,,0.8135593,0.7407853,0.0092915,0.9992559,35.60529,62.99915,,1.395565,29.95494,57.28961,,0.7217516,41.30079,68.64212,,2.161143,-27.39385,-38.67318,-16.0124,1,2020-07-21,10:39:48 10 Aug 2020,40000
2020,President,Trump,Biden,,25,0.0007125,0.0303013,0.00755,0.99245,,0.8543046,0.7436647,0.024971,0.9985118,34.07022,64.14378,,1.785986,26.84537,56.84176,,0.918076,41.32907,71.36612,,2.776108,-30.07356,-44.48193,-15.55596,1,2020-07-21,10:39:48 10 Aug 2020,40000
2020,President,Trump,Biden,,15,0.000125,0.0410671,0.010675,0.989325,,0.5620609,0.7424507,0.0232288,0.9937428,29.83645,68.50711,,1.656445,20.55145,58.96666,,0.8531102,39.37756,77.7904,,2.571717,-38.67066,-57.20242,-19.624,1,2020-07-21,10:39:48 10 Aug 2020,40000
2020,President,Trump,Biden,,16,0.000125,0.0226592,0.983125,0.016875,,0.2624539,0.9837037,0.9989353,0.0224582,62.4016,34.41391,,3.184487,54.57229,26.8516,,1.611589,70.04727,42.1747,,4.99352,27.98769,12.59072,43.14716,1,2020-07-21,10:39:48 10 Aug 2020,40000
2020,President,Trump,Biden,,09,0.001775,0.1536556,0.032425,0.967575,,0.9298381,0.7616205,0.1167247,0.9969898,39.94182,59.11109,,0.9470909,33.5686,52.6872,,0.494128,46.35663,65.48577,,1.458484,-19.16926,-31.93803,-6.309135,1,2020-07-21,10:39:48 10 Aug 2020,40000
2020,President,Trump,Biden,,13,0.0109625,0.3611077,0.664275,0.335725,,0.3860976,0.9941172,0.9929346,0.4515322,51.19436,47.98373,,0.8219023,46.20778,43.07238,,0.4301053,56.10315,52.98358,,1.263255,3.210626,-6.7764,13.03583,1,2020-07-21,10:39:48 10 Aug 2020,40000
2020,President,Trump,Biden,,12,0.2827,3.943264,0.2873,0.7127,,0.8175252,0.9661148,0.9093109,0.931543,47.16155,52.0047,,0.8337507,41.57306,46.37141,,0.436175,52.78847,57.61325,,1.281714,-4.843155,-16.04015,6.426567,1,2020-07-21,10:39:48 10 Aug 2020,40000
2020,President,Trump,Biden,,11,0.0,0.0,0.0,1.0,,,0.73915,0.0,1.0,6.10617,90.29678,,3.59705,2.317852,85.58588,,1.813928,10.24834,94.58408,,5.651472,-84.19061,-91.993,-75.63467,1,2020-07-21,10:39:48 10 Aug 2020,40000
2020,President,Trump,Biden,,10,0.0001,0.0311966,0.004675,0.995325,,0.9625669,0.7424459,0.0174216,0.9997633,37.79615,61.0152,,1.188654,32.52771,55.65952,,0.6170883,43.12589,66.32231,,1.83672,-23.21905,-33.77176,-12.54779,1,2020-07-21,10:39:48 10 Aug 2020,40000
2020,President,Trump,Biden,,08,0.028025,1.366283,0.151025,0.848975,,0.8776693,0.8492299,0.513163,0.9754109,44.20847,53.88968,,1.901855,38.06721,47.79378,,0.9761047,50.34741,60.00684,,2.959015,-9.681214,-21.88261,2.551893,1,2020-07-21,10:39:48 10 Aug 2020,40000
2020,President,Trump,Biden,,06,0.0026625,0.0264718,0.004975,0.995025,,0.7537689,0.7416145,0.014518,0.9983427,34.9528,63.10836,,1.938842,28.72755,56.80684,,0.9946005,41.24564,69.38103,,3.017387,-28.15556,-40.61528,-15.57181,1,2020-07-21,10:39:48 10 Aug 2020,40000
2020,President,Trump,Biden,,05,0.0005875,0.071,0.910225,0.089775,,0.2825675,0.9877471,0.9957414,0.1199689,56.45551,41.88439,,1.660102,49.50214,35.0174,,0.8549472,63.33202,48.81916,,2.57748,14.57111,0.6715984,28.2996,1,2020-07-21,10:39:48 10 Aug 2020,40000
2020,President,Trump,Biden,,04,0.0377125,1.91426,0.455425,0.544575,,0.5286271,0.9667631,0.9320558,0.7122709,48.79932,49.86318,,1.3375,42.45034,43.57968,,0.6924466,55.0844,56.23259,,2.069993,-1.063868,-13.74684,11.49852,1,2020-07-21,10:39:48 10 Aug 2020,40000
2020,President,Trump,Biden,,02,0.0019875,0.890954,0.758875,0.241125,,0.3313457,0.9708657,0.9734805,0.3167152,52.80989,44.91088,,2.279225,45.31302,37.51325,,1.164294,60.26366,52.42244,,3.555596,7.899011,-7.087154,22.68489,1,2020-07-21,10:39:48 10 Aug 2020,40000
2020,President,Trump,Biden,,01,0.0003875,0.0263605,0.969125,0.030875,,0.2657552,0.9757085,0.9970964,0.0407563,59.44607,39.76744,,0.7864956,53.11428,33.55718,,0.4119586,65.65916,46.11356,,1.208154,19.67863,7.014263,32.1063,1,2020-07-21,10:39:48 10 Aug 2020,40000
2020,President,Trump,Biden,,28,0.0022625,0.2634151,0.871125,0.128875,,0.2911465,0.9627546,0.9819009,0.1678617,55.44828,43.74076,,0.8109536,48.67244,37.0598,,0.4244947,62.12338,50.504,,1.2462,11.70752,-1.847027,25.04969,1,2020-07-21,10:39:48 10 Aug 2020,40000
2020,President,Trump,Biden,,27,0.0530875,2.465851,0.18445,0.81555,,0.8763893,0.8790693,0.6258227,0.9699317,45.31678,53.20031,,1.482911,39.65917,47.50169,,0.7658376,51.01354,58.87287,,2.298502,-7.883523,-19.21302,3.488043,1,2020-07-21,10:39:48 10 Aug 2020,40000
2020,President,Trump,Biden,,29,0.0014125,0.0711145,0.8423,0.1577,,0.3051466,0.9917565,0.9950639,0.2115944,54.16038,44.36224,,1.477383,47.81692,38.11617,,0.7630494,60.40753,50.70744,,2.289801,9.798136,-2.857805,22.23372,1,2020-07-21,10:39:48 10 Aug 2020,40000
2020,President,Trump,Biden,,56,6.25e-05,0.0299096,0.9962,0.0038,,0.2591598,0.9671053,0.9995161,0.0049719,68.18369,28.33711,,3.479201,60.44444,20.94651,,1.756219,75.71608,35.96717,,5.462976,39.84658,24.6906,54.64864,1,2020-07-21,10:39:48 10 Aug 2020,40000
2020,President,Trump,Biden,,42,0.1786875,4.052033,0.246925,0.753075,,0.8666599,0.9388839,0.828494,0.9565718,46.83833,52.39923,,0.7624395,41.52999,47.08902,,0.3996187,52.14845,57.72123,,1.170696,-5.560899,-16.15828,5.047266,1,2020-07-21,10:39:48 10 Aug 2020,40000
2020,President,Trump,Biden,,30,0.000675,0.1835973,0.8619,0.1381,,0.2966121,0.9802679,0.9897406,0.1831496,54.97706,42.81106,,2.211877,47.73053,35.58853,,1.130796,62.19661,50.05869,,3.448962,12.166,-2.220602,26.51663,1,2020-07-21,10:39:48 10 Aug 2020,40000
2020,President,Trump,Biden,,55,0.08905,4.144907,0.2936,0.7064,,0.7651567,0.9507008,0.8697251,0.9085774,47.00389,51.95223,,1.043876,41.05648,46.05325,,0.5434762,52.90989,57.89697,,1.609837,-4.948335,-16.80466,6.846605,1,2020-07-21,10:39:48 10 Aug 2020,40000
2020,President,Trump,Biden,,54,5e-05,0.0101633,0.9895,0.0105,,0.2607883,0.9738095,0.9990321,0.0138335,65.70884,32.41913,,1.872035,57.63485,24.55583,,0.9611743,73.597,40.46963,,2.911948,33.28971,17.1631,48.97566,1,2020-07-21,10:39:48 10 Aug 2020,40000
2020,President,Trump,Biden,,53,0.0018375,0.0741233,0.0197,0.9803,,0.8362944,0.7507396,0.0637824,0.9956707,37.51894,60.20405,,2.277015,30.94391,53.55526,,1.163195,44.15951,66.86032,,3.552095,-22.68511,-35.85124,-9.447302,1,2020-07-21,10:39:48 10 Aug 2020,40000
2020,President,Trump,Biden,,51,0.0254,0.8554683,0.090225,0.909775,,0.9631477,0.8088813,0.3364305,0.9956031,44.05012,54.88395,,1.065931,38.90838,49.69926,,0.5547065,49.22236,60.03806,,1.644392,-10.83383,-21.1149,-0.506525,1,2020-07-21,10:39:48 10 Aug 2020,40000
2020,President,Trump,Biden,,50,0.0002375,0.10459,0.012175,0.987825,,0.7084189,0.7447169,0.0333914,0.9952648,31.31875,65.90835,,2.772898,22.64432,57.13193,,1.408922,40.06518,74.63815,,4.338743,-34.5896,-51.97113,-17.09449,1,2020-07-21,10:39:48 10 Aug 2020,40000
2020,President,Trump,Biden,,49,0.0006,0.0701584,0.9235,0.0765,,0.2780725,0.9800653,0.9941928,0.1014341,56.1115,40.5258,,3.362696,49.11787,33.73512,,1.699095,62.94094,47.4869,,5.277178,15.5857,1.774092,29.06323,1,2020-07-21,10:39:48 10 Aug 2020,40000
2020,President,Trump,Biden,,47,0.000625,0.03496,0.9336,0.0664,,0.2758141,0.9879518,0.9969028,0.0887506,57.5085,41.36724,,1.124264,50.73788,34.68036,,0.5843849,64.22566,48.14411,,1.735765,16.14126,2.599138,29.52825,1,2020-07-21,10:39:48 10 Aug 2020,40000
2020,President,Trump,Biden,,46,0.000225,0.0858524,0.94185,0.05815,,0.2726018,0.9733448,0.9939992,0.0765744,59.47681,38.99992,,1.523268,51.35995,30.92287,,0.7861547,67.594,47.13934,,2.361995,20.47689,4.220116,36.64805,1,2020-07-21,10:39:48 10 Aug 2020,40000
2020,President,Trump,Biden,,45,0.000625,0.0409363,0.871925,0.128075,,0.295811,0.997072,0.9985482,0.172766,54.32369,44.79235,,0.8839565,48.90096,39.38322,,0.4618701,59.72342,50.21896,,1.36005,9.531335,-1.314287,20.32486,1,2020-07-21,10:39:48 10 Aug 2020,40000
2020,President,Trump,Biden,,44,0.0012375,0.3701875,0.0356,0.9644,,0.8293539,0.7601618,0.1143051,0.9918149,37.51756,61.00999,,1.47245,29.5358,53.019,,0.7605614,45.49287,69.00705,,2.282035,-23.49244,-39.42215,-7.5361,1,2020-07-21,10:39:48 10 Aug 2020,40000
2020,President,Trump,Biden,,48,0.0143875,0.2142823,0.671925,0.328075,,0.3833017,0.9976377,0.9970964,0.4428059,51.39083,47.57534,,1.033829,45.64174,41.89724,,0.5383589,57.07618,53.35057,,1.594099,3.81548,-7.695208,15.17561,1,2020-07-21,10:39:48 10 Aug 2020,40000
2020,President,Trump,Biden,,41,0.0099625,0.672758,0.114225,0.885775,,0.7150361,0.7981711,0.3162021,0.9565041,41.57964,55.96505,,2.455312,34.00959,48.29839,,1.251755,49.23911,63.60726,,3.834597,-14.3854,-29.51935,0.8758564,1,2020-07-21,10:39:48 10 Aug 2020,40000
2020,President,Trump,Biden,,35,0.0094,1.645494,0.10365,0.89635,,0.8917028,0.8123222,0.3578204,0.9850842,42.93499,55.19454,,1.870468,36.64619,48.92593,,0.9603897,49.16759,61.52406,,2.909474,-12.25955,-24.8317,0.1771297,1,2020-07-21,10:39:48 10 Aug 2020,40000
2020,President,Trump,Biden,,40,0.000125,0.0124603,0.988125,0.011875,,0.2611259,0.9768421,0.9989353,0.0156937,63.04932,35.72762,,1.223065,56.25495,29.00549,,0.634518,69.77855,42.55252,,1.890638,27.32171,13.74719,40.78361,1,2020-07-21,10:39:48 10 Aug 2020,40000
2020,President,Trump,Biden,,32,0.0350125,4.071376,0.231975,0.768025,,0.8230413,0.9100615,0.7391599,0.9456132,45.77108,52.44753,,1.781395,39.84717,46.48027,,0.9157765,51.76587,58.41318,,2.768853,-6.676451,-18.50773,5.257015,1,2020-07-21,10:39:48 10 Aug 2020,40000
2020,President,Trump,Biden,,33,0.0174125,3.237185,0.304,0.696,,0.6995888,0.9318606,0.8233643,0.8774606,46.5042,52.4032,,1.0926,38.95545,44.86565,,0.56828,54.02743,59.9344,,1.686186,-5.899002,-20.92972,9.186642,1,2020-07-21,10:39:48 10 Aug 2020,40000
2020,President,Trump,Biden,,34,0.008325,0.3055729,0.052725,0.947275,,0.772404,0.7677549,0.1576655,0.9839342,40.43118,58.66353,,0.9052842,33.44375,51.68512,,0.4727738,47.41697,65.64453,,1.393318,-18.23235,-32.20448,-4.268698,1,2020-07-21,10:39:48 10 Aug 2020,40000
2020,President,Trump,Biden,,31,0.0,0.0,0.9786,0.0214,,0.2638974,0.9976636,0.9998064,0.0288845,58.96367,39.15297,,1.883362,52.95268,33.2074,,0.9658504,64.92746,45.17589,,2.933334,19.81071,7.809435,31.64531,1,2020-07-21,10:39:48 10 Aug 2020,40000
2020,President,Trump,Biden,,36,0.0021,0.0389852,0.007625,0.992375,,0.8459017,0.7436705,0.024971,0.9984441,36.83604,62.03201,,1.131946,30.8352,56.05656,,0.5882903,42.82198,68.01813,,1.747804,-25.19597,-37.16849,-13.27081,1,2020-07-21,10:39:48 10 Aug 2020,40000
2020,President,Trump,Biden,,37,0.0400875,1.141212,0.484375,0.515625,,0.5145807,0.9818182,0.9649632,0.6849083,49.4343,49.76895,,0.79675,43.86624,44.25774,,0.4172158,54.94474,55.34653,,1.224115,-0.3346477,-11.47066,10.67006,1,2020-07-21,10:39:48 10 Aug 2020,40000
2020,President,Trump,Biden,,38,5e-05,0.0226455,0.97905,0.02095,,0.2635718,0.9880669,0.9990321,0.0280051,60.70761,36.55931,,2.733078,53.56549,29.54523,,1.389258,67.75926,43.63607,,4.275429,24.14831,10.02292,38.09338,1,2020-07-21,10:39:48 10 Aug 2020,40000
2020,President,Trump,Biden,,39,0.0324125,0.810827,0.517975,0.482025,,0.4937014,0.9946061,0.9900309,0.6486167,49.65602,49.30544,,1.038548,43.93322,43.64657,,0.5407626,55.34014,55.0288,,1.60149,0.3505797,-11.10084,11.69161,1,2020-07-21,10:39:48 10 Aug 2020,40000
2020,President,Trump,Biden,,15,0.00055,0.1787726,0.011725,0.988275,,0.5586354,0.7516127,0.0262472,0.9931145,29.76776,68.57702,,1.655225,20.46231,59.07291,,0.8454999,39.26885,77.93143,,2.570725,-38.80926,-57.45094,-19.82172,1,2020-07-20,10:42:12 10 Aug 2020,40000
2020,President,Trump,Biden,,26,0.0859875,2.426893,0.179225,0.820775,,0.9298368,0.8963479,0.667802,0.9836219,45.41962,53.4192,,1.161173,39.80587,47.78573,,0.5979497,51.05771,59.03215,,1.794374,-7.999582,-19.19937,3.226616,1,2020-07-20,10:42:12 10 Aug 2020,40000
2020,President,Trump,Biden,,25,0.00055,0.023188,0.00885,0.99115,,0.8305085,0.7531151,0.029453,0.9979945,34.04649,64.17547,,1.778042,26.77573,56.80855,,0.9066667,41.39283,71.47787,,2.764176,-30.12897,-44.70008,-15.45845,1,2020-07-20,10:42:12 10 Aug 2020,40000
2020,President,Trump,Biden,,24,0.0004375,0.0207461,0.00355,0.99645,,0.8309859,0.7500125,0.0118213,0.9991978,35.52038,63.09053,,1.389095,29.83598,57.31484,,0.7124627,41.25309,68.7997,,2.152159,-27.57015,-38.91831,-16.07156,1,2020-07-20,10:42:12 10 Aug 2020,40000
2020,President,Trump,Biden,,23,0.0035625,0.6648875,0.22295,0.77705,,0.6892801,0.8741072,0.6158084,0.9081155,44.81434,53.84543,,1.340231,37.08212,46.10676,,0.6876274,52.5546,61.60596,,2.075708,-9.031091,-24.50533,6.422848,1,2020-07-20,10:42:12 10 Aug 2020,40000
2020,President,Trump,Biden,,22,0.002125,0.1461333,0.894775,0.105225,,0.2743148,0.9600855,0.9835705,0.1350692,57.23811,41.92953,,0.8323639,49.36013,34.162,,0.4316168,64.99574,49.77416,,1.280198,15.30858,-0.4176788,30.83769,1,2020-07-20,10:42:12 10 Aug 2020,40000
2020,President,Trump,Biden,,21,0.0002875,0.0202252,0.969775,0.030225,,0.2571731,0.9950372,0.9993989,0.0402099,59.94594,38.83553,,1.218524,53.2035,32.20993,,0.6268046,66.59172,45.57253,,1.884293,21.11041,7.660414,34.36881,1,2020-07-20,10:42:12 10 Aug 2020,40000
2020,President,Trump,Biden,,20,0.0002125,0.0242988,0.91805,0.08195,,0.27169,0.9984747,0.9994991,0.109399,55.74622,42.41878,,1.835001,49.59951,36.33269,,0.9349781,61.87575,48.51725,,2.853921,13.32745,1.169466,25.49216,1,2020-07-20,10:42:12 10 Aug 2020,40000
2020,President,Trump,Biden,,19,0.0045125,0.411787,0.624075,0.375925,,0.3982694,0.9972734,0.9959928,0.5012367,50.84651,47.77934,,1.374151,44.44995,41.38047,,0.7049676,57.25647,54.20306,,2.12866,3.067169,-9.762562,15.84567,1,2020-07-20,10:42:12 10 Aug 2020,40000
2020,President,Trump,Biden,,18,0.0004625,0.0225484,0.89665,0.10335,,0.2781464,0.9985486,0.9993989,0.1379771,55.11982,43.4013,,1.478882,49.13519,37.43196,,0.7574149,61.09221,49.34902,,2.293211,11.71852,-0.1905823,23.61054,1,2020-07-20,10:42:12 10 Aug 2020,40000
2020,President,Trump,Biden,,17,0.0052375,0.1331241,0.021875,0.978125,,0.832,0.7609201,0.0729313,0.9950866,38.6692,59.76483,,1.565972,32.38868,53.40908,,0.800934,45.01845,66.06619,,2.430121,-21.09563,-33.63281,-8.410044,1,2020-07-20,10:42:12 10 Aug 2020,40000
2020,President,Trump,Biden,,16,7.5e-05,0.0148921,0.982125,0.017875,,0.2538882,0.9888112,0.9991986,0.0236313,62.24342,34.57455,,3.18203,54.42418,26.9575,,1.598056,69.96638,42.32217,,4.990649,27.66887,12.1612,42.95628,1,2020-07-20,10:42:12 10 Aug 2020,40000
2020,President,Trump,Biden,,28,0.0020625,0.244059,0.865025,0.134975,,0.2826797,0.96203,0.9798638,0.1736079,55.31688,43.87943,,0.8036886,48.59551,37.2042,,0.4170399,61.99982,50.59306,,1.235499,11.43745,-1.997961,24.78734,1,2020-07-20,10:42:12 10 Aug 2020,40000
2020,President,Trump,Biden,,13,0.0114375,0.3796391,0.650625,0.349375,,0.3802113,0.9936315,0.9912843,0.4641353,51.06862,48.11555,,0.8158289,46.05931,43.10757,,0.4232129,56.08472,53.10815,,1.25443,2.953068,-7.021084,12.95801,1,2020-07-20,10:42:12 10 Aug 2020,40000
2020,President,Trump,Biden,,12,0.2774125,3.879029,0.28365,0.71635,,0.8042482,0.9692888,0.9141455,0.9283375,47.10733,52.06672,,0.8259597,41.43443,46.39241,,0.4283624,52.78574,57.75546,,1.270217,-4.959389,-16.3196,6.392818,1,2020-07-20,10:42:12 10 Aug 2020,40000
2020,President,Trump,Biden,,11,0.0,0.0,0.0,1.0,,,0.74795,0.0,1.0,6.076707,90.33317,,3.590127,2.246546,85.64525,,1.796846,10.23748,94.63409,,5.642069,-84.25646,-92.11668,-75.6927,1,2020-07-20,10:42:12 10 Aug 2020,40000
2020,President,Trump,Biden,,10,0.0001625,0.0521124,0.0054,0.9946,,0.9768519,0.7518852,0.021138,0.9998329,37.6705,61.14619,,1.183313,32.3187,55.77534,,0.6090932,43.03745,66.49318,,1.829066,-23.47569,-34.18528,-12.77649,1,2020-07-20,10:42:12 10 Aug 2020,40000
2020,President,Trump,Biden,,09,0.001975,0.1722165,0.032325,0.967675,,0.9218871,0.7703775,0.1194149,0.9966909,39.81836,59.23879,,0.9428437,33.38154,52.7132,,0.4876685,46.31367,65.7236,,1.452636,-19.42043,-32.33827,-6.410473,1,2020-07-20,10:42:12 10 Aug 2020,40000
2020,President,Trump,Biden,,08,0.0276875,1.345076,0.14795,0.85205,,0.8763096,0.8566105,0.5195352,0.975834,44.05482,54.05151,,1.893676,37.8801,47.85872,,0.9641273,50.27451,60.25774,,2.946483,-9.996685,-22.33605,2.333309,1,2020-07-20,10:42:12 10 Aug 2020,40000
2020,President,Trump,Biden,,06,0.0028625,0.028582,0.0054,0.9946,,0.8055556,0.7509803,0.0174314,0.9986296,34.88977,63.18049,,1.929743,28.59757,56.84135,,0.9820431,41.19877,69.48761,,3.003327,-28.29072,-40.84214,-15.67047,1,2020-07-20,10:42:12 10 Aug 2020,40000
2020,President,Trump,Biden,,05,0.0004875,0.0630405,0.904,0.096,,0.2748341,0.9882813,0.9955921,0.1268467,56.28669,42.06918,,1.644125,49.28978,35.17179,,0.8399614,63.20455,49.0236,,2.553249,14.21751,0.2838573,28.01794,1,2020-07-20,10:42:12 10 Aug 2020,40000
2020,President,Trump,Biden,,04,0.0388,1.966911,0.44835,0.55165,,0.5191257,0.9688208,0.9326788,0.7145531,48.70243,49.96794,,1.329636,42.38636,43.67769,,0.6826276,55.00735,56.27197,,2.058685,-1.265508,-13.87956,11.29933,1,2020-07-20,10:42:12 10 Aug 2020,40000
2020,President,Trump,Biden,,02,0.0021125,0.9611577,0.747,0.253,,0.3245984,0.9717391,0.971649,0.3286985,52.6444,45.09164,,2.26396,45.09576,37.6217,,1.147529,60.16253,52.66628,,3.531203,7.552763,-7.483049,22.44432,1,2020-07-20,10:42:12 10 Aug 2020,40000
2020,President,Trump,Biden,,01,0.0004,0.0263182,0.966725,0.033275,,0.2577258,0.9872276,0.9983971,0.04392,59.3151,39.90442,,0.7804835,52.98483,33.63643,,0.4052342,65.59695,46.22777,,1.199308,19.41068,6.775877,31.94264,1,2020-07-20,10:42:12 10 Aug 2020,40000
2020,President,Trump,Biden,,27,0.050925,2.370644,0.177325,0.822675,,0.8738192,0.882487,0.6209177,0.9706531,45.21497,53.30882,,1.476215,39.51136,47.58965,,0.7560813,50.93162,59.04438,,2.289026,-8.093851,-19.51469,3.287447,1,2020-07-20,10:42:12 10 Aug 2020,40000
2020,President,Trump,Biden,,29,0.0014375,0.0723822,0.837075,0.162925,,0.2968671,0.9934019,0.9957924,0.2163915,54.0146,44.51853,,1.466872,47.69564,38.2667,,0.7514091,60.25018,50.83635,,2.274364,9.496071,-3.116291,21.96102,1,2020-07-20,10:42:12 10 Aug 2020,40000
2020,President,Trump,Biden,,56,3.75e-05,0.0217907,0.996,0.004,,0.2504518,0.975,0.9995993,0.0052143,68.05772,28.46635,,3.475926,60.32343,21.02176,,1.741284,75.64319,36.07614,,5.459693,39.59137,24.4057,54.5165,1,2020-07-20,10:42:12 10 Aug 2020,40000
2020,President,Trump,Biden,,42,0.1758625,3.980901,0.23585,0.76415,,0.8660165,0.9383956,0.8184733,0.9587205,46.65927,52.58593,,0.7548036,41.34171,47.20806,,0.3921492,52.03304,57.90879,,1.159241,-5.926657,-16.54256,4.797167,1,2020-07-20,10:42:12 10 Aug 2020,40000
2020,President,Trump,Biden,,55,0.0891375,4.166505,0.28255,0.71745,,0.7631392,0.9513903,0.8640553,0.9125944,46.87397,52.0888,,1.037228,40.95622,46.08974,,0.5354202,52.88203,58.0287,,1.600225,-5.214832,-17.08126,6.750921,1,2020-07-20,10:42:12 10 Aug 2020,40000
2020,President,Trump,Biden,,54,8.75e-05,0.0196556,0.9889,0.0111,,0.2521489,0.981982,0.9991986,0.0145732,65.52168,32.61496,,1.863354,57.40233,24.69245,,0.9490606,73.47469,40.72113,,2.898609,32.90672,16.72034,48.77123,1,2020-07-20,10:42:12 10 Aug 2020,40000
2020,President,Trump,Biden,,53,0.001675,0.0661269,0.02055,0.97945,,0.8309003,0.7601205,0.0684232,0.9953874,37.38306,60.34956,,2.267386,30.75385,53.6541,,1.149221,44.08722,67.04108,,3.536619,-22.9665,-36.17621,-9.600752,1,2020-07-20,10:42:12 10 Aug 2020,40000
2020,President,Trump,Biden,,51,0.0257125,0.8675167,0.08735,0.91265,,0.9587865,0.8156193,0.3356041,0.9952202,43.9156,55.02441,,1.059995,38.74122,49.77839,,0.5469226,49.1404,60.21242,,1.635837,-11.10881,-21.46503,-0.6401463,1,2020-07-20,10:42:12 10 Aug 2020,40000
2020,President,Trump,Biden,,50,0.000325,0.1398465,0.011325,0.988675,,0.7130243,0.7532303,0.0323582,0.9956548,31.2068,66.02248,,2.770719,22.5087,57.07604,,1.396934,40.11212,74.77269,,4.335357,-34.81568,-52.1969,-17.03416,1,2020-07-20,10:42:12 10 Aug 2020,40000
2020,President,Trump,Biden,,49,0.000775,0.0906646,0.919075,0.080925,,0.2706254,0.9898054,0.996694,0.1070927,55.96191,40.69053,,3.347564,48.94126,33.79449,,1.678781,62.90824,47.71143,,5.254743,15.27138,1.370588,28.97492,1,2020-07-20,10:42:12 10 Aug 2020,40000
2020,President,Trump,Biden,,48,0.0149125,0.2247911,0.66035,0.33965,,0.3771485,0.9983071,0.9979964,0.4533391,51.30533,47.66683,,1.027839,45.6024,41.92712,,0.5306749,57.0598,53.3796,,1.58555,3.638506,-7.745148,15.13016,1,2020-07-20,10:42:12 10 Aug 2020,40000
2020,President,Trump,Biden,,47,0.0006875,0.0373827,0.929625,0.070375,,0.26785,0.9918295,0.9977961,0.0933217,57.3492,41.53753,,1.113267,50.55846,34.80442,,0.5738117,64.08993,48.33582,,1.719311,15.81167,2.248266,29.27418,1,2020-07-20,10:42:12 10 Aug 2020,40000
2020,President,Trump,Biden,,46,0.0003875,0.1429288,0.936375,0.063625,,0.2647977,0.9736739,0.9935884,0.0828264,59.25718,39.22051,,1.522316,51.01347,31.09367,,0.7791227,67.39745,47.46305,,2.361451,20.03667,3.597378,36.28511,1,2020-07-20,10:42:12 10 Aug 2020,40000
2020,President,Trump,Biden,,45,0.0005875,0.0372704,0.865525,0.134475,,0.2879755,0.9977691,0.9987978,0.1793903,54.21125,44.91202,,0.876732,48.75817,39.47708,,0.4541464,59.6457,50.3491,,1.349456,9.299234,-1.601694,20.13553,1,2020-07-20,10:42:12 10 Aug 2020,40000
2020,President,Trump,Biden,,44,0.000825,0.2513831,0.0349,0.9651,,0.8359599,0.7691431,0.1169104,0.992446,37.3712,61.15729,,1.471509,29.32105,53.0435,,0.7537281,45.47482,69.21241,,2.281641,-23.78609,-39.85751,-7.596241,1,2020-07-20,10:42:12 10 Aug 2020,40000
2020,President,Trump,Biden,,30,0.0009,0.2485465,0.855775,0.144225,,0.288861,0.9830127,0.9905831,0.1895514,54.8363,42.96807,,2.195626,47.5843,35.7466,,1.113757,62.09587,50.23693,,3.423146,11.86823,-2.58692,26.26202,1,2020-07-20,10:42:12 10 Aug 2020,40000
2020,President,Trump,Biden,,41,0.009075,0.6111822,0.10855,0.89145,,0.7197144,0.805177,0.3130635,0.9596564,41.41063,56.13513,,2.454248,33.7836,48.41891,,1.241364,49.11128,63.77234,,3.833112,-14.7245,-29.96696,0.6394844,1,2020-07-20,10:42:12 10 Aug 2020,40000
2020,President,Trump,Biden,,39,0.0342625,0.8602824,0.5019,0.4981,,0.4924786,0.9949307,0.9904829,0.6625777,49.52083,49.44727,,1.031902,43.76523,43.68781,,0.5327284,55.28175,55.18185,,1.5919,0.0735672,-11.38977,11.60067,1,2020-07-20,10:42:12 10 Aug 2020,40000
2020,President,Trump,Biden,,38,3.75e-05,0.0153169,0.9769,0.0231,,0.2553486,0.995671,0.9995993,0.0307507,60.52246,36.76283,,2.714713,53.28667,29.7135,,1.369448,67.65603,43.97531,,4.246501,23.75963,9.438469,37.82332,1,2020-07-20,10:42:12 10 Aug 2020,40000
2020,President,Trump,Biden,,37,0.042675,1.215449,0.461325,0.538675,,0.5212703,0.9826426,0.9636346,0.707701,49.19945,50.02628,,0.7742719,43.63853,44.46407,,0.4020708,54.75858,55.61435,,1.189614,-0.8268296,-11.97436,10.26891,1,2020-07-20,10:42:12 10 Aug 2020,40000
2020,President,Trump,Biden,,36,0.0018,0.0334782,0.0081,0.9919,,0.8364198,0.7527472,0.0271489,0.9982619,36.76789,62.10544,,1.126666,30.73121,56.01434,,0.5805694,42.8708,68.16176,,1.740311,-25.33754,-37.38731,-13.16642,1,2020-07-20,10:42:12 10 Aug 2020,40000
2020,President,Trump,Biden,,35,0.009075,1.579325,0.101125,0.898875,,0.8964154,0.8206647,0.3632539,0.9862624,42.82749,55.3094,,1.863106,36.57214,49.00712,,0.9489373,49.12014,61.57339,,2.898218,-12.48191,-24.95574,0.0695896,1,2020-07-20,10:42:12 10 Aug 2020,40000
2020,President,Trump,Biden,,34,0.008775,0.3189293,0.05235,0.94765,,0.7578797,0.7760513,0.1589862,0.9832543,40.34738,58.75195,,0.9006718,33.3426,51.67104,,0.4662904,47.4296,65.76163,,1.386804,-18.40456,-32.41171,-4.260452,1,2020-07-20,10:42:12 10 Aug 2020,40000
2020,President,Trump,Biden,,33,0.0162875,3.016583,0.294925,0.705075,,0.6877172,0.9314258,0.812763,0.8780333,46.32383,52.59019,,1.085976,38.7949,45.03246,,0.5600412,53.88669,60.15122,,1.676541,-6.266358,-21.34388,8.85285,1,2020-07-20,10:42:12 10 Aug 2020,40000
2020,President,Trump,Biden,,32,0.0358625,4.186803,0.22625,0.77375,,0.8203315,0.9151211,0.7437387,0.9466876,45.63132,52.59468,,1.774001,39.66312,46.55397,,0.9046571,51.67983,58.56869,,2.75781,-6.963361,-18.88363,5.094404,1,2020-07-20,10:42:12 10 Aug 2020,40000
2020,President,Trump,Biden,,31,1.25e-05,0.0025942,0.975025,0.024975,,0.2558396,0.995996,0.9995993,0.0332576,58.79361,39.32671,,1.879679,52.7449,33.30553,,0.9554901,64.8225,45.3723,,2.929106,19.46691,7.393417,31.4416,1,2020-07-20,10:42:12 10 Aug 2020,40000
2020,President,Trump,Biden,,40,0.0001,0.0100919,0.986875,0.013125,,0.2527676,0.9904762,0.9995993,0.0173808,62.89354,35.89315,,1.21331,56.0361,29.16161,,0.624182,69.65013,42.74687,,1.876119,27.00038,13.34321,40.49258,1,2020-07-20,10:42:12 10 Aug 2020,40000
2020,President,Trump,Biden,,22,0.00205,0.1419606,0.898875,0.101125,,0.2808233,0.9579728,0.9837295,0.1307708,57.30603,41.87413,,0.8198429,49.56898,34.15408,,0.4241852,65.0107,49.63616,,1.269284,15.4319,-0.0827255,30.84959,1,2020-07-19,10:44:46 10 Aug 2020,40000
2020,President,Trump,Biden,,18,0.0006,0.0307433,0.89705,0.10295,,0.2858258,0.9978145,0.9992206,0.1386677,55.14243,43.39397,,1.463598,49.17583,37.51356,,0.7487895,61.01487,49.36452,,2.28282,11.74847,-0.1750755,23.48891,1,2020-07-19,10:44:46 10 Aug 2020,40000
2020,President,Trump,Biden,,19,0.0049375,0.4485415,0.6269,0.3731,,0.4078402,0.9973868,0.9963952,0.5023286,50.88493,47.75526,,1.359804,44.52264,41.40833,,0.6967499,57.23463,54.11316,,2.119131,3.129665,-9.564934,15.80188,1,2020-07-19,10:44:46 10 Aug 2020,40000
2020,President,Trump,Biden,,20,0.00015,0.0174088,0.918275,0.081725,,0.2792192,0.9975528,0.9992206,0.1100499,55.77574,42.40859,,1.815671,49.63674,36.38017,,0.924571,61.83044,48.54281,,2.840394,13.36714,1.123598,25.3653,1,2020-07-19,10:44:46 10 Aug 2020,40000
2020,President,Trump,Biden,,21,0.000175,0.0127034,0.974425,0.025575,,0.2630526,0.9892473,0.9989283,0.0341523,59.9921,38.79721,,1.210697,53.33764,32.19523,,0.621773,66.60362,45.44878,,1.883947,21.19489,7.90675,34.40662,1,2020-07-19,10:44:46 10 Aug 2020,40000
2020,President,Trump,Biden,,27,0.0514875,2.39689,0.184725,0.815275,,0.864393,0.8786606,0.622272,0.9669951,45.41687,53.22205,,1.361072,39.72946,47.53272,,0.6973866,51.11028,58.86863,,2.12113,-7.805183,-19.09976,3.564819,1,2020-07-19,10:44:46 10 Aug 2020,40000
2020,President,Trump,Biden,,23,0.0041375,0.7760593,0.224325,0.775675,,0.6947509,0.8674058,0.6073655,0.9082411,44.85397,53.81871,,1.327321,37.17292,46.15866,,0.6805993,52.53022,61.51479,,2.068408,-8.964746,-24.29317,6.345194,1,2020-07-19,10:44:46 10 Aug 2020,40000
2020,President,Trump,Biden,,24,0.0004625,0.0238327,0.003225,0.996775,,0.7829458,0.7424945,0.0098402,0.9990551,35.52962,63.0981,,1.372281,29.85978,57.38551,,0.7030144,41.2355,68.80702,,2.1388,-27.56849,-38.95072,-16.17581,1,2020-07-19,10:44:46 10 Aug 2020,40000
2020,President,Trump,Biden,,25,0.0005375,0.0225819,0.008825,0.991175,,0.8186969,0.7457815,0.0281567,0.9978402,34.15171,64.3419,,1.506395,26.83252,56.97429,,0.7702184,41.54266,71.66861,,2.350455,-30.19019,-44.79321,-15.4734,1,2020-07-19,10:44:46 10 Aug 2020,40000
2020,President,Trump,Biden,,26,0.0726375,2.050054,0.1689,0.8311,,0.9367969,0.878715,0.6166212,0.9858261,45.28138,53.55593,,1.162679,39.72102,47.94112,,0.5975813,50.88266,59.09198,,1.808258,-8.274552,-19.34431,2.914915,1,2020-07-19,10:44:46 10 Aug 2020,40000
2020,President,Trump,Biden,,16,8.75e-05,0.0162569,0.983525,0.016475,,0.2606187,0.983308,0.9989283,0.0218683,62.31267,34.5612,,3.126128,54.50571,26.96648,,1.57109,69.95297,42.25994,,4.929074,27.75147,12.45501,42.86751,1,2020-07-19,10:44:46 10 Aug 2020,40000
2020,President,Trump,Biden,,17,0.004575,0.1163256,0.02045,0.97955,,0.8410758,0.7529733,0.0670304,0.9956466,38.70183,59.75752,,1.540653,32.41415,53.41608,,0.7873481,45.02118,66.06695,,2.404602,-21.05569,-33.62931,-8.447903,1,2020-07-19,10:44:46 10 Aug 2020,40000
2020,President,Trump,Biden,,09,0.0015625,0.1356333,0.0325,0.9675,,0.9184616,0.7629457,0.1163289,0.9964228,39.86693,59.20586,,0.9272115,33.43406,52.74091,,0.4786273,46.33723,65.63934,,1.437793,-19.33893,-32.21284,-6.408516,1,2020-07-19,10:44:46 10 Aug 2020,40000
2020,President,Trump,Biden,,15,0.0002375,0.0777495,0.01105,0.98895,,0.6108598,0.7447546,0.0263055,0.9942292,29.79357,68.57856,,1.627876,20.57595,59.1343,,0.8309215,39.2164,77.80487,,2.542684,-38.78499,-57.21167,-19.88921,1,2020-07-19,10:44:46 10 Aug 2020,40000
2020,President,Trump,Biden,,13,0.011725,0.3863423,0.654525,0.345475,,0.3889462,0.9940661,0.9921083,0.4635867,51.10392,48.08452,,0.8115623,46.10479,43.1088,,0.4199811,56.07789,53.07934,,1.256328,3.019392,-6.95332,12.96594,1,2020-07-19,10:44:46 10 Aug 2020,40000
2020,President,Trump,Biden,,12,0.2723125,3.800525,0.3066,0.6934,,0.7818004,0.9749063,0.9341387,0.912527,47.40571,51.767,,0.8272852,41.79819,46.15012,,0.4279628,53.02258,57.37336,,1.280931,-4.361289,-15.57761,6.857965,1,2020-07-19,10:44:46 10 Aug 2020,40000
2020,President,Trump,Biden,,11,0.0,0.0,0.0,1.0,,,0.7408,0.0,1.0,6.10229,90.35613,,3.541576,2.255434,85.73137,,1.774105,10.24475,94.64927,,5.594446,-84.25385,-92.16374,-75.77029,1,2020-07-19,10:44:46 10 Aug 2020,40000
2020,President,Trump,Biden,,10,0.000125,0.0377682,0.004725,0.995275,,0.973545,0.7441913,0.0179267,0.9998313,37.70427,61.12813,,1.167604,32.4214,55.81586,,0.6000639,43.04213,66.42286,,1.81602,-23.42386,-33.96746,-12.80151,1,2020-07-19,10:44:46 10 Aug 2020,40000
2020,President,Trump,Biden,,08,0.026525,1.293042,0.147275,0.852725,,0.8844,0.8491014,0.5075994,0.9773893,44.11192,54.02223,,1.865849,37.97958,47.90211,,0.9495019,50.20549,60.14234,,2.919952,-9.910304,-22.11402,2.244497,1,2020-07-19,10:44:46 10 Aug 2020,40000
2020,President,Trump,Biden,,06,0.0024875,0.0248701,0.005725,0.994275,,0.8122271,0.7440094,0.0181216,0.9985826,34.91908,63.17056,,1.910361,28.68244,56.86665,,0.9716077,41.21603,69.42792,,2.990579,-28.25149,-40.68513,-15.7053,1,2020-07-19,10:44:46 10 Aug 2020,40000
2020,President,Trump,Biden,,05,0.000725,0.0901088,0.90405,0.09595,,0.2826724,0.9885357,0.995908,0.1280373,56.28314,42.08775,,1.629112,49.32111,35.17513,,0.8315381,63.21686,49.06718,,2.544644,14.19539,0.2805729,28.01503,1,2020-07-19,10:44:46 10 Aug 2020,40000
2020,President,Trump,Biden,,04,0.0374125,1.89662,0.451725,0.548275,,0.5314627,0.9688569,0.9356002,0.7170627,48.75566,49.92391,,1.320427,42.43916,43.65786,,0.6769701,55.0418,56.22043,,2.057049,-1.168247,-13.74502,11.36498,1,2020-07-19,10:44:46 10 Aug 2020,40000
2020,President,Trump,Biden,,02,0.00245,1.088195,0.749375,0.250625,,0.3330775,0.9716708,0.9727202,0.3287325,52.68278,45.06858,,2.248648,45.28267,37.70314,,1.139229,60.0538,52.47812,,3.528477,7.614199,-7.094559,22.28886,1,2020-07-19,10:44:46 10 Aug 2020,40000
2020,President,Trump,Biden,,01,0.0004375,0.0298461,0.96975,0.03025,,0.2637278,0.9702479,0.9966875,0.0396193,59.3308,39.8936,,0.7756046,53.03875,33.66928,,0.4017134,65.54887,46.17429,,1.20008,19.4372,6.858143,31.86106,1,2020-07-19,10:44:46 10 Aug 2020,40000
2020,President,Trump,Biden,,28,0.001575,0.1854782,0.865575,0.134425,,0.2909627,0.9641064,0.9814887,0.174946,55.31239,43.88953,,0.7980783,48.64371,37.25526,,0.4131331,61.9286,50.56318,,1.235232,11.42286,-1.914543,24.68041,1,2020-07-19,10:44:46 10 Aug 2020,40000
2020,President,Trump,Biden,,29,0.00155,0.0779607,0.83835,0.16165,,0.3047355,0.9930405,0.9956157,0.2166914,54.01909,44.52892,,1.451998,47.76525,38.31354,,0.742976,60.24905,50.82692,,2.264518,9.490171,-3.05694,21.92499,1,2020-07-19,10:44:46 10 Aug 2020,40000
2020,President,Trump,Biden,,35,0.0102,1.785886,0.1018,0.8982,,0.9054519,0.8142952,0.3592167,0.987311,42.86125,55.30239,,1.836359,36.63776,49.0205,,0.9348535,49.15007,61.56918,,2.873192,-12.44114,-24.84845,0.1106415,1,2020-07-19,10:44:46 10 Aug 2020,40000
2020,President,Trump,Biden,,30,0.0008,0.2187524,0.857275,0.142725,,0.2966376,0.9837099,0.9910367,0.1895248,54.88224,42.93348,,2.184271,47.63295,35.79054,,1.107381,62.04559,50.18297,,3.42604,11.94876,-2.526955,26.19711,1,2020-07-19,10:44:46 10 Aug 2020,40000
2020,President,Trump,Biden,,44,0.0009375,0.2838824,0.035925,0.964075,,0.8357689,0.7623888,0.1170109,0.9921706,37.46247,61.09056,,1.446971,29.46392,52.96334,,0.7404562,45.59581,69.08138,,2.256588,-23.6281,-39.57556,-7.357553,1,2020-07-19,10:44:46 10 Aug 2020,40000
2020,President,Trump,Biden,,56,1.25e-05,0.0074346,0.996675,0.003325,,0.2573306,0.962406,0.9995129,0.0043197,68.13129,28.45224,,3.416473,60.45908,21.05605,,1.713103,75.67581,36.06502,,5.394097,39.67905,24.54053,54.43328,1,2020-07-19,10:44:46 10 Aug 2020,40000
2020,President,Trump,Biden,,55,0.0973125,4.559077,0.28165,0.71835,,0.7773833,0.9461265,0.8532736,0.9174541,46.86076,52.11035,,1.02889,40.95269,46.21107,,0.5300721,52.74405,58.00798,,1.5978,-5.249594,-17.02863,6.525486,1,2020-07-19,10:44:46 10 Aug 2020,40000
2020,President,Trump,Biden,,54,5e-05,0.0089729,0.9892,0.0108,,0.2591488,0.9768519,0.9990257,0.0142414,65.5459,32.60759,,1.846507,57.47076,24.78044,,0.9398949,73.42432,40.65865,,2.88928,32.93831,16.83104,48.62254,1,2020-07-19,10:44:46 10 Aug 2020,40000
2020,President,Trump,Biden,,53,0.0014,0.054853,0.0181,0.9819,,0.839779,0.7515277,0.0592362,0.9961191,37.42282,60.34104,,2.236142,30.87282,53.66549,,1.133041,44.07951,66.93106,,3.508574,-22.91822,-35.96959,-9.64666,1,2020-07-19,10:44:46 10 Aug 2020,40000
2020,President,Trump,Biden,,51,0.024475,0.8235424,0.084675,0.915325,,0.9589607,0.8055882,0.3164458,0.9953766,43.9475,55.00322,,1.049281,38.80849,49.85802,,0.5403736,49.10705,60.11804,,1.629839,-11.05571,-21.30307,-0.7395496,1,2020-07-19,10:44:46 10 Aug 2020,40000
2020,President,Trump,Biden,,50,0.00035,0.1485101,0.0118,0.9882,,0.7033898,0.7461546,0.0323461,0.9953429,31.2574,66.01971,,2.722887,22.60589,57.16847,,1.373169,40.06413,74.75267,,4.284468,-34.76231,-52.09348,-17.227,1,2020-07-19,10:44:46 10 Aug 2020,40000
2020,President,Trump,Biden,,31,2.5e-05,0.0036988,0.977325,0.022675,,0.2624511,0.9955899,0.9996103,0.0304738,58.8539,39.29551,,1.850595,52.83759,33.3694,,0.9409571,64.80779,45.30782,,2.898343,19.55839,7.568144,31.3955,1,2020-07-19,10:44:46 10 Aug 2020,40000
2020,President,Trump,Biden,,48,0.0151,0.2267651,0.6663,0.3337,,0.3843239,0.9984267,0.997954,0.4497503,51.35809,47.61672,,1.025193,45.63618,41.90237,,0.5282034,57.1035,53.33833,,1.591983,3.74137,-7.679108,15.19706,1,2020-07-19,10:44:46 10 Aug 2020,40000
2020,President,Trump,Biden,,47,0.0007,0.0376965,0.931725,0.068275,,0.2745714,0.9879165,0.9969797,0.0910502,57.36229,41.53325,,1.104461,50.66232,34.87733,,0.568228,64.05283,48.23407,,1.71655,15.82905,2.467495,29.13789,1,2020-07-19,10:44:46 10 Aug 2020,40000
2020,President,Trump,Biden,,46,0.0004125,0.1545787,0.938825,0.061175,,0.2715895,0.9730282,0.9936672,0.0803523,59.32164,39.18161,,1.496757,51.17698,31.15636,,0.7653973,67.35719,47.30543,,2.335212,20.14003,3.936083,36.23354,1,2020-07-19,10:44:46 10 Aug 2020,40000
2020,President,Trump,Biden,,45,0.000725,0.0462242,0.86165,0.13835,,0.2971624,0.9958439,0.9978566,0.1859814,54.15149,44.97068,,0.8778232,48.70296,39.5704,,0.4535943,59.54929,50.38335,,1.360186,9.180807,-1.662548,19.97458,1,2020-07-19,10:44:46 10 Aug 2020,40000
2020,President,Trump,Biden,,49,0.000525,0.0601318,0.9255,0.0745,,0.2759319,0.9828859,0.995226,0.0988458,56.026,40.66343,,3.310574,49.18905,33.91821,,1.661355,62.83564,47.45977,,5.224507,15.36257,1.881351,28.76644,1,2020-07-19,10:44:46 10 Aug 2020,40000
2020,President,Trump,Biden,,42,0.1825,4.133589,0.2404,0.7596,,0.8653286,0.9336164,0.8106976,0.9573097,46.75988,52.49369,,0.7464339,41.45291,47.173,,0.3868792,52.07064,57.79883,,1.154472,-5.733808,-16.34618,4.876419,1,2020-07-19,10:44:46 10 Aug 2020,40000
2020,President,Trump,Biden,,40,5e-05,0.005303,0.9879,0.0121,,0.2595151,0.9793388,0.9991232,0.0159962,62.88602,35.91051,,1.203459,56.10296,29.23616,,0.6181281,69.59454,42.68593,,1.872535,26.97551,13.41218,40.32898,1,2020-07-19,10:44:46 10 Aug 2020,40000
2020,President,Trump,Biden,,39,0.0365625,0.9169456,0.5072,0.4928,,0.5009365,0.9947748,0.9901598,0.6617508,49.54857,49.42934,,1.022083,43.78781,43.70889,,0.5266317,55.27165,55.19394,,1.587092,0.1192253,-11.36434,11.54467,1,2020-07-19,10:44:46 10 Aug 2020,40000
2020,President,Trump,Biden,,38,2.5e-05,0.0096102,0.9777,0.0223,,0.2623248,0.9943946,0.9995129,0.0299339,60.55916,36.74664,,2.694203,53.43533,29.73011,,1.35906,67.62986,43.81501,,4.238697,23.81253,9.708723,37.78177,1,2020-07-19,10:44:46 10 Aug 2020,40000
2020,President,Trump,Biden,,37,0.0462625,1.313648,0.465175,0.534825,,0.528887,0.9795728,0.958788,0.7072084,49.23744,49.99414,,0.768421,43.72281,44.46434,,0.3980616,54.76105,55.5123,,1.188847,-0.7566977,-11.7771,10.299,1,2020-07-19,10:44:46 10 Aug 2020,40000
2020,President,Trump,Biden,,36,0.0027625,0.0513263,0.007525,0.992475,,0.8471761,0.7452581,0.0248441,0.9984476,36.78558,62.10352,,1.110902,30.76915,56.00044,,0.5714772,42.86624,68.12929,,1.726693,-25.31794,-37.3475,-13.17471,1,2020-07-19,10:44:46 10 Aug 2020,40000
2020,President,Trump,Biden,,34,0.008075,0.2940184,0.051975,0.948025,,0.7772968,0.7692835,0.1574435,0.9844763,40.39122,58.71858,,0.8902042,33.37917,51.66092,,0.459871,47.44145,65.72462,,1.379618,-18.32736,-32.32195,-4.20208,1,2020-07-19,10:44:46 10 Aug 2020,40000
2020,President,Trump,Biden,,33,0.0168,3.110281,0.293175,0.706825,,0.7048691,0.9267145,0.805339,0.884213,46.32794,52.60064,,1.071422,38.8784,45.17633,,0.5515547,53.76837,60.075,,1.664613,-6.272693,-21.15507,8.577478,1,2020-07-19,10:44:46 10 Aug 2020,40000
2020,President,Trump,Biden,,32,0.0341625,3.970527,0.226225,0.773775,,0.8236269,0.9065297,0.7261302,0.9468818,45.68557,52.56513,,1.749299,39.68463,46.60192,,0.8915162,51.66494,58.55368,,2.735207,-6.879559,-18.81828,5.048885,1,2020-07-19,10:44:46 10 Aug 2020,40000
2020,President,Trump,Biden,,41,0.0094,0.6300192,0.107075,0.892925,,0.7361662,0.7982473,0.3071902,0.9621693,41.46241,56.12838,,2.409209,33.89698,48.48494,,1.218585,49.06587,63.69209,,3.784276,-14.66597,-29.6977,0.4912663,1,2020-07-19,10:44:46 10 Aug 2020,40000
2020,President,Trump,Biden,,21,0.0002125,0.0151013,0.9726,0.0274,,0.2686099,0.9963503,0.9996174,0.0371126,60.0169,38.77067,,1.212425,53.31952,32.11161,,0.6193061,66.7346,45.47986,,1.885059,21.24623,7.84568,34.59927,1,2020-07-18,10:45:11 10 Aug 2020,40000
2020,President,Trump,Biden,,17,0.0050375,0.1276222,0.0223,0.9777,,0.867713,0.7494886,0.0740386,0.9961596,38.71327,59.74079,,1.545937,32.40974,53.35428,,0.785656,45.07623,66.03535,,2.41104,-21.02752,-33.60822,-8.349117,1,2020-07-18,10:45:11 10 Aug 2020,40000
2020,President,Trump,Biden,,18,0.0003875,0.019505,0.897375,0.102625,,0.2910155,0.9980512,0.9992347,0.1392401,55.17532,43.35722,,1.467465,49.1743,37.43386,,0.7466143,61.11199,49.34464,,2.28703,11.81811,-0.1648102,23.64307,1,2020-07-18,10:45:11 10 Aug 2020,40000
2020,President,Trump,Biden,,19,0.0048,0.4374934,0.625825,0.374175,,0.4158511,0.9967262,0.9957911,0.5070011,50.89072,47.74638,,1.362901,44.49763,41.41614,,0.6944708,57.24843,54.14091,,2.122077,3.144338,-9.620579,15.79577,1,2020-07-18,10:45:11 10 Aug 2020,40000
2020,President,Trump,Biden,,20,0.0001375,0.0163037,0.918025,0.081975,,0.2844966,0.9978652,0.9993304,0.1112017,55.78688,42.39267,,1.820446,49.61743,36.29842,,0.9218088,61.92679,48.52421,,2.84568,13.39421,1.141405,25.56532,1,2020-07-18,10:45:11 10 Aug 2020,40000
2020,President,Trump,Biden,,26,0.0731625,2.064915,0.172025,0.827975,,0.9373637,0.8758417,0.6169887,0.9858279,45.28898,53.54632,,1.164696,39.64206,47.92988,,0.5954312,50.91455,59.18986,,1.809933,-8.257339,-19.51964,2.973181,1,2020-07-18,10:45:11 10 Aug 2020,40000
2020,President,Trump,Biden,,22,0.001625,0.1153824,0.89895,0.10105,,0.2862784,0.9599208,0.9846948,0.1318651,57.3256,41.85209,,0.8223131,49.54839,34.14509,,0.4232796,65.04745,49.62714,,1.271898,15.47351,-0.087574,30.8891,1,2020-07-18,10:45:11 10 Aug 2020,40000
2020,President,Trump,Biden,,23,0.003875,0.7261207,0.2264,0.7736,,0.704174,0.8648526,0.6100057,0.9095296,44.89024,53.77963,,1.330123,37.1525,46.02071,,0.6778802,52.62942,61.50926,,2.07086,-8.889388,-24.33391,6.60524,1,2020-07-18,10:45:11 10 Aug 2020,40000
2020,President,Trump,Biden,,24,0.000525,0.026903,0.0035,0.9965,,0.8,0.7374812,0.0107136,0.9990484,35.52655,63.09788,,1.375569,29.81768,57.31931,,0.7007954,41.29195,68.8042,,2.142055,-27.57132,-38.95642,-16.07293,1,2020-07-18,10:45:11 10 Aug 2020,40000
2020,President,Trump,Biden,,25,0.0008875,0.0376415,0.0085,0.9915,,0.8558823,0.7406707,0.0278362,0.9983347,34.16217,64.32751,,1.510317,26.8605,56.92938,,0.767941,41.55441,71.61368,,2.354742,-30.16535,-44.73444,-15.38348,1,2020-07-18,10:45:11 10 Aug 2020,40000
2020,President,Trump,Biden,,15,0.000425,0.1340147,0.0104,0.9896,,0.5913461,0.7390865,0.0235317,0.9942904,29.73289,68.63351,,1.633592,20.52122,59.00615,,0.8292035,39.32566,77.8472,,2.549693,-38.90062,-57.28159,-19.69201,1,2020-07-18,10:45:11 10 Aug 2020,40000
2020,President,Trump,Biden,,16,0.0002,0.0372038,0.982125,0.017875,,0.2658266,0.9846154,0.9989478,0.023926,62.33187,34.52981,,3.138317,54.52917,26.82681,,1.568261,70.14845,42.2897,,4.944121,27.80207,12.34919,43.20284,1,2020-07-18,10:45:11 10 Aug 2020,40000
2020,President,Trump,Biden,,28,0.0018125,0.2184111,0.866725,0.133275,,0.2963743,0.9660476,0.9828774,0.1750272,55.30298,43.89772,,0.7992927,48.60973,37.31055,,0.4116438,61.90292,50.58204,,1.235846,11.40526,-1.938854,24.56653,1,2020-07-18,10:45:11 10 Aug 2020,40000
2020,President,Trump,Biden,,13,0.0121625,0.3986527,0.654775,0.345225,,0.3963957,0.9946412,0.9931127,0.4667958,51.11299,48.07431,,0.8127025,46.12511,43.09367,,0.4184229,56.11202,53.0563,,1.256853,3.038688,-6.922953,13.02792,1,2020-07-18,10:45:11 10 Aug 2020,40000
2020,President,Trump,Biden,,12,0.2713,3.7974,0.310025,0.689975,,0.7916297,0.9760861,0.9390664,0.9155451,47.41549,51.75606,,0.8284467,41.76299,46.15271,,0.4263785,53.02456,57.40846,,1.281512,-4.340565,-15.61673,6.858133,1,2020-07-18,10:45:11 10 Aug 2020,40000
2020,President,Trump,Biden,,11,2.5e-05,0.00904,2.5e-05,0.999975,,0.0,0.7355934,0.0,0.999966,6.061773,90.38532,,3.552905,2.209549,85.63995,,1.769538,10.28577,94.70941,,5.607191,-84.32355,-92.24405,-75.66287,1,2020-07-18,10:45:11 10 Aug 2020,40000
2020,President,Trump,Biden,,10,0.0001125,0.0331102,0.004825,0.995175,,0.9792746,0.739066,0.0180792,0.999864,37.71005,61.11892,,1.171031,32.37394,55.74429,,0.5986015,43.08281,66.48605,,1.819906,-23.40887,-34.088,-12.695,1,2020-07-18,10:45:11 10 Aug 2020,40000
2020,President,Trump,Biden,,09,0.0019,0.1675872,0.032475,0.967525,,0.9268668,0.7578616,0.1151712,0.9968053,39.88312,59.18694,,0.9299371,33.38108,52.73938,,0.4775692,46.3219,65.6972,,1.440678,-19.30382,-32.31528,-6.438198,1,2020-07-18,10:45:11 10 Aug 2020,40000
2020,President,Trump,Biden,,08,0.0269375,1.31332,0.15015,0.84985,,0.8846154,0.8455904,0.5082265,0.9769236,44.0997,54.02756,,1.872732,37.93131,47.83287,,0.9476746,50.31177,60.21495,,2.928587,-9.927856,-22.24227,2.432766,1,2020-07-18,10:45:11 10 Aug 2020,40000
2020,President,Trump,Biden,,06,0.0032375,0.032279,0.0061,0.9939,,0.7581967,0.7386307,0.0176966,0.9979948,34.90884,63.17594,,1.915221,28.6483,56.79634,,0.9686816,41.25302,69.49919,,2.995986,-28.2671,-40.78183,-15.59729,1,2020-07-18,10:45:11 10 Aug 2020,40000
2020,President,Trump,Biden,,05,0.000475,0.0612914,0.9036,0.0964,,0.2880699,0.9891079,0.9959824,0.1296221,56.32069,42.04639,,1.632915,49.29524,35.1336,,0.8288675,63.26527,49.06046,,2.548621,14.27429,0.2356892,28.12716,1,2020-07-18,10:45:11 10 Aug 2020,40000
2020,President,Trump,Biden,,04,0.0392125,1.989317,0.45365,0.54635,,0.538576,0.9677405,0.9348575,0.718767,48.74365,49.93389,,1.322458,42.44886,43.63989,,0.6742702,55.03264,56.26036,,2.058315,-1.190235,-13.7971,11.36053,1,2020-07-18,10:45:11 10 Aug 2020,40000
2020,President,Trump,Biden,,02,0.0023625,1.068039,0.747175,0.252825,,0.3392445,0.9681598,0.969868,0.3327556,52.66481,45.08384,,2.251354,45.16836,37.6151,,1.134418,60.155,52.55061,,3.530122,7.580963,-7.29982,22.41932,1,2020-07-18,10:45:11 10 Aug 2020,40000
2020,President,Trump,Biden,,01,0.0003125,0.0205674,0.9685,0.0315,,0.2692308,0.9809524,0.9977042,0.0420065,59.33884,39.88469,,0.7764705,53.02651,33.64148,,0.400107,65.57448,46.21009,,1.200105,19.45414,6.816481,31.93336,1,2020-07-18,10:45:11 10 Aug 2020,40000
2020,President,Trump,Biden,,27,0.0528875,2.461787,0.1909,0.8091,,0.8617077,0.8771784,0.6294242,0.9648246,45.43565,53.19886,,1.365498,39.7139,47.48264,,0.6957676,51.16663,58.91134,,2.126173,-7.763207,-19.18814,3.66927,1,2020-07-18,10:45:11 10 Aug 2020,40000
2020,President,Trump,Biden,,56,2.5e-05,0.0150228,0.996,0.004,,0.2621737,0.94375,0.9991391,0.0051319,68.13284,28.43757,,3.429594,60.31213,20.92232,,1.709798,75.8272,36.12007,,5.409917,39.69527,24.30171,54.77853,1,2020-07-18,10:45:11 10 Aug 2020,40000
2020,President,Trump,Biden,,29,0.0013875,0.0707919,0.83705,0.16295,,0.3109133,0.9932495,0.9957911,0.2200245,54.03435,44.50998,,1.455674,47.7338,38.23168,,0.7407435,60.32726,50.84113,,2.268444,9.524366,-3.08016,22.04175,1,2020-07-18,10:45:11 10 Aug 2020,40000
2020,President,Trump,Biden,,42,0.178225,4.030243,0.245625,0.754375,,0.8658524,0.9323612,0.8137555,0.9561582,46.77114,52.48147,,0.7473884,41.39145,47.12302,,0.3853957,52.14968,57.8516,,1.154592,-5.710325,-16.46359,5.029148,1,2020-07-18,10:45:11 10 Aug 2020,40000
2020,President,Trump,Biden,,55,0.097625,4.559738,0.286525,0.713475,,0.7828287,0.9461439,0.8582361,0.9176862,46.87058,52.09846,,1.030953,40.87933,46.20192,,0.5283543,52.76684,58.08658,,1.599407,-5.227884,-17.1818,6.564245,1,2020-07-18,10:45:11 10 Aug 2020,40000
2020,President,Trump,Biden,,54,0.0001375,0.0270819,0.988825,0.011175,,0.2639749,0.9686801,0.9987565,0.0147159,65.5744,32.57476,,1.85084,57.45413,24.59269,,0.9368452,73.62886,40.69521,,2.893869,32.99964,16.76204,48.9771,1,2020-07-18,10:45:11 10 Aug 2020,40000
2020,President,Trump,Biden,,53,0.0017,0.067082,0.019675,0.980325,,0.8335451,0.7470482,0.0627511,0.9955819,37.41352,60.34295,,2.243531,30.79473,53.57511,,1.130569,44.13311,67.03665,,3.517698,-22.92943,-36.10894,-9.543526,1,2020-07-18,10:45:11 10 Aug 2020,40000
2020,President,Trump,Biden,,51,0.0210125,0.7097138,0.080325,0.919675,,0.9626517,0.7965857,0.2958676,0.9959217,43.78218,55.18437,,1.033458,38.57848,50.00895,,0.5296123,48.97717,60.39015,,1.603348,-11.40219,-21.82179,-1.067297,1,2020-07-18,10:45:11 10 Aug 2020,40000
2020,President,Trump,Biden,,50,0.0001875,0.0839863,0.010525,0.989475,,0.7102138,0.7403926,0.0286015,0.9959217,31.23517,66.03159,,2.73324,22.62523,57.20242,,1.370676,40.02059,74.73172,,4.297302,-34.79643,-52.03438,-17.25166,1,2020-07-18,10:45:11 10 Aug 2020,40000
2020,President,Trump,Biden,,49,0.0009125,0.1061295,0.921475,0.078525,,0.2822377,0.9834448,0.9951215,0.1049823,56.02825,40.65148,,3.320267,49.07491,33.71925,,1.656724,63.00535,47.56835,,5.23508,15.37677,1.645477,29.18267,1,2020-07-18,10:45:11 10 Aug 2020,40000
2020,President,Trump,Biden,,48,0.0145625,0.2178641,0.667675,0.332325,,0.3909087,0.9989468,0.9986608,0.4512983,51.35596,47.61659,,1.027447,45.5909,41.89482,,0.5265929,57.0733,53.39703,,1.593889,3.739372,-7.786989,15.16378,1,2020-07-18,10:45:11 10 Aug 2020,40000
2020,President,Trump,Biden,,47,0.0008625,0.0473224,0.929875,0.070125,,0.2803334,0.9903743,0.9974173,0.0944127,57.37993,41.5134,,1.106667,50.56685,34.77618,,0.5663559,64.11918,48.30785,,1.71855,15.86654,2.274702,29.32397,1,2020-07-18,10:45:11 10 Aug 2020,40000
2020,President,Trump,Biden,,46,0.0003375,0.1205121,0.937375,0.062625,,0.2767569,0.9684631,0.9926344,0.0824497,59.33437,39.16359,,1.502046,51.15192,31.11497,,0.7638261,67.42471,47.33229,,2.341669,20.17079,3.872349,36.29016,1,2020-07-18,10:45:11 10 Aug 2020,40000
2020,President,Trump,Biden,,45,0.0011,0.0706046,0.84675,0.15325,,0.3081488,0.9970636,0.9983738,0.2077216,53.88871,45.2381,,0.873184,48.39763,39.80553,,0.4489658,59.36166,50.73835,,1.351648,8.650614,-2.311867,19.55285,1,2020-07-18,10:45:11 10 Aug 2020,40000
2020,President,Trump,Biden,,44,0.00125,0.375806,0.036875,0.963125,,0.8284746,0.7572745,0.1168931,0.9915035,37.45948,61.08848,,1.452038,29.42426,52.99207,,0.7389327,45.5475,69.10312,,2.262712,-23.629,-39.64186,-7.484224,1,2020-07-18,10:45:11 10 Aug 2020,40000
2020,President,Trump,Biden,,30,0.001075,0.2965007,0.8572,0.1428,,0.3017382,0.9805672,0.989669,0.1903548,54.88541,42.92828,,2.186304,47.56784,35.68394,,1.102404,62.16537,50.24313,,3.426834,11.95713,-2.662783,26.43735,1,2020-07-18,10:45:11 10 Aug 2020,40000
2020,President,Trump,Biden,,41,0.0089125,0.6016806,0.1104,0.8896,,0.7269022,0.7933622,0.3070595,0.9594549,41.46474,56.1165,,2.418763,33.83623,48.34982,,1.216625,49.20399,63.78394,,3.796295,-14.65176,-29.89571,0.7727051,1,2020-07-18,10:45:11 10 Aug 2020,40000
2020,President,Trump,Biden,,39,0.0369,0.9241585,0.50685,0.49315,,0.5099142,0.994018,0.9889038,0.6663948,49.56334,49.41222,,1.024442,43.81747,43.6766,,0.5250832,55.31877,55.14198,,1.589161,0.1511205,-11.32556,11.64636,1,2020-07-18,10:45:11 10 Aug 2020,40000
2020,President,Trump,Biden,,38,6.25e-05,0.0255958,0.976275,0.023725,,0.2673171,0.9841939,0.9985651,0.0317428,60.57981,36.72033,,2.699858,53.41206,29.56002,,1.354352,67.78215,43.86599,,4.244034,23.85949,9.608152,38.12051,1,2020-07-18,10:45:11 10 Aug 2020,40000
2020,President,Trump,Biden,,37,0.0472,1.342282,0.465775,0.534225,,0.5392088,0.980205,0.9609719,0.7118679,49.24031,49.99031,,0.7693771,43.64388,44.43569,,0.3965201,54.79067,55.60046,,1.188999,-0.750008,-11.9584,10.33609,1,2020-07-18,10:45:11 10 Aug 2020,40000
2020,President,Trump,Biden,,36,0.0020875,0.0380885,0.008725,0.991275,,0.8567335,0.7408136,0.0286015,0.9983007,36.80078,62.08514,,1.114076,30.71741,55.94454,,0.5700709,42.9469,68.19082,,1.730209,-25.28436,-37.44846,-13.02146,1,2020-07-18,10:45:11 10 Aug 2020,40000
2020,President,Trump,Biden,,35,0.009175,1.599904,0.1031,0.8969,,0.907614,0.8097614,0.3580448,0.9873233,42.86295,55.29414,,1.84291,36.58479,48.9709,,0.9329221,49.18829,61.60494,,2.881296,-12.43118,-24.95293,0.1779251,1,2020-07-18,10:45:11 10 Aug 2020,40000
2020,President,Trump,Biden,,34,0.0096,0.3474157,0.052675,0.947325,,0.7793071,0.7643628,0.1570691,0.9843665,40.39518,58.71276,,0.8920525,33.37762,51.61135,,0.4584842,47.49275,65.73404,,1.381239,-18.31758,-32.34911,-4.141989,1,2020-07-18,10:45:11 10 Aug 2020,40000
2020,President,Trump,Biden,,33,0.0181375,3.357251,0.296375,0.703625,,0.7113454,0.9250666,0.8066769,0.8848559,46.37763,52.54789,,1.074479,38.88711,45.05591,,0.5502082,53.89244,60.036,,1.667877,-6.170257,-21.14137,8.858227,1,2020-07-18,10:45:11 10 Aug 2020,40000
2020,President,Trump,Biden,,32,0.034525,4.015915,0.228325,0.771675,,0.8326946,0.904947,0.7274727,0.9493271,45.68645,52.55832,,1.755231,39.70042,46.53348,,0.8895248,51.70681,58.55532,,2.742326,-6.871872,-18.79753,5.147335,1,2020-07-18,10:45:11 10 Aug 2020,40000
2020,President,Trump,Biden,,31,2.5e-05,0.0039257,0.97645,0.02355,,0.2675764,0.9968153,0.999713,0.0319127,58.87932,39.26491,,1.855768,52.83538,33.28059,,0.9385123,64.92278,45.28107,,2.902811,19.61441,7.640556,31.57071,1,2020-07-18,10:45:11 10 Aug 2020,40000
2020,President,Trump,Biden,,40,0.0001125,0.0116512,0.988025,0.011975,,0.2644164,0.9916493,0.9996174,0.0161433,62.91024,35.88399,,1.205765,56.07257,29.22246,,0.615976,69.61789,42.72215,,1.874579,27.02626,13.38033,40.367,1,2020-07-18,10:45:11 10 Aug 2020,40000
2020,President,Trump,Biden,,21,0.000125,0.0088851,0.9736,0.0264,,0.2691814,0.9914773,0.9991422,0.0356195,60.05344,38.73066,,1.215894,53.356,32.13514,,0.6179134,66.65257,45.41446,,1.894272,21.32278,7.981752,34.5066,1,2020-07-17,10:44:52 10 Aug 2020,40000
2020,President,Trump,Biden,,17,0.004325,0.1093251,0.021675,0.978325,,0.8512111,0.7478343,0.0703393,0.9956114,38.67531,59.77417,,1.550522,32.43269,53.43585,,0.7839622,45.01511,66.05867,,2.422566,-21.09886,-33.58507,-8.42803,1,2020-07-17,10:44:52 10 Aug 2020,40000
2020,President,Trump,Biden,,18,0.000375,0.0188335,0.8983,0.1017,,0.291829,0.9985251,0.9994282,0.1381915,55.18154,43.34678,,1.471681,49.20216,37.40656,,0.7449387,61.12078,49.32433,,2.298117,11.83476,-0.1065178,23.67722,1,2020-07-17,10:44:52 10 Aug 2020,40000
2020,President,Trump,Biden,,19,0.0042875,0.3880721,0.629775,0.370225,,0.4149895,0.997299,0.9963782,0.5024495,50.93346,47.69973,,1.36681,44.50696,41.30587,,0.6929153,57.35334,54.12217,,2.132702,3.233726,-9.601883,16.00401,1,2020-07-17,10:44:52 10 Aug 2020,40000
2020,President,Trump,Biden,,20,0.0002125,0.0265198,0.919475,0.080525,,0.2851899,0.9990686,0.9997141,0.1094781,55.81979,42.35461,,1.825598,49.65472,36.28652,,0.9197005,61.91743,48.49855,,2.858843,13.46517,1.191908,25.62503,1,2020-07-17,10:44:52 10 Aug 2020,40000
2020,President,Trump,Biden,,26,0.0735875,2.076683,0.17215,0.82785,,0.9407493,0.8755511,0.6174228,0.9863577,45.31768,53.51411,,1.168207,39.72522,47.87308,,0.5941675,50.94748,59.10405,,1.819071,-8.196423,-19.36928,3.062248,1,2020-07-17,10:44:52 10 Aug 2020,40000
2020,President,Trump,Biden,,22,0.0022375,0.1568817,0.894375,0.105625,,0.2886653,0.9609467,0.9842737,0.1381234,57.24557,41.92973,,0.8247054,49.39438,34.21654,,0.4223555,64.98021,49.797,,1.278304,15.31584,-0.4002228,30.7706,1,2020-07-17,10:44:52 10 Aug 2020,40000
2020,President,Trump,Biden,,23,0.0039,0.731239,0.22945,0.77055,,0.7070168,0.8672701,0.6184712,0.9094033,44.9443,53.7221,,1.333603,37.23068,45.97115,,0.676989,52.73138,61.46146,,2.078994,-8.7778,-24.21871,6.749678,1,2020-07-17,10:44:52 10 Aug 2020,40000
2020,President,Trump,Biden,,24,0.000425,0.0218376,0.00265,0.99735,,0.7924528,0.7362511,0.0080061,0.9992515,35.51704,63.10366,,1.379296,29.86539,57.39131,,0.6991149,41.21574,68.7654,,2.152394,-27.58663,-38.86412,-16.21322,1,2020-07-17,10:44:52 10 Aug 2020,40000
2020,President,Trump,Biden,,25,0.00065,0.0274941,0.00835,0.99165,,0.8443114,0.7397267,0.0268776,0.9982309,34.16686,64.31867,,1.514471,26.93346,56.97858,,0.7661251,41.49279,71.55923,,2.365648,-30.15181,-44.61994,-15.51585,1,2020-07-17,10:44:52 10 Aug 2020,40000
2020,President,Trump,Biden,,15,0.0004625,0.1519939,0.0112,0.9888,,0.6049107,0.7387237,0.0258292,0.9940124,29.71294,68.64862,,1.63844,20.53217,59.14792,,0.8274152,39.21445,77.85602,,2.561923,-38.93569,-57.35431,-19.94158,1,2020-07-17,10:44:52 10 Aug 2020,40000
2020,President,Trump,Biden,,16,7.5e-05,0.0136807,0.9833,0.0167,,0.2662972,0.9730539,0.9982844,0.0221134,62.39641,34.4558,,3.147792,54.57819,26.75661,,1.565012,70.2287,42.23944,,4.969254,27.94061,12.4562,43.37228,1,2020-07-17,10:44:52 10 Aug 2020,40000
2020,President,Trump,Biden,,09,0.001825,0.1584558,0.03255,0.96745,,0.9278034,0.757145,0.1151353,0.9968021,39.88705,59.18066,,0.9322852,33.45276,52.67004,,0.4763142,46.40192,65.63148,,1.447347,-19.29361,-32.14651,-6.299883,1,2020-07-17,10:44:52 10 Aug 2020,40000
2020,President,Trump,Biden,,13,0.0158625,0.5237913,0.6157,0.3843,,0.4204564,0.9908925,0.9869424,0.518201,50.73528,48.45135,,0.8133628,45.68246,43.46603,,0.4166592,55.71367,53.49751,,1.260488,2.283931,-7.819548,12.22483,1,2020-07-17,10:44:52 10 Aug 2020,40000
2020,President,Trump,Biden,,12,0.2729125,3.813269,0.312625,0.687375,,0.7881647,0.976032,0.9393824,0.9129754,47.46003,51.70914,,0.8308344,41.77147,46.0491,,0.4254328,53.1175,57.41338,,1.287933,-4.249117,-15.65104,7.047729,1,2020-07-17,10:44:52 10 Aug 2020,40000
2020,President,Trump,Biden,,11,0.0,0.0,0.0,1.0,,,0.73485,0.0,1.0,6.0559,90.38023,,3.563867,2.24193,85.65401,,1.765747,10.22416,94.65762,,5.637186,-84.32433,-92.19281,-75.76132,1,2020-07-17,10:44:52 10 Aug 2020,40000
2020,President,Trump,Biden,,10,6.25e-05,0.0173572,0.00535,0.99465,,0.9766355,0.7386769,0.0199199,0.9998299,37.71125,61.11467,,1.174079,32.39304,55.70753,,0.5970929,43.13557,66.45288,,1.828336,-23.40343,-34.03706,-12.59187,1,2020-07-17,10:44:52 10 Aug 2020,40000
2020,President,Trump,Biden,,08,0.0276,1.33973,0.1519,0.8481,,0.8866031,0.8465983,0.5134388,0.9770702,44.14612,53.97596,,1.877925,37.99421,47.81083,,0.9454576,50.33734,60.11516,,2.94201,-9.829837,-22.0874,2.470127,1,2020-07-17,10:44:52 10 Aug 2020,40000
2020,President,Trump,Biden,,06,0.0027,0.0272446,0.005,0.995,,0.81,0.7375879,0.0154403,0.9987072,34.91274,63.16589,,1.921365,28.68355,56.85938,,0.9668325,41.24575,69.437,,3.011065,-28.25315,-40.68575,-15.65685,1,2020-07-17,10:44:52 10 Aug 2020,40000
2020,President,Trump,Biden,,05,0.0005625,0.0697795,0.906125,0.093875,,0.2882053,0.9877497,0.9956157,0.1261822,56.34468,42.01751,,1.637804,49.37949,35.17279,,0.827101,63.26087,48.9631,,2.560913,14.32717,0.4403038,28.06326,1,2020-07-17,10:44:52 10 Aug 2020,40000
2020,President,Trump,Biden,,04,0.041525,2.103462,0.444,0.556,,0.5485361,0.9648831,0.928517,0.7300469,48.66517,50.00288,,1.331954,42.36752,43.63527,,0.675608,55.02293,56.28127,,2.077651,-1.33771,-13.89713,11.33856,1,2020-07-17,10:44:52 10 Aug 2020,40000
2020,President,Trump,Biden,,02,0.0022625,1.01823,0.752475,0.247525,,0.3393468,0.971821,0.9735036,0.3273457,52.73567,45.0062,,2.258134,45.18755,37.57758,,1.131984,60.2004,52.52062,,3.54671,7.729474,-7.288408,22.59745,1,2020-07-17,10:44:52 10 Aug 2020,40000
2020,President,Trump,Biden,,01,0.0003125,0.0217638,0.969625,0.030375,,0.270156,0.9884773,0.9986656,0.0408587,59.36209,39.85923,,0.7786863,53.09886,33.59534,,0.3992322,65.63062,46.10523,,1.206053,19.50286,7.020018,32.02533,1,2020-07-17,10:44:52 10 Aug 2020,40000
2020,President,Trump,Biden,,28,0.0024125,0.2744042,0.86665,0.13335,,0.297525,0.9662542,0.9830347,0.1753419,55.31527,43.88305,,0.8016739,48.62588,37.28057,,0.4107869,61.90218,50.56944,,1.242131,11.43222,-1.936205,24.61879,1,2020-07-17,10:44:52 10 Aug 2020,40000
2020,President,Trump,Biden,,27,0.0522125,2.424343,0.193225,0.806775,,0.8620779,0.8785287,0.6350553,0.9645166,45.44342,53.18737,,1.369211,39.71833,47.42723,,0.6941075,51.1781,58.91626,,2.136493,-7.743948,-19.17876,3.728807,1,2020-07-17,10:44:52 10 Aug 2020,40000
2020,President,Trump,Biden,,29,0.001425,0.0712547,0.838925,0.161075,,0.311321,0.9930156,0.995711,0.2176635,54.06605,44.47405,,1.459899,47.78058,38.21162,,0.7391011,60.34866,50.76209,,2.279526,9.592,-2.962765,22.07651,1,2020-07-17,10:44:52 10 Aug 2020,40000
2020,President,Trump,Biden,,56,2.5e-05,0.0135581,0.996625,0.003375,,0.2630628,0.962963,0.9995235,0.0044227,68.14744,28.41256,,3.439998,60.34467,20.97005,,1.706083,75.70688,36.03256,,5.438304,39.73488,24.46468,54.55337,1,2020-07-17,10:44:52 10 Aug 2020,40000
2020,President,Trump,Biden,,42,0.1754625,3.96872,0.24515,0.75485,,0.8687539,0.9319401,0.8119519,0.9573042,46.79805,52.45219,,0.7497552,41.43172,47.07803,,0.384678,52.18703,57.81284,,1.160669,-5.654145,-16.38366,5.095459,1,2020-07-17,10:44:52 10 Aug 2020,40000
2020,President,Trump,Biden,,30,0.000725,0.1945452,0.86225,0.13775,,0.3011598,0.9809437,0.9899924,0.1838811,54.96597,42.84139,,2.192641,47.66403,35.63498,,1.099947,62.20184,50.14518,,3.442292,12.12458,-2.401888,26.50836,1,2020-07-17,10:44:52 10 Aug 2020,40000
2020,President,Trump,Biden,,55,0.0952625,4.450961,0.287825,0.712175,,0.7845045,0.946888,0.8608463,0.9176702,46.88655,52.07954,,1.033915,40.89009,46.15556,,0.5271627,52.82867,58.09515,,1.607342,-5.192987,-17.18562,6.670599,1,2020-07-17,10:44:52 10 Aug 2020,40000
2020,President,Trump,Biden,,54,1.25e-05,0.0030235,0.989325,0.010675,,0.2649534,0.9836066,0.9993328,0.0142886,65.63629,32.50745,,1.856251,57.60904,24.65503,,0.9347912,73.55989,40.53662,,2.907556,33.12884,17.13995,48.87166,1,2020-07-17,10:44:52 10 Aug 2020,40000
2020,President,Trump,Biden,,53,0.0017375,0.0682501,0.0204,0.9796,,0.8431373,0.7468865,0.0655738,0.9956453,37.4656,60.28455,,2.24985,30.9068,53.58574,,1.127934,44.19741,66.89707,,3.533499,-22.81896,-35.9649,-9.42804,1,2020-07-17,10:44:52 10 Aug 2020,40000
2020,President,Trump,Biden,,51,0.0213125,0.7154405,0.082975,0.917025,,0.9605303,0.7979335,0.3038506,0.9957474,43.80043,55.16344,,1.036129,38.58242,49.94704,,0.5282688,49.01837,60.39982,,1.610825,-11.363,-21.80233,-0.9449234,1,2020-07-17,10:44:52 10 Aug 2020,40000
2020,President,Trump,Biden,,50,0.0002625,0.1163797,0.011325,0.988675,,0.6865342,0.7397274,0.0296416,0.9952371,31.28146,65.97707,,2.741469,22.79017,57.21434,,1.36783,40.01247,74.5656,,4.318693,-34.69561,-51.6904,-17.2964,1,2020-07-17,10:44:52 10 Aug 2020,40000
2020,President,Trump,Biden,,49,0.0008125,0.095925,0.921825,0.078175,,0.283351,0.9856092,0.9958063,0.1048513,56.06747,40.60138,,3.331146,49.04243,33.72304,,1.653575,63.02553,47.52837,,5.263477,15.46609,1.719753,29.18294,1,2020-07-17,10:44:52 10 Aug 2020,40000
2020,President,Trump,Biden,,47,0.00065,0.0357504,0.93175,0.06825,,0.2807888,0.9897436,0.9974266,0.0919235,57.41059,41.47958,,1.109828,50.62077,34.76235,,0.5650642,64.13821,48.25337,,1.726979,15.93101,2.387569,29.36649,1,2020-07-17,10:44:52 10 Aug 2020,40000
2020,President,Trump,Biden,,46,0.000575,0.2116011,0.94045,0.05955,,0.2769951,0.9693535,0.9931377,0.0785534,59.42484,39.06867,,1.506484,51.25919,30.95637,,0.7621717,67.5414,47.26666,,2.353042,20.35617,4.032639,36.57543,1,2020-07-17,10:44:52 10 Aug 2020,40000
2020,President,Trump,Biden,,45,0.0009875,0.0630545,0.8457,0.1543,,0.3095365,0.9965975,0.9979985,0.2092604,53.90091,45.22328,,0.8758031,48.40546,39.79569,,0.4480038,59.33672,50.71338,,1.358582,8.677632,-2.289963,19.53894,1,2020-07-17,10:44:52 10 Aug 2020,40000
2020,President,Trump,Biden,,44,0.00125,0.3665644,0.03565,0.96435,,0.8562412,0.7567792,0.1163744,0.9931278,37.4752,61.06847,,1.456325,29.44447,53.0091,,0.7373292,45.56669,69.09379,,2.273887,-23.59327,-39.61084,-7.425539,1,2020-07-17,10:44:52 10 Aug 2020,40000
2020,President,Trump,Biden,,48,0.0150375,0.2261563,0.6649,0.3351,,0.3937058,0.9984333,0.9979985,0.455297,51.37761,47.59196,,1.030423,45.55941,41.83138,,0.5254176,57.15144,53.41191,,1.601848,3.785652,-7.824352,15.30272,1,2020-07-17,10:44:52 10 Aug 2020,40000
2020,President,Trump,Biden,,41,0.0100875,0.6788155,0.109175,0.890825,,0.7304786,0.7922712,0.3040412,0.9604341,41.50598,56.06804,,2.425983,33.88668,48.42104,,1.214019,49.1507,63.70955,,3.814564,-14.56205,-29.768,0.6235294,1,2020-07-17,10:44:52 10 Aug 2020,40000
2020,President,Trump,Biden,,35,0.010425,1.809139,0.105575,0.894425,,0.9050438,0.8105487,0.3642775,0.9865619,42.90005,55.2515,,1.848452,36.61378,48.89933,,0.9309527,49.25575,61.55391,,2.89516,-12.35145,-24.92619,0.2956142,1,2020-07-17,10:44:52 10 Aug 2020,40000
2020,President,Trump,Biden,,40,0.000125,0.0114257,0.9883,0.0117,,0.2652282,0.9850428,0.9993328,0.0156835,62.94193,35.84864,,1.209435,56.21332,29.17628,,0.6146984,69.63905,42.57241,,1.884091,27.09328,13.65944,40.45686,1,2020-07-17,10:44:52 10 Aug 2020,40000
2020,President,Trump,Biden,,32,0.0348375,4.054838,0.2313,0.7687,,0.8317121,0.9062703,0.733416,0.9480166,45.70827,52.53141,,1.760314,39.6901,46.45643,,0.8875358,51.79654,58.57372,,2.755259,-6.82314,-18.85034,5.292822,1,2020-07-17,10:44:52 10 Aug 2020,40000
2020,President,Trump,Biden,,33,0.0169125,3.134794,0.2964,0.7036,,0.712888,0.9248863,0.8055661,0.8855549,46.39756,52.52512,,1.077316,38.86195,44.99733,,0.5488398,53.94439,60.05347,,1.675698,-6.127561,-21.18501,8.940145,1,2020-07-17,10:44:52 10 Aug 2020,40000
2020,President,Trump,Biden,,34,0.0084625,0.3077902,0.0535,0.9465,,0.7761682,0.7637876,0.1583111,0.9837722,40.39574,58.70995,,0.8943132,33.31947,51.63648,,0.4572865,47.47828,65.76185,,1.387664,-18.31421,-32.3909,-4.145109,1,2020-07-17,10:44:52 10 Aug 2020,40000
2020,President,Trump,Biden,,31,2.5e-05,0.0041319,0.97705,0.02295,,0.2684612,0.9989107,1.0,0.0311968,58.8881,39.25063,,1.861272,52.7686,33.24986,,0.9361374,64.92651,45.35162,,2.914931,19.63747,7.496321,31.63165,1,2020-07-17,10:44:52 10 Aug 2020,40000
2020,President,Trump,Biden,,36,0.00215,0.0402216,0.008625,0.991375,,0.8695652,0.7401084,0.0285932,0.9984691,36.78876,62.09422,,1.11701,30.73142,55.9903,,0.5686467,42.90577,68.16757,,1.738306,-25.30546,-37.40097,-13.10007,1,2020-07-17,10:44:52 10 Aug 2020,40000
2020,President,Trump,Biden,,37,0.0452125,1.285352,0.46745,0.53255,,0.5388812,0.979955,0.9603508,0.710179,49.25833,49.97009,,0.7715839,43.6714,44.41725,,0.3956604,54.81059,55.54971,,1.19492,-0.7117512,-11.85977,10.38233,1,2020-07-17,10:44:52 10 Aug 2020,40000
2020,President,Trump,Biden,,38,7.5e-05,0.0317292,0.977875,0.022125,,0.2681324,0.9954802,0.9996188,0.0299721,60.61609,36.67577,,2.708139,53.3965,29.62345,,1.351588,67.72874,43.82305,,4.265368,23.94032,9.670012,38.01163,1,2020-07-17,10:44:52 10 Aug 2020,40000
2020,President,Trump,Biden,,39,0.036,0.9027041,0.5097,0.4903,,0.5092701,0.9943912,0.9896111,0.6634687,49.59599,49.37634,,1.027673,43.79716,43.59555,,0.5240431,55.39803,55.16164,,1.597522,0.2196443,-11.34726,11.81584,1,2020-07-17,10:44:52 10 Aug 2020,40000
2020,President,Trump,Biden,,15,0.00035,0.1103866,0.011375,0.988625,,0.5802198,0.7416108,0.0254482,0.9935294,29.67983,68.68237,,1.637793,20.45836,59.14121,,0.8240169,39.16066,77.95734,,2.573474,-39.00254,-57.48047,-19.98087,1,2020-07-16,10:46:23 10 Aug 2020,40000
2020,President,Trump,Biden,,26,0.074125,2.093325,0.171625,0.828375,,0.9392571,0.8785876,0.6215539,0.9862457,45.26686,53.56531,,1.167832,39.60674,47.90369,,0.5917946,50.93707,59.25278,,1.826688,-8.298447,-19.62322,3.031136,1,2020-07-16,10:46:23 10 Aug 2020,40000
2020,President,Trump,Biden,,25,0.00085,0.0366524,0.008375,0.991625,,0.8567164,0.7429724,0.0276653,0.9983739,34.1137,64.37299,,1.513314,26.74432,56.99529,,0.7626853,41.52036,71.7365,,2.375238,-30.25929,-44.96875,-15.50197,1,2020-07-16,10:46:23 10 Aug 2020,40000
2020,President,Trump,Biden,,24,0.0005375,0.0280141,0.003475,0.996525,,0.8273382,0.7399212,0.0110854,0.9991869,35.50324,63.1187,,1.378063,29.82964,57.38011,,0.6959634,41.20673,68.83841,,2.160254,-27.61546,-38.97525,-16.21466,1,2020-07-16,10:46:23 10 Aug 2020,40000
2020,President,Trump,Biden,,23,0.004225,0.7865674,0.2262,0.7738,,0.6975022,0.8660184,0.6083478,0.90809,44.86208,53.80468,,1.333241,37.14737,46.07791,,0.6738619,52.61718,61.54043,,2.088912,-8.942596,-24.39745,6.534494,1,2020-07-16,10:46:23 10 Aug 2020,40000
2020,President,Trump,Biden,,22,0.00245,0.1693832,0.893825,0.106175,,0.2859341,0.9644455,0.9854444,0.1387628,57.22109,41.95465,,0.8242511,49.33976,34.26181,,0.4206223,64.91257,49.83654,,1.283338,15.26644,-0.5028553,30.65476,1,2020-07-16,10:46:23 10 Aug 2020,40000
2020,President,Trump,Biden,,21,0.0002,0.0144693,0.9732,0.0268,,0.2663378,0.994403,0.9994217,0.0361136,60.00591,38.77847,,1.215623,53.2677,32.17839,,0.6155255,66.5957,45.49184,,1.902403,21.22744,7.795881,34.41074,1,2020-07-16,10:46:23 10 Aug 2020,40000
2020,President,Trump,Biden,,20,0.0001375,0.01649,0.915175,0.084825,,0.2832792,0.9988211,0.9996144,0.1148113,55.75026,42.42434,,1.825399,49.52137,36.32155,,0.9162265,61.86093,48.61481,,2.872662,13.32591,0.9566689,25.4896,1,2020-07-16,10:46:23 10 Aug 2020,40000
2020,President,Trump,Biden,,19,0.00495,0.4470378,0.626925,0.373075,,0.4114926,0.9960464,0.9946983,0.5035571,50.88667,47.74625,,1.367078,44.40461,41.37899,,0.690538,57.25077,54.21362,,2.142829,3.140411,-9.742588,15.85008,1,2020-07-16,10:46:23 10 Aug 2020,40000
2020,President,Trump,Biden,,18,0.0004375,0.0223209,0.8934,0.1066,,0.2901276,0.9985929,0.9994217,0.144251,55.12847,43.4004,,1.471133,49.05586,37.44173,,0.7418789,61.09789,49.43212,,2.308139,11.72807,-0.3300858,23.6272,1,2020-07-16,10:46:23 10 Aug 2020,40000
2020,President,Trump,Biden,,17,0.00505,0.1280013,0.020275,0.979725,,0.8458693,0.7500574,0.0661269,0.9957992,38.62341,59.8267,,1.54989,32.29379,53.52938,,0.7807143,44.92896,66.15459,,2.433445,-21.20329,-33.79789,-8.63236,1,2020-07-16,10:46:23 10 Aug 2020,40000
2020,President,Trump,Biden,,16,8.75e-05,0.0171082,0.98205,0.01795,,0.2638358,0.9860724,0.9990361,0.0239854,62.33203,34.52079,,3.147184,54.46556,26.8785,,1.558675,70.0112,42.31134,,4.992456,27.81125,12.2278,42.9845,1,2020-07-16,10:46:23 10 Aug 2020,40000
2020,President,Trump,Biden,,28,0.001775,0.2059868,0.86375,0.13625,,0.2943271,0.9622018,0.980239,0.1776543,55.25565,43.94313,,0.8012202,48.52922,37.34108,,0.4091001,61.87474,50.66679,,1.247007,11.31253,-2.108501,24.52848,1,2020-07-16,10:46:23 10 Aug 2020,40000
2020,President,Trump,Biden,,13,0.0178125,0.5894985,0.612075,0.387925,,0.4179226,0.990591,0.9863119,0.5207331,50.68022,48.50701,,0.8127697,45.60283,43.46999,,0.4148782,55.71374,53.56403,,1.265225,2.173213,-7.957277,12.23302,1,2020-07-16,10:46:23 10 Aug 2020,40000
2020,President,Trump,Biden,,12,0.268125,3.74879,0.31015,0.68985,,0.7911494,0.9789085,0.9461153,0.9151027,47.41052,51.75917,,0.8303084,41.6993,46.04239,,0.4236519,53.11995,57.46693,,1.292896,-4.348645,-15.7659,7.024521,1,2020-07-16,10:46:23 10 Aug 2020,40000
2020,President,Trump,Biden,,11,0.0,0.0,0.0,1.0,,,0.73795,0.0,1.0,6.04557,90.39093,,3.5635,2.227094,85.70495,,1.758992,10.17091,94.68805,,5.664082,-84.34536,-92.20163,-75.85901,1,2020-07-16,10:46:23 10 Aug 2020,40000
2020,President,Trump,Biden,,10,7.5e-05,0.0226317,0.004825,0.995175,,0.9792746,0.7414274,0.0182186,0.9998645,37.65951,61.16734,,1.173152,32.28891,55.83682,,0.5944349,43.01804,66.53514,,1.835114,-23.50783,-34.25988,-12.82449,1,2020-07-16,10:46:23 10 Aug 2020,40000
2020,President,Trump,Biden,,09,0.00195,0.1696396,0.0334,0.9666,,0.9258982,0.7609146,0.1192404,0.99668,39.83623,59.23257,,0.9311941,33.27795,52.60681,,0.4740531,46.46125,65.77474,,1.452211,-19.39634,-32.47396,-6.180998,1,2020-07-16,10:46:23 10 Aug 2020,40000
2020,President,Trump,Biden,,08,0.0265,1.292158,0.1475,0.8525,,0.8845763,0.8459531,0.5030847,0.9772681,44.07058,54.0533,,1.876126,37.89901,47.80951,,0.9410925,50.28382,60.25795,,2.953546,-9.982722,-22.35496,2.436115,1,2020-07-16,10:46:23 10 Aug 2020,40000
2020,President,Trump,Biden,,06,0.00255,0.0250359,0.00585,0.99415,,0.7905983,0.7410602,0.017833,0.99834,34.85495,63.2251,,1.919951,28.61515,56.90764,,0.9625661,41.15719,69.49739,,3.023568,-28.37016,-40.88173,-15.80341,1,2020-07-16,10:46:23 10 Aug 2020,40000
2020,President,Trump,Biden,,05,0.00065,0.0786937,0.90355,0.09645,,0.2858171,0.9883359,0.9957587,0.1291754,56.26723,42.09565,,1.63712,49.31055,35.21688,,0.8236854,63.1691,49.05785,,2.572401,14.17158,0.2698536,27.89981,1,2020-07-16,10:46:23 10 Aug 2020,40000
2020,President,Trump,Biden,,04,0.040675,2.062526,0.43965,0.56035,,0.5494712,0.9668065,0.9314633,0.7341284,48.58294,50.08598,,1.331078,42.20072,43.71626,,0.6727382,54.92742,56.43361,,2.085741,-1.50304,-14.22202,11.17066,1,2020-07-16,10:46:23 10 Aug 2020,40000
2020,President,Trump,Biden,,02,0.002425,1.09293,0.747575,0.252425,,0.3372571,0.9711795,0.9721419,0.3322041,52.65397,45.08884,,2.25719,45.11075,37.7034,,1.127367,60.03492,52.60902,,3.562662,7.565135,-7.437754,22.23293,1,2020-07-16,10:46:23 10 Aug 2020,40000
2020,President,Trump,Biden,,01,0.0003,0.0195373,0.9679,0.0321,,0.2672022,0.9774143,0.9972045,0.0425164,59.31783,39.90392,,0.7782466,52.99421,33.73302,,0.3975911,65.48527,46.21319,,1.210786,19.41391,6.774076,31.72865,1,2020-07-16,10:46:23 10 Aug 2020,40000
2020,President,Trump,Biden,,27,0.0528375,2.465493,0.1884,0.8116,,0.8552282,0.8765402,0.6212647,0.964022,45.39508,53.23635,,1.368562,39.59507,47.49872,,0.6912716,51.12448,59.01072,,2.145183,-7.841268,-19.36936,3.582182,1,2020-07-16,10:46:23 10 Aug 2020,40000
2020,President,Trump,Biden,,56,3.75e-05,0.0233858,0.9965,0.0035,,0.26001,0.9285714,0.9990361,0.0044041,68.06747,28.49308,,3.439458,60.34989,21.12912,,1.699398,75.58313,36.10239,,5.463854,39.57439,24.43816,54.31741,1,2020-07-16,10:46:23 10 Aug 2020,40000
2020,President,Trump,Biden,,29,0.0013125,0.0657627,0.834375,0.165625,,0.3094532,0.9930566,0.9955658,0.222881,54.01144,44.52924,,1.459327,47.60241,38.30809,,0.7360529,60.22585,50.93349,,2.289364,9.482203,-3.290762,21.86504,1,2020-07-16,10:46:23 10 Aug 2020,40000
2020,President,Trump,Biden,,42,0.1816125,4.118289,0.243425,0.756575,,0.8688508,0.9340118,0.8155003,0.9575852,46.75447,52.4963,,0.7492276,41.35983,47.13518,,0.3830208,52.12109,57.87237,,1.165076,-5.74183,-16.5019,4.960812,1,2020-07-16,10:46:23 10 Aug 2020,40000
2020,President,Trump,Biden,,30,0.001325,0.3669261,0.85605,0.14395,,0.3000993,0.9824592,0.9905533,0.1916458,54.87657,42.93117,,2.19226,47.54995,35.7177,,1.095713,62.05817,50.25161,,3.458695,11.9454,-2.610781,26.24483,1,2020-07-16,10:46:23 10 Aug 2020,40000
2020,President,Trump,Biden,,55,0.0943,4.398805,0.2797,0.7203,,0.786557,0.9436346,0.8482745,0.9210651,46.78852,52.16956,,1.041919,40.81239,46.20811,,0.5292315,52.74791,58.15149,,1.62733,-5.381045,-17.3386,6.536972,1,2020-07-16,10:46:23 10 Aug 2020,40000
2020,President,Trump,Biden,,54,5e-05,0.0093727,0.9902,0.0098,,0.2616895,0.9770408,0.9991325,0.0129751,65.56536,32.57816,,1.856486,57.52053,24.82729,,0.9314674,73.34538,40.60891,,2.922226,32.98721,16.93158,48.47836,1,2020-07-16,10:46:23 10 Aug 2020,40000
2020,President,Trump,Biden,,53,0.0015625,0.0620038,0.01995,0.98005,,0.8609022,0.7501403,0.0662232,0.9962396,37.36952,60.38242,,2.248059,30.72691,53.65934,,1.122916,44.08527,67.07041,,3.548038,-23.0129,-36.27719,-9.621101,1,2020-07-16,10:46:23 10 Aug 2020,40000
2020,President,Trump,Biden,,51,0.0207375,0.6958622,0.080125,0.919875,,0.9628705,0.7991847,0.2974744,0.9962057,43.73275,55.23211,,1.035143,38.48315,50.0139,,0.525857,48.94387,60.47062,,1.616606,-11.49936,-21.96448,-1.066778,1,2020-07-16,10:46:23 10 Aug 2020,40000
2020,President,Trump,Biden,,50,0.0002625,0.1147866,0.010625,0.989375,,0.7152941,0.7428679,0.029304,0.9959686,31.22026,66.03892,,2.740819,22.62935,57.14188,,1.362344,40.01536,74.66916,,4.338467,-34.81865,-51.91662,-17.23419,1,2020-07-16,10:46:23 10 Aug 2020,40000
2020,President,Trump,Biden,,49,0.0006125,0.072583,0.9187,0.0813,,0.2809949,0.9852399,0.9953731,0.1085439,55.99235,40.67806,,3.329596,48.91234,33.81886,,1.646553,62.86551,47.72223,,5.286587,15.31429,1.341923,28.86053,1,2020-07-16,10:46:23 10 Aug 2020,40000
2020,President,Trump,Biden,,47,0.0005375,0.0299844,0.929325,0.070675,,0.278132,0.9876194,0.9966262,0.0945864,57.34545,41.54521,,1.109342,50.53097,34.86339,,0.5627558,64.04967,48.35304,,1.734078,15.80024,2.193884,29.19962,1,2020-07-16,10:46:23 10 Aug 2020,40000
2020,President,Trump,Biden,,46,0.0004375,0.159973,0.937525,0.062475,,0.2749793,0.9743897,0.9940235,0.082492,59.31123,39.18292,,1.505846,51.05596,31.22535,,0.7590028,67.31384,47.4438,,2.363356,20.12831,3.649559,36.07508,1,2020-07-16,10:46:23 10 Aug 2020,40000
2020,President,Trump,Biden,,45,0.00095,0.060647,0.859675,0.140325,,0.3010731,0.9962587,0.9979757,0.1894437,54.16906,44.93457,,0.8963635,48.63631,39.44633,,0.456664,59.67347,50.46105,,1.397181,9.234493,-1.794306,20.22262,1,2020-07-16,10:46:23 10 Aug 2020,40000
2020,President,Trump,Biden,,44,0.0010875,0.3239513,0.03565,0.96435,,0.8295932,0.7589827,0.1140351,0.9918355,37.42749,61.11682,,1.455695,29.3501,52.90657,,0.7342603,45.60854,69.22241,,2.283589,-23.68933,-39.88737,-7.29631,1,2020-07-16,10:46:23 10 Aug 2020,40000
2020,President,Trump,Biden,,48,0.0151125,0.2273321,0.6621,0.3379,,0.3908775,0.9982983,0.9978793,0.4571109,51.31063,47.65998,,1.02939,45.50334,41.9304,,0.5229917,57.03801,53.44259,,1.6075,3.650654,-7.971943,15.07992,1,2020-07-16,10:46:23 10 Aug 2020,40000
2020,President,Trump,Biden,,41,0.008575,0.5750635,0.108775,0.891225,,0.7248908,0.794861,0.3040293,0.9599566,41.42657,56.14815,,2.425276,33.83209,48.41548,,1.209208,49.11497,63.80524,,3.831965,-14.72158,-29.88053,0.5898552,1,2020-07-16,10:46:23 10 Aug 2020,40000
2020,President,Trump,Biden,,35,0.008925,1.548525,0.101325,0.898675,,0.902788,0.8103875,0.3527087,0.9868894,42.79356,55.35936,,1.847075,36.47596,49.03115,,0.9268543,49.13574,61.67756,,2.90722,-12.5658,-25.14084,0.0818577,1,2020-07-16,10:46:23 10 Aug 2020,40000
2020,President,Trump,Biden,,40,3.75e-05,0.0037664,0.988425,0.011575,,0.2620583,0.9719222,0.9987469,0.0152449,62.88767,35.90332,,1.209004,56.14153,29.27939,,0.6122398,69.52448,42.65762,,1.891914,26.98435,13.49735,40.25475,1,2020-07-16,10:46:23 10 Aug 2020,40000
2020,President,Trump,Biden,,32,0.0336875,3.921234,0.22655,0.77345,,0.8217832,0.9028702,0.7178523,0.946304,45.63321,52.60815,,1.75864,39.57137,46.57642,,0.8834648,51.65193,58.68803,,2.766207,-6.974936,-19.1019,5.010204,1,2020-07-16,10:46:23 10 Aug 2020,40000
2020,President,Trump,Biden,,33,0.0172125,3.209641,0.295425,0.704575,,0.7050013,0.9251322,0.8030654,0.8832915,46.34741,52.57513,,1.077456,38.73976,45.01491,,0.5469095,53.91053,60.18814,,1.683589,-6.227721,-21.44801,8.886209,1,2020-07-16,10:46:23 10 Aug 2020,40000
2020,President,Trump,Biden,,34,0.00895,0.3260218,0.055175,0.944825,,0.7643861,0.7674437,0.1626181,0.9825869,40.34623,58.76036,,0.8934067,33.21357,51.52804,,0.4551871,47.57491,65.87724,,1.39251,-18.41413,-32.64962,-3.957506,1,2020-07-16,10:46:23 10 Aug 2020,40000
2020,President,Trump,Biden,,31,0.0,0.0,0.97515,0.02485,,0.2659335,0.998994,0.9999036,0.0336405,58.82841,39.31148,,1.860105,52.70535,33.33157,,0.9326711,64.81176,45.44991,,2.924618,19.51693,7.313627,31.4339,1,2020-07-16,10:46:23 10 Aug 2020,40000
2020,President,Trump,Biden,,36,0.00215,0.0398977,0.0079,0.9921,,0.8449367,0.7425915,0.0257374,0.99834,36.72994,62.15418,,1.115879,30.62804,55.97644,,0.5660034,42.91265,68.25208,,1.744426,-25.42423,-37.60558,-13.05499,1,2020-07-16,10:46:23 10 Aug 2020,40000
2020,President,Trump,Biden,,37,0.0471,1.339825,0.4653,0.5347,,0.5363206,0.9813914,0.9622132,0.7110915,49.19174,50.03708,,0.7711786,43.56283,44.48184,,0.3940437,54.74632,55.67091,,1.199646,-0.8453383,-12.10055,10.25782,1,2020-07-16,10:46:23 10 Aug 2020,40000
2020,President,Trump,Biden,,38,2.5e-05,0.011909,0.977175,0.022825,,0.2652288,0.992333,0.9993252,0.0306931,60.55212,36.73839,,2.709493,53.3031,29.6935,,1.347173,67.62247,43.95079,,4.288193,23.81373,9.492393,37.84449,1,2020-07-16,10:46:23 10 Aug 2020,40000
2020,President,Trump,Biden,,39,0.0357125,0.8951753,0.507375,0.492625,,0.5061345,0.9946207,0.9901677,0.6639677,49.54475,49.4282,,1.027052,43.73696,43.6369,,0.5218279,55.32327,55.21133,,1.6038,0.1165601,-11.48158,11.64909,1,2020-07-16,10:46:23 10 Aug 2020,40000
2020,President,Trump,Biden,,15,0.0004,0.1255348,0.009875,0.990125,,0.5468354,0.7610403,0.0225753,0.9940963,29.52013,68.84695,,1.632911,20.43864,59.57306,,0.8294126,38.79926,77.93703,,2.561603,-39.32682,-57.46516,-20.8473,1,2020-07-15,10:48:47 10 Aug 2020,40000
2020,President,Trump,Biden,,26,0.0638875,1.806085,0.14705,0.85295,,0.9423665,0.8789788,0.5793269,0.9890831,44.94833,53.87501,,1.176653,39.49434,48.34916,,0.6019905,50.44003,59.35607,,1.837556,-8.926676,-19.83978,2.065048,1,2020-07-15,10:48:47 10 Aug 2020,40000
2020,President,Trump,Biden,,25,0.000725,0.0307125,0.008725,0.991275,,0.8022923,0.7629568,0.0292642,0.9977573,33.95544,64.53477,,1.509799,26.73637,57.17764,,0.7682556,41.30493,71.75099,,2.365971,-30.57933,-44.99614,-15.88343,1,2020-07-15,10:48:47 10 Aug 2020,40000
2020,President,Trump,Biden,,24,0.00045,0.0230549,0.003025,0.996975,,0.768595,0.7595978,0.0097199,0.9990765,35.34845,63.27803,,1.373515,29.75814,57.56004,,0.7003919,41.04155,68.90629,,2.149582,-27.92958,-39.11724,-16.53399,1,2020-07-15,10:48:47 10 Aug 2020,40000
2020,President,Trump,Biden,,23,0.00395,0.7415686,0.20905,0.79095,,0.6964841,0.8788482,0.6086956,0.9170514,44.64206,54.026,,1.331933,37.15197,46.45091,,0.6791762,52.22276,61.5196,,2.082662,-9.383941,-24.32872,5.784376,1,2020-07-15,10:48:47 10 Aug 2020,40000
2020,President,Trump,Biden,,22,0.0016,0.1125289,0.898,0.102,,0.2628897,0.9693627,0.9869356,0.1304419,57.18078,41.99728,,0.8219364,49.51588,34.43562,,0.4235666,64.75667,49.66963,,1.277283,15.1835,-0.1362762,30.27545,1,2020-07-15,10:48:47 10 Aug 2020,40000
2020,President,Trump,Biden,,21,0.000125,0.0092694,0.971875,0.028125,,0.2458392,0.9893333,0.9988503,0.0367084,59.66243,39.12422,,1.213352,53.08463,32.61337,,0.6203654,66.16376,45.69446,,1.895733,20.5382,7.428648,33.52429,1,2020-07-15,10:48:47 10 Aug 2020,40000
2020,President,Trump,Biden,,20,0.000175,0.0210628,0.9168,0.0832,,0.2607984,0.9987981,0.9995819,0.1096306,55.62281,42.55535,,1.821841,49.56565,36.57294,,0.9230105,61.61603,48.60155,,2.862306,13.06746,1.029758,24.99307,1,2020-07-15,10:48:47 10 Aug 2020,40000
2020,President,Trump,Biden,,19,0.0036875,0.3361924,0.642125,0.357875,,0.3712283,0.9974153,0.996551,0.4709103,51.03863,47.59308,,1.368289,44.83432,41.3344,,0.6977865,57.30629,53.81046,,2.141293,3.445545,-8.955746,15.95191,1,2020-07-15,10:48:47 10 Aug 2020,40000
2020,President,Trump,Biden,,18,0.0003375,0.0167465,0.895325,0.104675,,0.2670539,0.9990447,0.9995819,0.1379617,54.98651,43.54391,,1.469582,49.10691,37.67976,,0.7482481,60.86586,49.4143,,2.302063,11.4426,-0.2646008,23.12091,1,2020-07-15,10:48:47 10 Aug 2020,40000
2020,President,Trump,Biden,,17,0.0051875,0.1316694,0.019225,0.980775,,0.8361508,0.7696465,0.0672032,0.9958443,38.55099,59.90371,,1.545289,32.39151,53.67575,,0.7858996,44.79136,66.09769,,2.422367,-21.35272,-33.69707,-8.952927,1,2020-07-15,10:48:47 10 Aug 2020,40000
2020,President,Trump,Biden,,16,0.000125,0.0235354,0.982375,0.017625,,0.2430335,0.9744681,0.9981188,0.0226583,62.1882,34.67454,,3.137259,54.33248,27.07936,,1.567478,69.88811,42.47233,,4.968862,27.51366,11.99501,42.74509,1,2020-07-15,10:48:47 10 Aug 2020,40000
2020,President,Trump,Biden,,28,0.0015875,0.183537,0.866525,0.133475,,0.2714001,0.96947,0.9831731,0.1707124,55.20276,43.99776,,0.7994769,48.59205,37.49162,,0.4122131,61.71832,50.60885,,1.24185,11.205,-2.017906,24.22087,1,2020-07-15,10:48:47 10 Aug 2020,40000
2020,President,Trump,Biden,,13,0.0163625,0.5361729,0.596675,0.403325,,0.3962794,0.9930577,0.9885033,0.5283971,50.50571,48.68401,,0.8102802,45.62549,43.74235,,0.4176766,55.44164,53.56344,,1.258892,1.821691,-7.920322,11.6825,1,2020-07-15,10:48:47 10 Aug 2020,40000
2020,President,Trump,Biden,,12,0.2762625,3.862487,0.29265,0.70735,,0.7706304,0.9801725,0.9428303,0.9146768,47.27964,51.89204,,0.8283172,41.75229,46.33579,,0.4267915,52.84008,57.42752,,1.287352,-4.612409,-15.66668,6.491745,1,2020-07-15,10:48:47 10 Aug 2020,40000
2020,President,Trump,Biden,,11,0.0,0.0,0.0,1.0,,,0.758,0.0,1.0,6.004137,90.44392,,3.551943,2.176828,85.66605,,1.768463,10.16434,94.77064,,5.63634,-84.43978,-92.333,-75.83813,1,2020-07-15,10:48:47 10 Aug 2020,40000
2020,President,Trump,Biden,,10,0.0001125,0.0339494,0.00385,0.99615,,0.9545454,0.7607539,0.0153637,0.9997692,37.51979,61.31062,,1.169591,32.31669,55.99561,,0.5984527,42.8377,66.52403,,1.826363,-23.79082,-34.19448,-13.14158,1,2020-07-15,10:48:47 10 Aug 2020,40000
2020,President,Trump,Biden,,09,0.001825,0.1575528,0.03085,0.96915,,0.9003242,0.7790074,0.1161162,0.9960092,39.68159,59.38974,,0.9286742,33.31794,52.88751,,0.4774202,46.18201,65.78439,,1.445647,-19.70815,-32.46116,-6.737944,1,2020-07-15,10:48:47 10 Aug 2020,40000
2020,President,Trump,Biden,,08,0.0250625,1.219308,0.136825,0.863175,,0.8777636,0.8590668,0.5020903,0.9782652,43.9201,54.20938,,1.870522,37.89417,48.11826,,0.94708,50.0246,60.26423,,2.939959,-10.28928,-22.31161,1.866892,1,2020-07-15,10:48:47 10 Aug 2020,40000
2020,President,Trump,Biden,,06,0.0026,0.025756,0.004775,0.995225,,0.7591623,0.7604813,0.0151547,0.9984828,34.7512,63.33522,,1.913581,28.58396,57.11321,,0.9683541,40.9602,69.50462,,3.008672,-28.58402,-40.89452,-16.20402,1,2020-07-15,10:48:47 10 Aug 2020,40000
2020,President,Trump,Biden,,05,0.000575,0.0716133,0.9033,0.0967,,0.263506,0.987849,0.9950878,0.1260224,56.14714,42.21917,,1.633694,49.25707,35.41892,,0.8298012,62.96304,49.08722,,2.56285,13.92798,0.2034359,27.52769,1,2020-07-15,10:48:47 10 Aug 2020,40000
2020,President,Trump,Biden,,04,0.0400625,2.02638,0.444325,0.555675,,0.5058234,0.9730058,0.9395903,0.7132916,48.64924,50.00792,,1.342845,42.44791,43.85648,,0.6850889,54.78707,56.19431,,2.100941,-1.358675,-13.72898,10.8944,1,2020-07-15,10:48:47 10 Aug 2020,40000
2020,President,Trump,Biden,,02,0.0021875,0.9702663,0.74155,0.25845,,0.3133302,0.9724318,0.9713629,0.3315633,52.53465,45.21595,,2.249401,45.11443,37.85598,,1.133794,59.90505,52.63647,,3.54475,7.318699,-7.435303,22.00831,1,2020-07-15,10:48:47 10 Aug 2020,40000
2020,President,Trump,Biden,,01,0.00025,0.0167113,0.968875,0.031125,,0.2459812,0.9718875,0.9963419,0.0399077,59.22065,40.00317,,0.7761735,52.99908,33.82924,,0.4004197,65.39256,46.2078,,1.205102,19.21748,6.805004,31.52958,1,2020-07-15,10:48:47 10 Aug 2020,40000
2020,President,Trump,Biden,,27,0.0543875,2.528697,0.1719,0.8281,,0.8634381,0.8874834,0.6205059,0.9695581,45.24069,53.39297,,1.366341,39.66603,47.76256,,0.6968145,50.85653,58.96161,,2.138201,-8.152278,-19.2398,3.063183,1,2020-07-15,10:48:47 10 Aug 2020,40000
2020,President,Trump,Biden,,29,0.001425,0.0714603,0.83415,0.16585,,0.2854702,0.9933675,0.9955059,0.2173483,53.86098,44.68235,,1.456664,47.68588,38.52558,,0.7418182,60.03754,50.85378,,2.281549,9.178637,-3.118797,21.47792,1,2020-07-15,10:48:47 10 Aug 2020,40000
2020,President,Trump,Biden,,56,1.25e-05,0.0062585,0.996225,0.003775,,0.2398555,0.9337748,0.9989548,0.0046504,68.01747,28.55403,,3.428501,60.35384,21.19645,,1.708753,75.46466,36.099,,5.437475,39.46344,24.47871,54.07016,1,2020-07-15,10:48:47 10 Aug 2020,40000
2020,President,Trump,Biden,,42,0.1804875,4.084835,0.2227,0.7773,,0.8666368,0.9378297,0.8068562,0.9617084,46.55378,52.68336,,0.7628638,41.34797,47.42724,,0.3936816,51.82025,57.89564,,1.18414,-6.129576,-16.55377,4.407215,1,2020-07-15,10:48:47 10 Aug 2020,40000
2020,President,Trump,Biden,,55,0.1024375,4.786481,0.25865,0.74135,,0.7779818,0.9471572,0.8412417,0.9263523,46.60917,52.35027,,1.04056,40.80604,46.48409,,0.5337307,52.48363,58.15602,,1.622337,-5.741108,-17.34882,5.984529,1,2020-07-15,10:48:47 10 Aug 2020,40000
2020,President,Trump,Biden,,54,8.75e-05,0.0191931,0.99015,0.00985,,0.2413776,0.9771574,0.9991639,0.0126979,65.45842,32.6909,,1.850685,57.47917,24.9257,,0.937274,73.27402,40.61009,,2.908311,32.76752,16.87977,48.29218,1,2020-07-15,10:48:47 10 Aug 2020,40000
2020,President,Trump,Biden,,53,0.0012625,0.0501656,0.016625,0.983375,,0.8165414,0.7677386,0.0567517,0.9960092,37.21551,60.54378,,2.240712,30.70893,53.92589,,1.129524,43.75432,67.11543,,3.530881,-23.32826,-36.36021,-10.2727,1,2020-07-15,10:48:47 10 Aug 2020,40000
2020,President,Trump,Biden,,51,0.0206,0.6947314,0.072425,0.927575,,0.9620297,0.8143277,0.2912835,0.9965039,43.61721,55.35053,,1.032253,38.53975,50.21642,,0.5295581,48.74126,60.41614,,1.609221,-11.73332,-21.84404,-1.48317,1,2020-07-15,10:48:47 10 Aug 2020,40000
2020,President,Trump,Biden,,50,0.0003125,0.1358035,0.010125,0.989875,,0.6814815,0.7625205,0.0288462,0.9957784,30.97704,66.29069,,2.732275,22.54394,57.54369,,1.370313,39.66173,74.76069,,4.317681,-35.31364,-52.13486,-17.92357,1,2020-07-15,10:48:47 10 Aug 2020,40000
2020,President,Trump,Biden,,49,0.0005875,0.0691096,0.91945,0.08055,,0.2586057,0.9819987,0.9940426,0.1043536,55.87751,40.80246,,3.320039,48.90922,34.00523,,1.656206,62.75543,47.67963,,5.262893,15.07505,1.375231,28.6055,1,2020-07-15,10:48:47 10 Aug 2020,40000
2020,President,Trump,Biden,,48,0.014375,0.2162254,0.654825,0.345175,,0.3644485,0.9982617,0.9977007,0.4545844,51.20668,47.7671,,1.026219,45.5359,42.03375,,0.5265248,56.93733,53.47415,,1.599695,3.439577,-7.913061,14.88002,1,2020-07-15,10:48:47 10 Aug 2020,40000
2020,President,Trump,Biden,,47,0.0006625,0.0369124,0.931175,0.068825,,0.2556716,0.9836542,0.9952968,0.089314,57.21785,41.67434,,1.107807,50.57793,35.04531,,0.5674798,63.85054,48.33152,,1.728495,15.54351,2.256815,28.7782,1,2020-07-15,10:48:47 10 Aug 2020,40000
2020,President,Trump,Biden,,46,0.000375,0.1360978,0.940025,0.059975,,0.2523603,0.9666528,0.9917433,0.0764842,59.21077,39.28783,,1.5014,51.15712,31.37152,,0.7640787,67.16872,47.36118,,2.35262,19.92294,3.782732,35.77042,1,2020-07-15,10:48:47 10 Aug 2020,40000
2020,President,Trump,Biden,,45,0.0007,0.0441944,0.8596,0.1404,,0.2774256,0.9948362,0.996969,0.1842678,54.04086,45.06438,,0.8947561,48.62666,39.69423,,0.4603314,59.4059,50.4767,,1.392147,8.976484,-1.84026,19.70049,1,2020-07-15,10:48:47 10 Aug 2020,40000
2020,President,Trump,Biden,,44,0.0009375,0.2859629,0.033725,0.966275,,0.8102298,0.7779359,0.1142349,0.9916887,37.29013,61.25846,,1.45141,29.36527,53.19343,,0.7392024,45.32361,69.1763,,2.273207,-23.96832,-39.78481,-7.879364,1,2020-07-15,10:48:47 10 Aug 2020,40000
2020,President,Trump,Biden,,30,0.0006125,0.1680979,0.863725,0.136275,,0.2739587,0.9807375,0.9892349,0.1763193,54.95099,42.84361,,2.205395,47.7528,35.68666,,1.112161,62.09488,50.03656,,3.474518,12.10738,-2.210583,26.32347,1,2020-07-15,10:48:47 10 Aug 2020,40000
2020,President,Trump,Biden,,41,0.0089125,0.603465,0.1003,0.8997,,0.7028913,0.809631,0.2947325,0.9609829,41.2716,56.31057,,2.417835,33.83708,48.73048,,1.216503,48.80565,63.76501,,3.813951,-15.03898,-29.90282,0.0244274,1,2020-07-15,10:48:47 10 Aug 2020,40000
2020,President,Trump,Biden,,39,0.0313375,0.7862247,0.503275,0.496725,,0.4706174,0.9951683,0.9901756,0.6521438,49.48245,49.47533,,1.042217,43.87215,43.86066,,0.5345631,55.10746,55.09476,,1.624954,0.0071204,-11.21626,11.24659,1,2020-07-15,10:48:47 10 Aug 2020,40000
2020,President,Trump,Biden,,38,5e-05,0.0229445,0.9785,0.0215,,0.2442514,0.9906977,0.9991639,0.0281003,60.41608,36.87966,,2.704263,53.32969,29.91193,,1.356635,67.43292,43.96497,,4.272769,23.53642,9.478134,37.45891,1,2020-07-15,10:48:47 10 Aug 2020,40000
2020,President,Trump,Biden,,37,0.048,1.366098,0.447475,0.552525,,0.5147774,0.9833039,0.9630017,0.7167546,49.04326,50.18423,,0.7725077,43.60098,44.73355,,0.3985642,54.5021,55.63409,,1.199323,-1.140975,-12.05361,9.769512,1,2020-07-15,10:48:47 10 Aug 2020,40000
2020,President,Trump,Biden,,36,0.0021,0.0386586,0.007975,0.992025,,0.815047,0.7626572,0.0271739,0.9981201,36.63177,62.25618,,1.112054,30.66083,56.13038,,0.5696099,42.78777,68.24509,,1.735219,-25.62441,-37.55764,-13.34539,1,2020-07-15,10:48:47 10 Aug 2020,40000
2020,President,Trump,Biden,,35,0.009975,1.728762,0.094675,0.905325,,0.8951677,0.826416,0.354306,0.9870383,42.68506,55.47316,,1.841779,36.53048,49.22572,,0.9328711,48.93502,61.65768,,2.894106,-12.7881,-25.05124,-0.3253479,1,2020-07-15,10:48:47 10 Aug 2020,40000
2020,President,Trump,Biden,,34,0.009325,0.3396224,0.05065,0.94935,,0.7379072,0.7846421,0.15625,0.9827177,40.21068,58.89876,,0.8905606,33.22894,51.78405,,0.458217,47.30363,65.88875,,1.385531,-18.68808,-32.64526,-4.521551,1,2020-07-15,10:48:47 10 Aug 2020,40000
2020,President,Trump,Biden,,33,0.0185,3.443236,0.276375,0.723625,,0.704749,0.9357747,0.8142768,0.8933377,46.12069,52.80251,,1.076812,38.84853,45.41677,,0.5519305,53.50519,60.05112,,1.679528,-6.681819,-21.19015,8.090853,1,2020-07-15,10:48:47 10 Aug 2020,40000
2020,President,Trump,Biden,,32,0.0355375,4.134761,0.2145,0.7855,,0.8134032,0.9147359,0.7294105,0.9479222,45.51607,52.73115,,1.752779,39.57792,46.77176,,0.8888313,51.46581,58.64986,,2.752244,-7.215082,-19.03049,4.643692,1,2020-07-15,10:48:47 10 Aug 2020,40000
2020,President,Trump,Biden,,31,1.25e-05,0.0018976,0.976275,0.023725,,0.2449617,0.9978925,0.999791,0.0312335,58.7321,39.41302,,1.85488,52.75636,33.53522,,0.9395871,64.63017,45.34229,,2.917101,19.31907,7.470387,31.02796,1,2020-07-15,10:48:47 10 Aug 2020,40000
2020,President,Trump,Biden,,40,7.5e-05,0.0071824,0.9889,0.0111,,0.2416068,0.9752252,0.9988503,0.014281,62.77218,36.02156,,1.206267,56.02316,29.34675,,0.6168191,69.46516,42.74405,,1.884499,26.75062,13.27863,40.11499,1,2020-07-15,10:48:47 10 Aug 2020,40000
2020,President,Trump,Biden,,21,0.0002375,0.0176531,0.96985,0.03015,,0.2663041,0.9917081,0.999033,0.0404875,59.7677,39.01519,,1.217109,53.06042,32.43381,,0.6220559,66.35498,45.70713,,1.893873,20.75251,7.388338,33.8849,1,2020-07-14,10:51:08 10 Aug 2020,40000
2020,President,Trump,Biden,,17,0.005475,0.1396266,0.023425,0.976575,,0.8665955,0.75304,0.0785224,0.9958023,38.6106,59.82958,,1.559822,32.3218,53.45873,,0.7930477,44.98895,66.13831,,2.434886,-21.21898,-33.80434,-8.535583,1,2020-07-14,10:51:08 10 Aug 2020,40000
2020,President,Trump,Biden,,18,0.0003375,0.016964,0.893825,0.106175,,0.2890107,0.9981163,0.9992264,0.1435003,55.08601,43.43644,,1.477554,49.05182,37.45959,,0.7521166,61.06672,49.46704,,2.30493,11.64958,-0.3648052,23.56991,1,2020-07-14,10:51:08 10 Aug 2020,40000
2020,President,Trump,Biden,,19,0.0039375,0.3569844,0.64905,0.35095,,0.3971574,0.9977917,0.9970989,0.4741706,51.17079,47.45229,,1.376921,44.68833,41.02848,,0.7019637,57.61952,53.91912,,2.146127,3.718505,-9.1859,16.57505,1,2020-07-14,10:51:08 10 Aug 2020,40000
2020,President,Trump,Biden,,20,0.0002375,0.0306717,0.915425,0.084575,,0.2823279,0.9991132,0.9997099,0.1144211,55.73914,42.42822,,1.832639,49.54273,36.32253,,0.92831,61.88538,48.61828,,2.867006,13.31092,0.9755306,25.54333,1,2020-07-14,10:51:08 10 Aug 2020,40000
2020,President,Trump,Biden,,26,0.0621375,1.75033,0.1604,0.8396,,0.9459165,0.869551,0.5868871,0.9885917,45.07308,53.74528,,1.181645,39.37788,48.06212,,0.6042759,50.78213,59.42952,,1.837987,-8.672199,-20.03188,2.71232,1,2020-07-14,10:51:08 10 Aug 2020,40000
2020,President,Trump,Biden,,22,0.001875,0.1298713,0.89465,0.10535,,0.2852233,0.9674893,0.9870419,0.1380163,57.14585,42.02501,,0.8291389,49.39005,34.34361,,0.426963,64.84053,49.77032,,1.28367,15.12083,-0.3553028,30.49399,1,2020-07-14,10:51:08 10 Aug 2020,40000
2020,President,Trump,Biden,,23,0.004275,0.8050431,0.221525,0.778475,,0.7034195,0.8649603,0.6027464,0.9117807,44.82421,53.83979,,1.336,37.14658,46.06294,,0.6815454,52.64049,61.54639,,2.081238,-9.015579,-24.37958,6.554993,1,2020-07-14,10:51:08 10 Aug 2020,40000
2020,President,Trump,Biden,,24,0.0005625,0.0292996,0.002925,0.997075,,0.8119658,0.7401148,0.0091867,0.9992552,35.44427,63.17403,,1.3817,29.752,57.35484,,0.7043476,41.25264,68.8952,,2.153671,-27.72975,-39.11987,-16.12143,1,2020-07-14,10:51:08 10 Aug 2020,40000
2020,President,Trump,Biden,,25,0.00065,0.0278639,0.009225,0.990775,,0.8428184,0.7439126,0.0300745,0.9980366,34.07882,64.40247,,1.518705,26.77104,56.93233,,0.7725981,41.5608,71.74419,,2.369922,-30.32366,-44.97472,-15.39562,1,2020-07-14,10:51:08 10 Aug 2020,40000
2020,President,Trump,Biden,,15,0.0004,0.1295263,0.0105,0.9895,,0.5714286,0.7418393,0.0232086,0.9939743,29.67143,68.67992,,1.648644,20.43342,59.08894,,0.8371588,39.20863,77.96546,,2.575461,-39.0085,-57.52907,-19.90587,1,2020-07-14,10:51:08 10 Aug 2020,40000
2020,President,Trump,Biden,,16,0.0001125,0.0204957,0.98155,0.01845,,0.2631552,0.9864498,0.9991297,0.0246445,62.30856,34.52225,,3.169182,54.37672,26.86945,,1.583419,70.03316,42.36987,,4.996466,27.78631,12.1004,43.0223,1,2020-07-14,10:51:08 10 Aug 2020,40000
2020,President,Trump,Biden,,09,0.0016625,0.1447031,0.0341,0.9659,,0.9127566,0.7614919,0.1203945,0.9959716,39.79509,59.26892,,0.935994,33.20779,52.55105,,0.4808546,46.50257,65.86671,,1.451392,-19.47384,-32.63609,-6.061199,1,2020-07-14,10:51:08 10 Aug 2020,40000
2020,President,Trump,Biden,,13,0.0224375,0.7406326,0.571375,0.428625,,0.445023,0.9897346,0.9835606,0.5744414,50.27521,48.922,,0.802787,45.20567,43.90061,,0.4136393,55.28906,53.9892,,1.242335,1.353208,-8.742357,11.36092,1,2020-07-14,10:51:08 10 Aug 2020,40000
2020,President,Trump,Biden,,12,0.273025,3.816588,0.30905,0.69095,,0.7892736,0.978146,0.9435258,0.9151659,47.40847,51.76132,,0.8302069,41.68997,46.02068,,0.4275026,53.13704,57.46752,,1.285345,-4.352849,-15.76188,7.120726,1,2020-07-14,10:51:08 10 Aug 2020,40000
2020,President,Trump,Biden,,11,0.0,0.0,2.5e-05,0.999975,,0.0,0.7384934,0.0,0.9999661,6.005246,90.41661,,3.578141,2.174051,85.66951,,1.781865,10.22228,94.74229,,5.651466,-84.41137,-92.34592,-75.8063,1,2020-07-14,10:51:08 10 Aug 2020,40000
2020,President,Trump,Biden,,10,0.000125,0.0380201,0.00465,0.99535,,0.983871,0.7418747,0.0176965,0.9998984,37.61653,61.20536,,1.178108,32.23814,55.76588,,0.6025017,43.05158,66.57634,,1.832414,-23.58883,-34.29892,-12.71158,1,2020-07-14,10:51:08 10 Aug 2020,40000
2020,President,Trump,Biden,,08,0.02695,1.307112,0.1486,0.8514,,0.8953567,0.8494245,0.5146504,0.9792823,44.0602,54.05627,,1.88353,37.87114,47.8362,,0.9534729,50.28444,60.26583,,2.947812,-9.996073,-22.32435,2.402079,1,2020-07-14,10:51:08 10 Aug 2020,40000
2020,President,Trump,Biden,,06,0.00285,0.0291754,0.005525,0.994475,,0.8280543,0.7416476,0.0176965,0.9987136,34.87081,63.20572,,1.92347,28.59718,56.83665,,0.9732069,41.19657,69.52535,,3.011247,-28.33491,-40.84892,-15.6885,1,2020-07-14,10:51:08 10 Aug 2020,40000
2020,President,Trump,Biden,,05,0.0006375,0.0771204,0.9029,0.0971,,0.2853583,0.9909887,0.9966154,0.1302979,56.23659,42.12085,,1.642561,49.24619,35.23053,,0.8341408,63.15639,49.09405,,2.565827,14.11575,0.2147942,27.89259,1,2020-07-14,10:51:08 10 Aug 2020,40000
2020,President,Trump,Biden,,04,0.0394625,2.000069,0.45355,0.54645,,0.5371513,0.9718181,0.9423653,0.7190927,48.75204,49.90219,,1.345766,42.39967,43.52985,,0.6864173,55.1432,56.24927,,2.096955,-1.150158,-13.82609,11.58616,1,2020-07-14,10:51:08 10 Aug 2020,40000
2020,President,Trump,Biden,,02,0.002675,1.193374,0.745375,0.254625,,0.3365085,0.9690722,0.9702156,0.3341232,52.67092,45.08126,,2.247819,45.14243,37.54358,,1.133152,60.21674,52.64754,,3.526621,7.589661,-7.461458,22.65006,1,2020-07-14,10:51:08 10 Aug 2020,40000
2020,President,Trump,Biden,,01,0.0004,0.025868,0.967375,0.032625,,0.2666753,0.9831418,0.9978725,0.0434326,59.24159,39.98028,,0.7781306,52.92652,33.76523,,0.4011636,65.46229,46.28214,,1.20365,19.26131,6.651691,31.65915,1,2020-07-14,10:51:08 10 Aug 2020,40000
2020,President,Trump,Biden,,28,0.0017375,0.1997374,0.861975,0.138025,,0.2949331,0.9686651,0.9833672,0.1810427,55.19968,43.99743,,0.8028948,48.50249,37.38124,,0.4136938,61.80022,50.66201,,1.242504,11.20225,-2.140028,24.42355,1,2020-07-14,10:51:08 10 Aug 2020,40000
2020,President,Trump,Biden,,27,0.0534125,2.482971,0.186925,0.813075,,0.866524,0.87824,0.6265352,0.9669262,45.34441,53.27966,,1.375939,39.58405,47.45454,,0.701474,51.1728,59.03686,,2.144578,-7.935251,-19.45189,3.671059,1,2020-07-14,10:51:08 10 Aug 2020,40000
2020,President,Trump,Biden,,29,0.001575,0.0787894,0.83445,0.16555,,0.3087063,0.9944125,0.996422,0.2229181,53.9908,44.54484,,1.464361,47.70525,38.27239,,0.7455467,60.29267,50.85235,,2.284097,9.445966,-3.127064,21.98718,1,2020-07-14,10:51:08 10 Aug 2020,40000
2020,President,Trump,Biden,,56,1.25e-05,0.0089561,0.995975,0.004025,,0.2593439,0.9440994,0.9991297,0.0051456,68.03783,28.49996,,3.462212,60.28351,21.05692,,1.725695,75.61746,36.17958,,5.465641,39.53786,24.29905,54.41314,1,2020-07-14,10:51:08 10 Aug 2020,40000
2020,President,Trump,Biden,,42,0.178175,4.035392,0.241275,0.758725,,0.8677857,0.9322548,0.809883,0.957786,46.68158,52.55281,,0.7656164,41.27876,47.10769,,0.3948282,52.14078,57.97013,,1.184001,-5.87123,-16.67668,5.015402,1,2020-07-14,10:51:08 10 Aug 2020,40000
2020,President,Trump,Biden,,30,0.0010375,0.2816813,0.865225,0.134775,,0.2959924,0.9818215,0.9906198,0.1791808,55.09702,42.69715,,2.205828,47.8015,35.47244,,1.112509,62.35398,49.98494,,3.459816,12.39987,-2.088942,26.82652,1,2020-07-14,10:51:08 10 Aug 2020,40000
2020,President,Trump,Biden,,55,0.09785,4.573289,0.276425,0.723575,,0.792801,0.9435788,0.8476936,0.9245092,46.75077,52.20336,,1.045875,40.74836,46.16819,,0.5360858,52.78115,58.19908,,1.624224,-5.452591,-17.43771,6.605719,1,2020-07-14,10:51:08 10 Aug 2020,40000
2020,President,Trump,Biden,,54,8.75e-05,0.0189072,0.989,0.011,,0.2611476,0.9772727,0.999033,0.0145565,65.55285,32.58782,,1.859333,57.53966,24.75624,,0.941511,73.42668,40.58703,,2.909387,32.96503,17.00418,48.62891,1,2020-07-14,10:51:08 10 Aug 2020,40000
2020,President,Trump,Biden,,53,0.0017625,0.0708555,0.018675,0.981325,,0.8567604,0.7498535,0.0618896,0.9964116,37.36315,60.37989,,2.256956,30.7204,53.67033,,1.137643,44.06987,67.05153,,3.541167,-23.01674,-36.26439,-9.690754,1,2020-07-14,10:51:08 10 Aug 2020,40000
2020,President,Trump,Biden,,51,0.0213375,0.7233048,0.07965,0.92035,,0.9607658,0.7991525,0.2960062,0.9959377,43.68634,55.27376,,1.039895,38.44545,50.0295,,0.533078,48.94249,60.53083,,1.614809,-11.58741,-22.07437,-1.112713,1,2020-07-14,10:51:08 10 Aug 2020,40000
2020,President,Trump,Biden,,50,0.0002625,0.113158,0.01105,0.98895,,0.7330317,0.7437686,0.0313316,0.9960054,31.17272,66.06767,,2.759609,22.49741,57.15373,,1.383809,40.02582,74.76016,,4.342287,-34.89495,-52.16418,-17.20309,1,2020-07-14,10:51:08 10 Aug 2020,40000
2020,President,Trump,Biden,,49,0.0007625,0.0894898,0.92075,0.07925,,0.2794461,0.9845426,0.9952616,0.1056534,56.02173,40.63938,,3.338892,48.99249,33.77486,,1.665869,62.95142,47.63906,,5.268097,15.38235,1.511059,28.99456,1,2020-07-14,10:51:08 10 Aug 2020,40000
2020,President,Trump,Biden,,47,0.000725,0.0406862,0.927,0.073,,0.2779396,0.9880137,0.9966154,0.0976642,57.25859,41.62834,,1.113074,50.40866,34.94423,,0.5698608,63.94475,48.48106,,1.730076,15.63025,1.939001,28.98609,1,2020-07-14,10:51:08 10 Aug 2020,40000
2020,President,Trump,Biden,,46,0.0003375,0.1195909,0.938325,0.061675,,0.2736259,0.9712201,0.9931341,0.0811104,59.2624,39.22143,,1.51617,51.00468,31.19371,,0.7713368,67.31125,47.44844,,2.365918,20.04097,3.536633,36.06051,1,2020-07-14,10:51:08 10 Aug 2020,40000
2020,President,Trump,Biden,,45,0.000775,0.0509611,0.855975,0.144025,,0.3012354,0.9953133,0.997389,0.1941097,54.09902,45.0018,,0.8991745,48.56277,39.53423,,0.462305,59.57936,50.54652,,1.393571,9.097219,-1.935341,20.02623,1,2020-07-14,10:51:08 10 Aug 2020,40000
2020,President,Trump,Biden,,44,0.001425,0.4311787,0.036975,0.963025,,0.8323191,0.7605202,0.1190407,0.99174,37.4072,61.12722,,1.465586,29.30408,52.89782,,0.7461568,45.67049,69.24086,,2.286032,-23.72002,-39.907,-7.221056,1,2020-07-14,10:51:08 10 Aug 2020,40000
2020,President,Trump,Biden,,48,0.0158625,0.238327,0.65985,0.34015,,0.3906949,0.9977951,0.9971956,0.4595802,51.30808,47.66311,,1.028816,45.47972,41.86497,,0.5275106,57.10742,53.50096,,1.59737,3.644975,-8.024397,15.2428,1,2020-07-14,10:51:08 10 Aug 2020,40000
2020,President,Trump,Biden,,41,0.009625,0.6457379,0.1087,0.8913,,0.7205612,0.7948222,0.3029688,0.9592755,41.41777,56.13832,,2.443909,33.79836,48.47733,,1.229392,49.09092,63.76729,,3.83882,-14.72054,-29.89194,0.5803967,1,2020-07-14,10:51:08 10 Aug 2020,40000
2020,President,Trump,Biden,,35,0.009275,1.610757,0.10595,0.89405,,0.9008967,0.8145518,0.3692099,0.9861205,42.79099,55.35228,,1.856732,36.43015,48.88512,,0.9402254,49.24493,61.72698,,2.905258,-12.56129,-25.21627,0.3468933,1,2020-07-14,10:51:08 10 Aug 2020,40000
2020,President,Trump,Biden,,40,7.5e-05,0.006972,0.987,0.013,,0.2616515,0.9788461,0.9989363,0.0172309,62.83932,35.94852,,1.212155,55.93535,29.26238,,0.6195731,69.54726,42.83924,,1.886066,26.8908,13.12786,40.26079,1,2020-07-14,10:51:08 10 Aug 2020,40000
2020,President,Trump,Biden,,32,0.03505,4.079164,0.229475,0.770525,,0.8234012,0.9069141,0.7308771,0.9462424,45.63932,52.5941,,1.76657,39.56696,46.48268,,0.8956115,51.74402,58.6255,,2.762291,-6.95478,-19.00323,5.192137,1,2020-07-14,10:51:08 10 Aug 2020,40000
2020,President,Trump,Biden,,33,0.017175,3.180898,0.29525,0.70475,,0.7127858,0.9289464,0.8140412,0.8864929,46.31266,52.60242,,1.084913,38.75832,45.06495,,0.5557129,53.84401,60.14208,,1.685748,-6.289759,-21.37052,8.760841,1,2020-07-14,10:51:08 10 Aug 2020,40000
2020,President,Trump,Biden,,34,0.009175,0.3345715,0.05625,0.94375,,0.7644445,0.7685298,0.1663282,0.9821259,40.32217,58.78318,,0.8946485,33.08601,51.50961,,0.4600231,47.59994,66.02393,,1.386464,-18.461,-32.90929,-3.907801,1,2020-07-14,10:51:08 10 Aug 2020,40000
2020,President,Trump,Biden,,31,3.75e-05,0.0059193,0.9744,0.0256,,0.2651632,0.9941406,0.9994198,0.0344617,58.81726,39.313,,1.869739,52.66359,33.29885,,0.9465299,64.86053,45.44667,,2.925157,19.50426,7.25828,31.53599,1,2020-07-14,10:51:08 10 Aug 2020,40000
2020,President,Trump,Biden,,36,0.002275,0.0421289,0.008875,0.991125,,0.8394366,0.7436751,0.0288173,0.9980704,36.7132,62.16722,,1.119578,30.46582,55.89085,,0.5731271,43.00649,68.40477,,1.740308,-25.45403,-37.9302,-12.88507,1,2020-07-14,10:51:08 10 Aug 2020,40000
2020,President,Trump,Biden,,37,0.0510125,1.452207,0.4434,0.5566,,0.5564389,0.9782159,0.9543564,0.7372715,48.99577,50.22314,,0.7810889,43.41457,44.61623,,0.4026609,54.59631,55.80865,,1.208296,-1.227369,-12.39366,9.956079,1,2020-07-14,10:51:08 10 Aug 2020,40000
2020,President,Trump,Biden,,38,0.0001,0.0391477,0.97675,0.02325,,0.2644484,0.9903226,0.9991297,0.0311781,60.554,36.73075,,2.715249,53.29713,29.6875,,1.362153,67.6721,43.99369,,4.271452,23.82325,9.393129,37.85069,1,2020-07-14,10:51:08 10 Aug 2020,40000
2020,President,Trump,Biden,,39,0.0292125,0.7311637,0.523525,0.476475,,0.4898524,0.9956451,0.9919737,0.6423832,49.73499,49.23389,,1.031128,43.92455,43.43671,,0.5286727,55.52724,55.03085,,1.601009,0.5011006,-11.10611,12.08599,1,2020-07-14,10:51:08 10 Aug 2020,40000
2020,President,Trump,Biden,,15,0.00045,0.1466537,0.0111,0.9889,,0.6126126,0.7427951,0.0263387,0.9941801,29.63643,68.71268,,1.65088,20.43768,59.19542,,0.8329134,39.13806,77.99197,,2.589211,-39.07626,-57.54932,-20.06605,1,2020-07-13,10:51:31 10 Aug 2020,40000
2020,President,Trump,Biden,,26,0.065725,1.858333,0.16385,0.83615,,0.9441562,0.8731388,0.599206,0.9881234,45.04579,53.77491,,1.179301,39.34512,48.04782,,0.5991139,50.78088,59.46091,,1.841125,-8.72912,-20.07814,2.70752,1,2020-07-13,10:51:31 10 Aug 2020,40000
2020,President,Trump,Biden,,25,0.000575,0.024803,0.008975,0.991025,,0.8077995,0.7438006,0.0280817,0.9976653,34.06699,64.41838,,1.514633,26.55549,56.81689,,0.7655673,41.61809,71.9507,,2.372704,-30.35139,-45.37641,-15.22392,1,2020-07-13,10:51:31 10 Aug 2020,40000
2020,President,Trump,Biden,,24,0.000425,0.0219143,0.00365,0.99635,,0.8150685,0.7408792,0.0115232,0.9990864,35.42636,63.19577,,1.377866,29.70543,57.39403,,0.697831,41.19442,68.9306,,2.155612,-27.7694,-39.18326,-16.23059,1,2020-07-13,10:51:31 10 Aug 2020,40000
2020,President,Trump,Biden,,23,0.00445,0.8395007,0.224175,0.775825,,0.7185235,0.8716528,0.6238985,0.9152737,44.81366,53.85414,,1.332201,37.0811,46.05695,,0.6751786,52.60225,61.61693,,2.083602,-9.040482,-24.5356,6.552324,1,2020-07-13,10:51:31 10 Aug 2020,40000
2020,President,Trump,Biden,,22,0.0016875,0.1162953,0.894625,0.105375,,0.2842532,0.9625148,0.9849908,0.1372741,57.16423,42.00576,,0.830015,49.37391,34.29537,,0.4246992,64.87947,49.78055,,1.289897,15.15847,-0.4202003,30.55961,1,2020-07-13,10:51:31 10 Aug 2020,40000
2020,President,Trump,Biden,,21,0.000175,0.0123256,0.96915,0.03085,,0.2662385,0.9951378,0.999419,0.0415511,59.74956,39.03544,,1.215,52.95317,32.3071,,0.6168904,66.46582,45.82858,,1.897595,20.71411,7.176508,34.15601,1,2020-07-13,10:51:31 10 Aug 2020,40000
2020,President,Trump,Biden,,20,0.0001875,0.0221742,0.91435,0.08565,,0.2823591,1.0,1.0,0.1159234,55.68642,42.48597,,1.827615,49.49126,36.34518,,0.9199274,61.85308,48.68425,,2.870388,13.20045,0.7997189,25.46328,1,2020-07-13,10:51:31 10 Aug 2020,40000
2020,President,Trump,Biden,,19,0.004575,0.4138761,0.6463,0.3537,,0.3985765,0.998233,0.9977728,0.477871,51.13266,47.49441,,1.372928,44.66663,41.05399,,0.6953807,57.56824,53.93294,,2.147776,3.638256,-9.236692,16.44862,1,2020-07-13,10:51:31 10 Aug 2020,40000
2020,President,Trump,Biden,,18,0.000475,0.0239345,0.8918,0.1082,,0.2894147,0.9993069,0.9997095,0.1463423,55.05355,43.47263,,1.473822,49.02732,37.45348,,0.7453777,61.08406,49.52028,,2.307963,11.58091,-0.4557457,23.60494,1,2020-07-13,10:51:31 10 Aug 2020,40000
2020,President,Trump,Biden,,17,0.0041,0.1025372,0.021675,0.978325,,0.8477508,0.7519996,0.0711727,0.9957366,38.55841,59.87976,,1.561832,32.22346,53.48845,,0.7888991,44.94755,66.2373,,2.447656,-21.32135,-33.99179,-8.555447,1,2020-07-13,10:51:31 10 Aug 2020,40000
2020,President,Trump,Biden,,16,0.0001375,0.027305,0.98035,0.01965,,0.2629418,0.9796438,0.9984506,0.026054,62.24601,34.57979,,3.174198,54.27767,26.80043,,1.576098,70.07513,42.49874,,5.024378,27.66622,11.95599,43.19155,1,2020-07-13,10:51:31 10 Aug 2020,40000
2020,President,Trump,Biden,,28,0.0018625,0.2161776,0.8598,0.1402,,0.2948651,0.9657632,0.981989,0.1832578,55.19877,44.00003,,0.8011984,48.46837,37.40158,,0.4102429,61.814,50.72581,,1.244499,11.19874,-2.279385,24.41379,1,2020-07-13,10:51:31 10 Aug 2020,40000
2020,President,Trump,Biden,,13,0.0228375,0.7578524,0.5682,0.4318,,0.4470257,0.9896943,0.9838288,0.5783989,50.25768,48.94148,,0.8008437,45.17647,43.89739,,0.4100648,55.29845,54.00343,,1.24394,1.316195,-8.824911,11.39903,1,2020-07-13,10:51:31 10 Aug 2020,40000
2020,President,Trump,Biden,,12,0.2637625,3.685162,0.3163,0.6837,,0.7722099,0.9788284,0.9460637,0.9057657,47.46522,51.70329,,0.8314862,41.71561,45.98898,,0.425437,53.20011,57.4543,,1.292214,-4.238074,-15.73281,7.191326,1,2020-07-13,10:51:31 10 Aug 2020,40000
2020,President,Trump,Biden,,11,0.0,0.0,2.5e-05,0.999975,,0.0,0.7388435,0.0,0.9999661,5.977546,90.44118,,3.581275,2.136593,85.72356,,1.772472,10.15897,94.75445,,5.679563,-84.46363,-92.40175,-75.92387,1,2020-07-13,10:51:31 10 Aug 2020,40000
2020,President,Trump,Biden,,10,3.75e-05,0.0107755,0.005125,0.994875,,0.9463415,0.7423797,0.0187857,0.9996278,37.61838,61.207,,1.174621,32.17628,55.74457,,0.596783,43.08461,66.67091,,1.833732,-23.58862,-34.49139,-12.70639,1,2020-07-13,10:51:31 10 Aug 2020,40000
2020,President,Trump,Biden,,09,0.0018125,0.1582075,0.034275,0.965725,,0.9066375,0.7617852,0.1203641,0.9957028,39.76581,59.30112,,0.9330713,33.10151,52.61523,,0.4763255,46.45541,65.95641,,1.452306,-19.53531,-32.82888,-6.192953,1,2020-07-13,10:51:31 10 Aug 2020,40000
2020,President,Trump,Biden,,08,0.0256,1.249871,0.1474,0.8526,,0.8926391,0.8484049,0.5096349,0.9790214,44.00592,54.11637,,1.877707,37.79006,47.8592,,0.9445349,50.22737,60.31651,,2.95017,-10.11045,-22.45519,2.349707,1,2020-07-13,10:51:31 10 Aug 2020,40000
2020,President,Trump,Biden,,06,0.0027,0.0267424,0.0061,0.9939,,0.7827869,0.7420515,0.0184952,0.9982067,34.83401,63.24767,,1.918323,28.48444,56.84584,,0.9644728,41.209,69.64702,,3.014918,-28.41365,-41.10653,-15.67438,1,2020-07-13,10:51:31 10 Aug 2020,40000
2020,President,Trump,Biden,,05,0.00055,0.0675001,0.899325,0.100675,,0.2858533,0.9890738,0.9957393,0.1347702,56.20518,42.1562,,1.638626,49.15128,35.1598,,0.8268627,63.21005,49.2147,,2.569735,14.04898,-0.0325947,28.00272,1,2020-07-13,10:51:31 10 Aug 2020,40000
2020,President,Trump,Biden,,04,0.0396,2.011883,0.453275,0.546725,,0.5371463,0.9723353,0.9430619,0.7194965,48.74722,49.90924,,1.343541,42.32713,43.59578,,0.6807933,55.06609,56.30851,,2.101203,-1.162015,-13.96742,11.43094,1,2020-07-13,10:51:31 10 Aug 2020,40000
2020,President,Trump,Biden,,02,0.0020125,0.9015898,0.746225,0.253775,,0.3361587,0.9705448,0.9716278,0.3333559,52.66903,45.08799,,2.242983,45.05893,37.55296,,1.123475,60.2071,52.68167,,3.532625,7.581044,-7.492479,22.59758,1,2020-07-13,10:51:31 10 Aug 2020,40000
2020,President,Trump,Biden,,01,0.000425,0.0280906,0.967175,0.032825,,0.2663685,0.9832445,0.9978697,0.0436828,59.26328,39.96036,,0.7763613,52.91362,33.65871,,0.3977647,65.5791,46.30173,,1.205394,19.30292,6.620071,31.93537,1,2020-07-13,10:51:31 10 Aug 2020,40000
2020,President,Trump,Biden,,27,0.05185,2.412859,0.184775,0.815225,,0.8705182,0.8775798,0.623027,0.9682953,45.3207,53.30759,,1.37171,39.54738,47.499,,0.6947761,51.11253,59.09029,,2.145843,-7.986886,-19.54998,3.582504,1,2020-07-13,10:51:31 10 Aug 2020,40000
2020,President,Trump,Biden,,29,0.0015,0.0750918,0.8309,0.1691,,0.3099952,0.996304,0.997676,0.2280233,53.94544,44.59413,,1.460437,47.64869,38.25565,,0.7387537,60.29507,50.91508,,2.28673,9.351312,-3.211462,22.02743,1,2020-07-13,10:51:31 10 Aug 2020,40000
2020,President,Trump,Biden,,56,3.75e-05,0.0198371,0.996,0.004,,0.2589357,0.93125,0.9989348,0.0050416,68.0623,28.47027,,3.467427,60.23219,20.97145,,1.717622,75.67299,36.20276,,5.496032,39.59203,24.22894,54.54549,1,2020-07-13,10:51:31 10 Aug 2020,40000
2020,President,Trump,Biden,,42,0.1826,4.138295,0.239575,0.760425,,0.8769696,0.933787,0.8137891,0.9610543,46.66099,52.57468,,0.7643273,41.23836,47.11782,,0.3917134,52.10303,57.99573,,1.186458,-5.91369,-16.74028,4.964502,1,2020-07-13,10:51:31 10 Aug 2020,40000
2020,President,Trump,Biden,,55,0.1033,4.825781,0.27565,0.72435,,0.7926719,0.943294,0.8463252,0.9247817,46.73223,52.22443,,1.043348,40.71732,46.20973,,0.5313672,52.74182,58.24319,,1.626358,-5.492201,-17.52332,6.522905,1,2020-07-13,10:51:31 10 Aug 2020,40000
2020,President,Trump,Biden,,54,8.75e-05,0.0172535,0.989525,0.010475,,0.2606806,0.9785203,0.9991285,0.0138729,65.55217,32.5927,,1.855137,57.48376,24.68517,,0.9334502,73.48196,40.65983,,2.914201,32.95947,16.8192,48.78035,1,2020-07-13,10:51:31 10 Aug 2020,40000
2020,President,Trump,Biden,,53,0.0015625,0.0624526,0.019075,0.980925,,0.8676278,0.750669,0.0641038,0.9966164,37.32132,60.42838,,2.250293,30.66323,53.71237,,1.127049,44.00443,67.13181,,3.544311,-23.10706,-36.4154,-9.778011,1,2020-07-13,10:51:31 10 Aug 2020,40000
2020,President,Trump,Biden,,51,0.021575,0.7234777,0.078675,0.921325,,0.969177,0.7993922,0.2953423,0.9968194,43.65568,55.3073,,1.037023,38.42776,50.04359,,0.5282146,48.92081,60.56506,,1.616373,-11.65162,-22.13759,-1.145761,1,2020-07-13,10:51:31 10 Aug 2020,40000
2020,President,Trump,Biden,,50,0.000375,0.1716294,0.010525,0.989475,,0.7434679,0.7440057,0.0303089,0.9963795,31.12995,66.10625,,2.763806,22.51351,57.32741,,1.377282,39.90276,74.74708,,4.365874,-34.9763,-52.15138,-17.52793,1,2020-07-13,10:51:31 10 Aug 2020,40000
2020,President,Trump,Biden,,49,0.000875,0.1010061,0.9179,0.0821,,0.2799869,0.9853837,0.9954488,0.1094945,55.97346,40.69638,,3.330159,48.90083,33.72743,,1.651433,62.97568,47.70175,,5.275222,15.27709,1.330736,29.08777,1,2020-07-13,10:51:31 10 Aug 2020,40000
2020,President,Trump,Biden,,48,0.0145625,0.2187932,0.6601,0.3399,,0.3903575,0.9984554,0.9980633,0.4593287,51.3117,47.66161,,1.026698,45.3889,41.82323,,0.5230667,57.16045,53.60659,,1.600073,3.650088,-8.200317,15.32186,1,2020-07-13,10:51:31 10 Aug 2020,40000
2020,President,Trump,Biden,,47,0.0006625,0.0352456,0.926625,0.073375,,0.2778632,0.99046,0.9972886,0.0983623,57.25277,41.63652,,1.110708,50.41268,34.82596,,0.5649469,64.07439,48.45586,,1.73278,15.61625,1.995947,29.23052,1,2020-07-13,10:51:31 10 Aug 2020,40000
2020,President,Trump,Biden,,46,0.000375,0.1374011,0.935225,0.064775,,0.2742923,0.9737553,0.993609,0.0853692,59.31958,39.16213,,1.518288,51.07558,31.07353,,0.7673744,67.40927,47.39822,,2.378505,20.15746,3.656132,36.30172,1,2020-07-13,10:51:31 10 Aug 2020,40000
2020,President,Trump,Biden,,45,0.0009875,0.0638072,0.852425,0.147575,,0.30205,0.9952567,0.9972886,0.1987887,54.07684,45.02591,,0.8972534,48.49435,39.50208,,0.4584126,59.59399,50.6184,,1.395847,9.050921,-2.112946,20.07715,1,2020-07-13,10:51:31 10 Aug 2020,40000
2020,President,Trump,Biden,,44,0.00085,0.2546237,0.0368,0.9632,,0.8220109,0.7604599,0.1171686,0.9913718,37.383,61.14941,,1.4676,29.16419,52.93841,,0.7422986,45.63893,69.37656,,2.298091,-23.76641,-40.17136,-7.312012,1,2020-07-13,10:51:31 10 Aug 2020,40000
2020,President,Trump,Biden,,30,0.0007375,0.2049568,0.8637,0.1363,,0.2963413,0.9833089,0.9913818,0.1813968,55.09511,42.70022,,2.204669,47.67794,35.39332,,1.104736,62.4068,50.06504,,3.471382,12.3949,-2.292408,26.95019,1,2020-07-13,10:51:31 10 Aug 2020,40000
2020,President,Trump,Biden,,41,0.0089125,0.5983638,0.107875,0.892125,,0.7288529,0.7957125,0.3045415,0.9607837,41.34608,56.20584,,2.448076,33.69245,48.44361,,1.223621,49.11656,63.92325,,3.860302,-14.85976,-30.13964,0.6094742,1,2020-07-13,10:51:31 10 Aug 2020,40000
2020,President,Trump,Biden,,39,0.030575,0.7651761,0.5151,0.4849,,0.4976218,0.995927,0.9928343,0.6536171,49.68034,49.29125,,1.028416,43.85578,43.43016,,0.5239233,55.56547,55.08752,,1.602785,0.3890885,-11.20672,12.10174,1,2020-07-13,10:51:31 10 Aug 2020,40000
2020,President,Trump,Biden,,38,6.25e-05,0.0282359,0.97585,0.02415,,0.2644105,0.9937888,0.999419,0.0324829,60.52143,36.76992,,2.708648,53.26817,29.66659,,1.35048,67.6778,43.95913,,4.27759,23.75151,9.37599,37.95593,1,2020-07-13,10:51:31 10 Aug 2020,40000
2020,President,Trump,Biden,,37,0.052625,1.497328,0.440475,0.559525,,0.5602475,0.978866,0.9558439,0.7412871,48.97581,50.24471,,0.7794719,43.33279,44.63911,,0.3993285,54.57947,55.89078,,1.210293,-1.268896,-12.56272,9.919722,1,2020-07-13,10:51:31 10 Aug 2020,40000
2020,President,Trump,Biden,,36,0.002275,0.0421554,0.00955,0.99045,,0.8167539,0.7442072,0.0302121,0.9976314,36.68243,62.20133,,1.116238,30.39933,55.93464,,0.5677025,42.96259,68.47552,,1.741508,-25.51889,-38.05348,-13.0188,1,2020-07-13,10:51:31 10 Aug 2020,40000
2020,President,Trump,Biden,,35,0.00995,1.749498,0.102625,0.897375,,0.9076736,0.8131216,0.3608018,0.987582,42.73691,55.41222,,1.850873,36.2958,48.97929,,0.9313552,49.15477,61.85765,,2.907406,-12.67531,-25.54832,0.1374664,1,2020-07-13,10:51:31 10 Aug 2020,40000
2020,President,Trump,Biden,,34,0.008975,0.3288895,0.055175,0.944825,,0.7661985,0.7685021,0.1637455,0.9827434,40.31229,58.79458,,0.8931295,33.051,51.56611,,0.4563491,47.54657,66.05499,,1.389349,-18.48228,-32.99921,-4.034628,1,2020-07-13,10:51:31 10 Aug 2020,40000
2020,President,Trump,Biden,,33,0.016825,3.122794,0.293075,0.706925,,0.7167107,0.9293065,0.8135954,0.8891521,46.28187,52.63668,,1.081448,38.68771,45.01855,,0.5503615,53.91037,60.24882,,1.686538,-6.354806,-21.53846,8.878691,1,2020-07-13,10:51:31 10 Aug 2020,40000
2020,President,Trump,Biden,,32,0.0338125,3.942612,0.225325,0.774675,,0.8289138,0.9053474,0.7234434,0.9492455,45.58114,52.65721,,1.761647,39.44679,46.55403,,0.8874908,51.68611,58.78722,,2.765462,-7.076065,-19.3131,5.105124,1,2020-07-13,10:51:31 10 Aug 2020,40000
2020,President,Trump,Biden,,31,0.0,0.0,0.974975,0.025025,,0.2648017,1.0,1.0,0.0338702,58.77165,39.35815,,1.870202,52.61765,33.29663,,0.9415196,64.85133,45.50462,,2.942329,19.4135,7.160769,31.50232,1,2020-07-13,10:51:31 10 Aug 2020,40000
2020,President,Trump,Biden,,40,0.000125,0.0121066,0.987675,0.012325,,0.2612195,0.9858012,0.9993222,0.0164445,62.82602,35.96487,,1.209119,55.9627,29.17718,,0.6139628,69.62146,42.80854,,1.888275,26.86115,13.19347,40.41927,1,2020-07-13,10:51:31 10 Aug 2020,40000
2020,President,Trump,Biden,,22,0.001775,0.1223075,0.8952,0.1048,,0.297252,0.9615935,0.9855555,0.1386605,57.21595,41.95363,,0.8304199,49.39577,34.26901,,0.4285219,64.87523,49.75928,,1.285665,15.26232,-0.3440685,30.6029,1,2020-07-12,10:51:04 10 Aug 2020,40000
2020,President,Trump,Biden,,18,0.000325,0.0164212,0.892825,0.107175,,0.3022149,0.9983671,0.9993519,0.1472258,55.11895,43.40149,,1.479558,49.04368,37.32995,,0.7543113,61.17603,49.46975,,2.30782,11.71745,-0.4274368,23.79446,1,2020-07-12,10:51:04 10 Aug 2020,40000
2020,President,Trump,Biden,,19,0.0038625,0.3518336,0.646825,0.353175,,0.4161481,0.997664,0.9969444,0.484813,51.20285,47.41897,,1.378178,44.71998,40.89102,,0.7037332,57.74781,53.89983,,2.147645,3.78388,-9.146753,16.80494,1,2020-07-12,10:51:04 10 Aug 2020,40000
2020,President,Trump,Biden,,20,8.75e-05,0.0103239,0.9121,0.0879,,0.2958831,0.998578,0.9995371,0.1207733,55.75076,42.41546,,1.833776,49.44191,36.19118,,0.9304222,61.99919,48.7567,,2.868283,13.3353,0.747015,25.78844,1,2020-07-12,10:51:04 10 Aug 2020,40000
2020,President,Trump,Biden,,21,0.0003125,0.022998,0.968175,0.031825,,0.2784879,0.9882168,0.9986111,0.0432734,59.75151,39.02818,,1.220308,52.93904,32.29955,,0.624788,66.49844,45.83626,,1.898659,20.72334,7.109322,34.20642,1,2020-07-12,10:51:04 10 Aug 2020,40000
2020,President,Trump,Biden,,27,0.0522375,2.421758,0.1917,0.8083,,0.8805425,0.8715514,0.6251852,0.9693165,45.39304,53.23068,,1.376282,39.59443,47.32372,,0.7027865,51.29932,59.03004,,2.144652,-7.837637,-19.41672,3.968004,1,2020-07-12,10:51:04 10 Aug 2020,40000
2020,President,Trump,Biden,,23,0.0044625,0.8459294,0.2276,0.7724,,0.7301186,0.8622475,0.615463,0.9163771,44.8734,53.78858,,1.338016,37.11182,45.9492,,0.6841994,52.73149,61.56613,,2.083793,-8.915179,-24.40134,6.75289,1,2020-07-12,10:51:04 10 Aug 2020,40000
2020,President,Trump,Biden,,24,0.00065,0.0338283,0.00335,0.99665,,0.7388059,0.7283399,0.0091667,0.998796,35.51101,63.1061,,1.382895,29.76791,57.24061,,0.7060881,41.39561,68.87096,,2.155089,-27.5951,-39.08582,-15.8902,1,2020-07-12,10:51:04 10 Aug 2020,40000
2020,President,Trump,Biden,,25,0.000675,0.0290336,0.0104,0.9896,,0.7908654,0.7322403,0.030463,0.9970417,34.16515,64.31421,,1.520643,26.64328,56.72189,,0.7747846,41.75409,71.88374,,2.372726,-30.14906,-45.20578,-14.97564,1,2020-07-12,10:51:04 10 Aug 2020,40000
2020,President,Trump,Biden,,26,0.0635625,1.791304,0.169025,0.830975,,0.9508948,0.8649177,0.5952778,0.9889237,45.11824,53.69733,,1.18444,39.40723,47.88708,,0.6068149,50.91356,59.45901,,1.842149,-8.579091,-20.02541,3.013502,1,2020-07-12,10:51:04 10 Aug 2020,40000
2020,President,Trump,Biden,,16,0.00015,0.0290331,0.980825,0.019175,,0.2748706,0.9791395,0.9985185,0.0258333,62.30808,34.5178,,3.174115,54.28372,26.74894,,1.588909,70.22244,42.49072,,5.003043,27.79028,11.87523,43.32788,1,2020-07-12,10:51:04 10 Aug 2020,40000
2020,President,Trump,Biden,,17,0.0046875,0.1192172,0.02405,0.97595,,0.8440748,0.7408935,0.0751852,0.994909,38.67151,59.76626,,1.562229,32.27374,53.25954,,0.7955163,45.17715,66.20118,,2.438473,-21.09475,-33.88002,-8.094336,1,2020-07-12,10:51:04 10 Aug 2020,40000
2020,President,Trump,Biden,,09,0.0017,0.1474873,0.03665,0.96335,,0.9031378,0.7507915,0.1225926,0.9951842,39.86,59.20369,,0.936304,33.19185,52.40737,,0.4820527,46.65109,65.87534,,1.451773,-19.34369,-32.67873,-5.758797,1,2020-07-12,10:51:04 10 Aug 2020,40000
2020,President,Trump,Biden,,15,0.0002625,0.0850255,0.0104,0.9896,,0.5745192,0.7299414,0.0221296,0.9939114,29.74366,68.60521,,1.651131,20.49274,59.09361,,0.8397513,39.21401,77.87309,,2.579118,-38.86154,-57.33817,-19.88349,1,2020-07-12,10:51:04 10 Aug 2020,40000
2020,President,Trump,Biden,,13,0.024,0.7955309,0.5682,0.4318,,0.4655491,0.9869731,0.9797222,0.5863919,50.26807,48.92821,,0.8037261,45.16559,43.84051,,0.4150004,55.35452,54.04494,,1.243857,1.339861,-8.878883,11.50207,1,2020-07-12,10:51:04 10 Aug 2020,40000
2020,President,Trump,Biden,,12,0.256075,3.576671,0.33395,0.66605,,0.7726456,0.9810825,0.9556481,0.8991091,47.66225,51.49202,,0.8457245,41.88334,45.68376,,0.4362697,53.46449,57.27055,,1.309657,-3.829772,-15.34965,7.76494,1,2020-07-12,10:51:04 10 Aug 2020,40000
2020,President,Trump,Biden,,11,0.0,0.0,0.0,1.0,,,0.726775,0.0,1.0,6.008041,90.40604,,3.585915,2.153942,85.62534,,1.789166,10.20479,94.7511,,5.663017,-84.398,-92.35957,-75.71166,1,2020-07-12,10:51:04 10 Aug 2020,40000
2020,President,Trump,Biden,,10,3.75e-05,0.0117972,0.00485,0.99515,,0.9536083,0.7300909,0.0171296,0.9996904,37.6881,61.13347,,1.178425,32.24261,55.59929,,0.6038005,43.19576,66.61888,,1.832665,-23.44537,-34.373,-12.42539,1,2020-07-12,10:51:04 10 Aug 2020,40000
2020,President,Trump,Biden,,08,0.0251875,1.223518,0.15285,0.84715,,0.9028459,0.8407307,0.5111111,0.9799801,44.08464,54.03188,,1.883482,37.86298,47.73381,,0.9550375,50.37527,60.26662,,2.947045,-9.947244,-22.34337,2.592602,1,2020-07-12,10:51:04 10 Aug 2020,40000
2020,President,Trump,Biden,,06,0.0026625,0.0266181,0.005475,0.994525,,0.7260274,0.7292677,0.0147222,0.9979361,34.90575,63.16933,,1.924921,28.57272,56.7617,,0.9755441,41.27493,69.54453,,3.012692,-28.26357,-40.88312,-15.56286,1,2020-07-12,10:51:04 10 Aug 2020,40000
2020,President,Trump,Biden,,05,0.0005125,0.0629354,0.8992,0.1008,,0.2990158,0.9888393,0.9958333,0.137147,56.2394,42.11525,,1.645347,49.15672,35.11293,,0.8368748,63.26875,49.21761,,2.569958,14.12414,-0.0510693,28.16053,1,2020-07-12,10:51:04 10 Aug 2020,40000
2020,President,Trump,Biden,,04,0.0397125,2.00817,0.45835,0.54165,,0.5550889,0.9699991,0.9423148,0.7229198,48.79935,49.85142,,1.349231,42.38538,43.47952,,0.6892771,55.18209,56.25497,,2.101954,-1.052075,-13.8534,11.69243,1,2020-07-12,10:51:04 10 Aug 2020,40000
2020,President,Trump,Biden,,02,0.0025375,1.139948,0.74565,0.25435,,0.3519077,0.9693336,0.9718518,0.3392384,52.64469,45.10203,,2.253281,45.03092,37.53557,,1.137628,60.20409,52.73856,,3.534149,7.542658,-7.661356,22.66786,1,2020-07-12,10:51:04 10 Aug 2020,40000
2020,President,Trump,Biden,,01,0.0003375,0.022842,0.966925,0.033075,,0.2784601,0.9773242,0.9972222,0.0444773,59.24469,39.97604,,0.7792743,52.90913,33.62191,,0.402605,65.5942,46.32943,,1.205585,19.26864,6.583506,31.97369,1,2020-07-12,10:51:04 10 Aug 2020,40000
2020,President,Trump,Biden,,28,0.0019,0.2232624,0.8617,0.1383,,0.3075026,0.9633044,0.9813889,0.1833098,55.21893,43.9767,,0.8043731,48.48249,37.36369,,0.4153284,61.83027,50.68099,,1.244869,11.24222,-2.17791,24.48317,1,2020-07-12,10:51:04 10 Aug 2020,40000
2020,President,Trump,Biden,,29,0.0018875,0.0947977,0.830325,0.169675,,0.3239093,0.9938117,0.9961111,0.2320182,53.99218,44.54189,,1.465931,47.57187,38.21226,,0.7475181,60.36789,50.98458,,2.286284,9.450285,-3.437181,22.15046,1,2020-07-12,10:51:04 10 Aug 2020,40000
2020,President,Trump,Biden,,35,0.0102125,1.779122,0.107,0.893,,0.9151869,0.8039194,0.3626852,0.9877885,42.84354,55.30054,,1.855922,36.42041,48.84013,,0.9413912,49.29581,61.77326,,2.903371,-12.45699,-25.32607,0.3984928,1,2020-07-12,10:51:04 10 Aug 2020,40000
2020,President,Trump,Biden,,30,0.0008125,0.2247522,0.8762,0.1238,,0.3052671,0.9794022,0.9906482,0.1668329,55.49496,42.23152,,2.27352,48.04283,34.89586,,1.14759,62.8651,49.66985,,3.566348,13.26344,-1.605042,27.93917,1,2020-07-12,10:51:04 10 Aug 2020,40000
2020,President,Trump,Biden,,44,0.0010875,0.3276914,0.04055,0.95945,,0.8298397,0.7503257,0.1246296,0.9905404,37.50217,61.03011,,1.467716,29.2661,52.69083,,0.7484077,45.83516,69.28082,,2.289104,-23.52794,-39.97789,-6.848448,1,2020-07-12,10:51:04 10 Aug 2020,40000
2020,President,Trump,Biden,,56,0.0,0.0,0.995775,0.004225,,0.2709196,0.9467456,0.9991667,0.0055038,68.08663,28.44544,,3.467928,60.25721,20.90509,,1.731789,75.74983,36.19166,,5.473746,39.64119,24.2414,54.69302,1,2020-07-12,10:51:04 10 Aug 2020,40000
2020,President,Trump,Biden,,55,0.1012875,4.722519,0.2844,0.7156,,0.8043249,0.9400852,0.8472222,0.9256303,46.80879,52.14343,,1.047777,40.7636,46.03533,,0.5382124,52.92818,58.2041,,1.626994,-5.334644,-17.4399,6.873541,1,2020-07-12,10:51:04 10 Aug 2020,40000
2020,President,Trump,Biden,,54,8.75e-05,0.0193424,0.9884,0.0116,,0.2727641,0.9655172,0.9985185,0.0154105,65.55809,32.58005,,1.86186,57.37267,24.58136,,0.944332,73.58073,40.75499,,2.912783,32.97803,16.66864,48.97272,1,2020-07-12,10:51:04 10 Aug 2020,40000
2020,President,Trump,Biden,,53,0.0014375,0.0574454,0.0198,0.9802,,0.844697,0.7383187,0.0619444,0.995769,37.39976,60.34285,,2.257391,30.70275,53.54038,,1.139651,44.16452,67.02911,,3.540687,-22.94309,-36.21385,-9.429306,1,2020-07-12,10:51:04 10 Aug 2020,40000
2020,President,Trump,Biden,,51,0.0200875,0.6791031,0.083475,0.916525,,0.9691525,0.7902676,0.2996296,0.9965945,43.73044,55.22903,,1.040529,38.46368,49.89791,,0.5345677,49.04556,60.48943,,1.615587,-11.4986,-22.03017,-0.8643837,1,2020-07-12,10:51:04 10 Aug 2020,40000
2020,President,Trump,Biden,,50,0.000175,0.0884593,0.0109,0.9891,,0.75,0.7320291,0.0302778,0.9962506,31.22677,66.00932,,2.763906,22.67283,57.18104,,1.388475,39.97928,74.65179,,4.347687,-34.78255,-51.893,-17.24953,1,2020-07-12,10:51:04 10 Aug 2020,40000
2020,President,Trump,Biden,,31,2.5e-05,0.0042526,0.97425,0.02575,,0.2770336,0.9961165,0.9996296,0.0352929,58.83822,39.28999,,1.871787,52.61787,33.18768,,0.9480608,64.99017,45.5145,,2.929949,19.54823,7.178492,31.76055,1,2020-07-12,10:51:04 10 Aug 2020,40000
2020,President,Trump,Biden,,48,0.0166625,0.249992,0.66045,0.33955,,0.4079794,0.9983802,0.997963,0.4664442,51.32822,47.64126,,1.030523,45.37754,41.77822,,0.529532,57.20811,53.59556,,1.59984,3.686961,-8.182419,15.41529,1,2020-07-12,10:51:04 10 Aug 2020,40000
2020,President,Trump,Biden,,47,0.00065,0.0358089,0.924825,0.075175,,0.2906766,0.9840372,0.9956481,0.1017853,57.25533,41.62945,,1.115216,50.36015,34.78411,,0.5720944,64.09865,48.53628,,1.733091,15.62588,1.852121,29.2997,1,2020-07-12,10:51:04 10 Aug 2020,40000
2020,President,Trump,Biden,,46,0.0004875,0.1804541,0.937725,0.062275,,0.2859847,0.9706945,0.9932407,0.0831757,59.35061,39.13103,,1.518363,51.05047,31.01563,,0.7736486,67.50609,47.41119,,2.369123,20.21957,3.663235,36.44559,1,2020-07-12,10:51:04 10 Aug 2020,40000
2020,President,Trump,Biden,,45,0.0006875,0.0446107,0.8537,0.1463,,0.3155968,0.9958988,0.9978704,0.2004747,54.0949,45.00451,,0.9005955,48.52396,39.45013,,0.4640279,59.65347,50.57801,,1.395719,9.090398,-2.034027,20.18105,1,2020-07-12,10:51:04 10 Aug 2020,40000
2020,President,Trump,Biden,,49,0.0010375,0.1247233,0.916575,0.083425,,0.2931293,0.9841174,0.9950926,0.1129648,56.03076,40.6277,,3.341536,48.86075,33.65488,,1.670406,63.06997,47.78391,,5.271177,15.40305,1.200359,29.26984,1,2020-07-12,10:51:04 10 Aug 2020,40000
2020,President,Trump,Biden,,42,0.181325,4.106935,0.251575,0.748425,,0.8767763,0.9310218,0.8169444,0.9587561,46.75304,52.46717,,0.7797833,41.24835,46.95981,,0.4028634,52.26355,57.98264,,1.206381,-5.714133,-16.71277,5.279257,1,2020-07-12,10:51:04 10 Aug 2020,40000
2020,President,Trump,Biden,,40,0.0001375,0.0128189,0.98695,0.01305,,0.2732408,0.9750958,0.9987963,0.0175089,62.85075,35.93579,,1.213459,55.89408,29.14116,,0.621357,69.65903,42.87266,,1.887868,26.91495,13.05562,40.52328,1,2020-07-12,10:51:04 10 Aug 2020,40000
2020,President,Trump,Biden,,39,0.032475,0.8140087,0.52155,0.47845,,0.5127984,0.9945658,0.9905556,0.6547418,49.75227,49.2154,,1.032335,43.89935,43.33886,,0.5304441,55.61518,55.07121,,1.602692,0.5368699,-11.16489,12.25064,1,2020-07-12,10:51:04 10 Aug 2020,40000
2020,President,Trump,Biden,,38,3.75e-05,0.013586,0.976275,0.023725,,0.2762797,0.9884089,0.9989815,0.0322658,60.58109,36.69865,,2.720258,53.19608,29.54468,,1.367076,67.79042,44.02547,,4.278105,23.88244,9.266603,38.14342,1,2020-07-12,10:51:04 10 Aug 2020,40000
2020,President,Trump,Biden,,37,0.0579375,1.645783,0.4439,0.5561,,0.5804235,0.9770275,0.9542593,0.7475835,48.99039,50.22695,,0.7826574,43.34701,44.52753,,0.4043208,54.70162,55.87957,,1.210879,-1.236552,-12.50744,10.17999,1,2020-07-12,10:51:04 10 Aug 2020,40000
2020,President,Trump,Biden,,36,0.002375,0.0442514,0.010225,0.989775,,0.8141809,0.7323634,0.0308333,0.9973857,36.76662,62.1136,,1.119775,30.45916,55.74067,,0.5743827,43.13018,68.42075,,1.740261,-25.34698,-37.95736,-12.63426,1,2020-07-12,10:51:04 10 Aug 2020,40000
2020,President,Trump,Biden,,34,0.0093625,0.33678,0.05985,0.94015,,0.7539682,0.7575121,0.1671296,0.9799113,40.41787,58.68544,,0.8966988,33.14091,51.30782,,0.4620587,47.76743,65.97436,,1.389606,-18.26757,-32.80421,-3.538368,1,2020-07-12,10:51:04 10 Aug 2020,40000
2020,President,Trump,Biden,,33,0.018625,3.457459,0.297475,0.702525,,0.7319102,0.922743,0.8063889,0.8919542,46.36124,52.55304,,1.085713,38.77782,44.92313,,0.5572783,53.98634,60.14349,,1.686693,-6.191798,-21.3738,9.056084,1,2020-07-12,10:51:04 10 Aug 2020,40000
2020,President,Trump,Biden,,32,0.0347875,4.047825,0.231875,0.768125,,0.8442048,0.9003092,0.725,0.9515325,45.67098,52.56218,,1.766841,39.54602,46.34502,,0.897242,51.89533,58.70812,,2.762284,-6.891194,-19.11203,5.468998,1,2020-07-12,10:51:04 10 Aug 2020,40000
2020,President,Trump,Biden,,41,0.0080875,0.5433511,0.1115,0.8885,,0.7497758,0.7869161,0.3096296,0.962024,41.43704,56.11572,,2.447243,33.78638,48.31775,,1.233044,49.25211,63.79699,,3.842927,-14.67868,-29.96078,0.7955246,1,2020-07-12,10:51:04 10 Aug 2020,40000
2020,President,Trump,Biden,,21,0.0001125,0.0076261,0.971875,0.028125,,0.2872798,0.9911111,0.9991054,0.0388691,59.9859,38.79448,,1.219624,53.15501,32.09756,,0.6183412,66.71716,45.61692,,1.896717,21.19142,7.551172,34.59689,1,2020-07-11,10:52:57 10 Aug 2020,40000
2020,President,Trump,Biden,,17,0.00445,0.1113048,0.0259,0.9741,,0.8706564,0.7328047,0.0806942,0.9953636,38.75762,59.66788,,1.574494,32.28725,53.13055,,0.7938275,45.29752,66.13974,,2.456292,-20.91027,-33.83022,-7.894495,1,2020-07-11,10:52:57 10 Aug 2020,40000
2020,President,Trump,Biden,,18,0.0005125,0.0260718,0.8938,0.1062,,0.3123182,0.9971752,0.9989265,0.1476679,55.19611,43.31855,,1.485339,49.05275,37.30175,,0.7498177,61.21626,49.44685,,2.315506,11.87756,-0.3279514,23.8724,1,2020-07-11,10:52:57 10 Aug 2020,40000
2020,President,Trump,Biden,,19,0.0038,0.3457433,0.65575,0.34425,,0.4243614,0.9965141,0.9957953,0.4783518,51.27948,47.33691,,1.38361,44.66721,40.798,,0.6995646,57.79967,53.94251,,2.155028,3.942576,-9.239523,17.03805,1,2020-07-11,10:52:57 10 Aug 2020,40000
2020,President,Trump,Biden,,20,0.000125,0.014275,0.914,0.086,,0.3055525,0.9979651,0.9993738,0.1196751,55.81301,42.34523,,1.84176,49.49443,36.11395,,0.9253746,62.05344,48.67183,,2.87928,13.46778,0.8798733,25.9195,1,2020-07-11,10:52:57 10 Aug 2020,40000
2020,President,Trump,Biden,,26,0.0592375,1.673761,0.17465,0.82535,,0.9564844,0.8598776,0.5977814,0.9896117,45.16391,53.65306,,1.183029,39.35833,47.7995,,0.6001818,51.00676,59.46668,,1.839133,-8.489149,-20.08799,3.169985,1,2020-07-11,10:52:57 10 Aug 2020,40000
2020,President,Trump,Biden,,22,0.0021375,0.1509714,0.898975,0.101025,,0.3069051,0.9646127,0.9872965,0.1358851,57.32934,41.83413,,0.8365342,49.54208,34.0808,,0.4274092,65.08737,49.61663,,1.294926,15.49521,-0.0737572,30.99982,1,2020-07-11,10:52:57 10 Aug 2020,40000
2020,President,Trump,Biden,,23,0.004275,0.798281,0.22855,0.77145,,0.7465544,0.8551429,0.6105744,0.9198912,44.85947,53.8008,,1.339732,37.07672,45.97183,,0.6779897,52.67912,61.57973,,2.086323,-8.941328,-24.50347,6.672895,1,2020-07-11,10:52:57 10 Aug 2020,40000
2020,President,Trump,Biden,,24,0.0006375,0.031534,0.00385,0.99615,,0.8311688,0.7192692,0.0114511,0.9990937,35.53906,63.07154,,1.389398,29.70717,57.21104,,0.7024236,41.38728,68.92439,,2.164145,-27.53248,-39.17937,-15.85871,1,2020-07-11,10:52:57 10 Aug 2020,40000
2020,President,Trump,Biden,,25,0.0007875,0.0337656,0.010525,0.989475,,0.8361045,0.7230602,0.0314904,0.9976295,34.14909,64.32689,,1.52402,26.61249,56.62762,,0.7689204,41.82962,71.89242,,2.376529,-30.1778,-45.24004,-14.78977,1,2020-07-11,10:52:57 10 Aug 2020,40000
2020,President,Trump,Biden,,15,0.000175,0.0560205,0.0114,0.9886,,0.6447368,0.7213483,0.0263017,0.9943875,29.73404,68.60162,,1.66434,20.51905,59.13246,,0.8381187,39.18356,77.84975,,2.598336,-38.86759,-57.28157,-19.95445,1,2020-07-11,10:52:57 10 Aug 2020,40000
2020,President,Trump,Biden,,16,1.25e-05,0.0023008,0.9825,0.0175,,0.2838931,0.97,0.9981213,0.0236701,62.41214,34.38678,,3.201087,54.38586,26.60215,,1.586228,70.2574,42.36967,,5.043569,28.02536,12.13402,43.52137,1,2020-07-11,10:52:57 10 Aug 2020,40000
2020,President,Trump,Biden,,28,0.00185,0.2173496,0.86325,0.13675,,0.3178975,0.9628885,0.9820182,0.1836087,55.31685,43.87592,,0.8072349,48.54269,37.1567,,0.4127196,62.05611,50.6582,,1.248989,11.44093,-2.076279,24.89907,1,2020-07-11,10:52:57 10 Aug 2020,40000
2020,President,Trump,Biden,,13,0.025375,0.8386925,0.57905,0.42095,,0.4740523,0.9878252,0.9822866,0.5798299,50.36342,48.82978,,0.8068051,45.24645,43.68879,,0.412504,55.49232,53.95238,,1.248315,1.533641,-8.700232,11.79218,1,2020-07-11,10:52:57 10 Aug 2020,40000
2020,President,Trump,Biden,,12,0.2417625,3.374018,0.35365,0.64635,,0.7615581,0.9835615,0.9637681,0.8864603,47.88933,51.26634,,0.844331,42.02543,45.44141,,0.4313162,53.71788,57.14562,,1.307144,-3.377006,-15.1013,8.26177,1,2020-07-11,10:52:57 10 Aug 2020,40000
2020,President,Trump,Biden,,11,2.5e-05,0.0146329,0.0,1.0,,,0.71715,0.0,1.0,5.989969,90.39948,,3.610549,2.144135,85.64424,,1.783271,10.15919,94.72342,,5.699021,-84.40952,-92.35243,-75.81254,1,2020-07-11,10:52:57 10 Aug 2020,40000
2020,President,Trump,Biden,,10,0.000125,0.0368113,0.00625,0.99375,,0.948,0.7213333,0.0212024,0.9995468,37.74031,61.07461,,1.185081,32.23376,55.48299,,0.6012002,43.29297,66.59108,,1.842361,-23.3343,-34.36026,-12.21044,1,2020-07-11,10:52:57 10 Aug 2020,40000
2020,President,Trump,Biden,,09,0.0017,0.1453093,0.039275,0.960725,,0.922979,0.7433709,0.1297191,0.9958516,39.91113,59.14854,,0.9403361,33.14845,52.28327,,0.4793548,46.7183,65.94334,,1.457633,-19.23741,-32.78579,-5.572981,1,2020-07-11,10:52:57 10 Aug 2020,40000
2020,President,Trump,Biden,,08,0.0269875,1.315138,0.15655,0.84345,,0.9049824,0.8329183,0.506978,0.9796067,44.15864,53.94814,,1.893221,37.81052,47.61884,,0.9506189,50.4684,60.27583,,2.960819,-9.7895,-22.40937,2.776468,1,2020-07-11,10:52:57 10 Aug 2020,40000
2020,President,Trump,Biden,,06,0.0028625,0.0285639,0.0065,0.9935,,0.8230769,0.7206845,0.0191447,0.9983965,34.95016,63.11491,,1.934933,28.53757,56.669,,0.9710656,41.36359,69.49648,,3.026935,-28.16475,-40.94379,-15.36644,1,2020-07-11,10:52:57 10 Aug 2020,40000
2020,President,Trump,Biden,,05,0.0003875,0.0492862,0.901725,0.098275,,0.3084921,0.9865174,0.9954374,0.1351879,56.35054,41.99739,,1.652065,49.21682,34.97282,,0.8320705,63.40746,49.09982,,2.578901,14.35314,0.1258583,28.3935,1,2020-07-11,10:52:57 10 Aug 2020,40000
2020,President,Trump,Biden,,04,0.040775,2.067399,0.4717,0.5283,,0.5584058,0.9684838,0.9425657,0.7134491,48.95599,49.67515,,1.368856,42.50863,43.26723,,0.6922661,55.33716,56.11148,,2.131794,-0.7191619,-13.56075,12.01419,1,2020-07-11,10:52:57 10 Aug 2020,40000
2020,President,Trump,Biden,,02,0.0028875,1.306604,0.75,0.25,,0.3623,0.9683,0.9723564,0.3375514,52.71316,45.02908,,2.257759,45.03892,37.50095,,1.128891,60.26778,52.69745,,3.539182,7.68408,-7.582323,22.70815,1,2020-07-11,10:52:57 10 Aug 2020,40000
2020,President,Trump,Biden,,01,0.00035,0.0232808,0.9668,0.0332,,0.2881154,0.9728916,0.9967794,0.0450394,59.33802,39.88073,,0.7812456,52.94984,33.538,,0.3996789,65.6864,46.25249,,1.208248,19.45728,6.708521,32.15368,1,2020-07-11,10:52:57 10 Aug 2020,40000
2020,President,Trump,Biden,,27,0.050825,2.362076,0.19845,0.80155,,0.8871252,0.8676314,0.6299875,0.9697413,45.44355,53.17358,,1.382874,39.58278,47.29395,,0.699201,51.31247,59.07236,,2.153869,-7.730026,-19.41918,3.978415,1,2020-07-11,10:52:57 10 Aug 2020,40000
2020,President,Trump,Biden,,56,3.75e-05,0.0186379,0.99635,0.00365,,0.280273,0.9452055,0.9992843,0.0048107,68.13992,28.3633,,3.49678,60.33369,20.89314,,1.728619,75.74239,36.02644,,5.516618,39.77662,24.43714,54.79872,1,2020-07-11,10:52:57 10 Aug 2020,40000
2020,President,Trump,Biden,,29,0.00155,0.0783184,0.832675,0.167325,,0.3340439,0.9922307,0.995348,0.2315067,54.06178,44.46645,,1.471772,47.55243,38.09219,,0.7431158,60.44312,50.95984,,2.294115,9.595336,-3.383499,22.3004,1,2020-07-11,10:52:57 10 Aug 2020,40000
2020,President,Trump,Biden,,42,0.1922625,4.359303,0.26035,0.73965,,0.8795851,0.9286149,0.8194668,0.9577494,46.90672,52.31196,,0.7813258,41.36948,46.81401,,0.3997192,52.41199,57.86273,,1.208374,-5.405241,-16.48357,5.583469,1,2020-07-11,10:52:57 10 Aug 2020,40000
2020,President,Trump,Biden,,55,0.104625,4.879566,0.28485,0.71515,,0.8252589,0.9357477,0.841206,0.9331381,46.83263,52.12244,,1.044938,40.76906,46.05509,,0.5315198,52.9127,58.2063,,1.622029,-5.289809,-17.42121,6.867832,1,2020-07-11,10:52:57 10 Aug 2020,40000
2020,President,Trump,Biden,,54,8.75e-05,0.0180308,0.989025,0.010975,,0.2821718,0.9658315,0.9986581,0.0147807,65.67014,32.4609,,1.868959,57.5486,24.5191,,0.9387192,73.63496,40.56532,,2.92237,33.20925,17.02949,49.09418,1,2020-07-11,10:52:57 10 Aug 2020,40000
2020,President,Trump,Biden,,53,0.001825,0.072668,0.02185,0.97815,,0.875286,0.7304094,0.068438,0.9962351,37.47315,60.25541,,2.271441,30.72619,53.43855,,1.135569,44.25616,67.03094,,3.560942,-22.78225,-36.22751,-9.288721,1,2020-07-11,10:52:57 10 Aug 2020,40000
2020,President,Trump,Biden,,51,0.0184625,0.6225397,0.085925,0.914075,,0.9706139,0.7819107,0.2984434,0.9966186,43.80085,55.15285,,1.046296,38.47181,49.85562,,0.5321962,49.10572,60.49469,,1.624165,-11.352,-22.01113,-0.7598572,1,2020-07-11,10:52:57 10 Aug 2020,40000
2020,President,Trump,Biden,,50,0.000275,0.1171848,0.01085,0.98915,,0.7488479,0.7222615,0.029075,0.9962003,31.23061,65.98238,,2.787006,22.51009,57.0568,,1.386138,40.13634,74.71344,,4.382494,-34.75178,-52.12215,-16.98443,1,2020-07-11,10:52:57 10 Aug 2020,40000
2020,President,Trump,Biden,,49,0.0007625,0.0868918,0.9203,0.0797,,0.3021841,0.9830615,0.9951691,0.1092519,56.1247,40.51447,,3.360831,48.98542,33.46484,,1.663236,63.14674,47.57343,,5.299156,15.61023,1.566019,29.54281,1,2020-07-11,10:52:57 10 Aug 2020,40000
2020,President,Trump,Biden,,48,0.0169,0.2532097,0.663725,0.336275,,0.4197522,0.9973236,0.9969583,0.4676497,51.40188,47.56453,,1.033592,45.40296,41.59957,,0.5258684,57.36304,53.56825,,1.60419,3.837355,-8.142164,15.75676,1,2020-07-11,10:52:57 10 Aug 2020,40000
2020,President,Trump,Biden,,47,0.0009,0.0487001,0.926025,0.073975,,0.3005048,0.9841163,0.9957953,0.1015129,57.3687,41.51236,,1.118947,50.38519,34.63013,,0.5683466,64.26202,48.47906,,1.738359,15.85634,1.911489,29.57826,1,2020-07-11,10:52:57 10 Aug 2020,40000
2020,President,Trump,Biden,,46,0.000425,0.1531791,0.938325,0.061675,,0.2957664,0.9679773,0.9931115,0.0832462,59.43237,39.03697,,1.530664,51.08967,30.91996,,0.7722003,67.53505,47.3728,,2.387021,20.3954,3.697981,36.60424,1,2020-07-11,10:52:57 10 Aug 2020,40000
2020,President,Trump,Biden,,45,0.0011125,0.0723359,0.8535,0.1465,,0.3268307,0.9964164,0.9982108,0.2035488,54.1596,44.93669,,0.9037107,48.48513,39.29521,,0.4610434,59.79167,50.60449,,1.400166,9.222912,-2.11867,20.49404,1,2020-07-11,10:52:57 10 Aug 2020,40000
2020,President,Trump,Biden,,44,0.001225,0.3674531,0.041525,0.958475,,0.8561108,0.7420903,0.1272142,0.9918079,37.56515,60.95532,,1.479534,29.34579,52.53203,,0.74695,45.98178,69.18295,,2.306354,-23.39017,-39.81258,-6.57596,1,2020-07-11,10:52:57 10 Aug 2020,40000
2020,President,Trump,Biden,,30,0.0007375,0.2010115,0.878125,0.121875,,0.3155587,0.9801025,0.9915906,0.1665621,55.58435,42.13493,,2.280725,48.14453,34.79651,,1.140099,62.91494,49.54551,,3.575708,13.44943,-1.363598,28.05455,1,2020-07-11,10:52:57 10 Aug 2020,40000
2020,President,Trump,Biden,,41,0.0094625,0.6389734,0.11405,0.88595,,0.7525208,0.7778373,0.3071211,0.9609217,41.51849,56.01277,,2.468744,33.74574,48.22963,,1.231618,49.29361,63.83934,,3.875268,-14.49428,-30.04996,1.003067,1,2020-07-11,10:52:57 10 Aug 2020,40000
2020,President,Trump,Biden,,39,0.0326125,0.8179283,0.5328,0.4672,,0.5190503,0.9935253,0.9896225,0.6472495,49.82883,49.13406,,1.037115,43.89256,43.23092,,0.5276231,55.71754,55.07251,,1.609727,0.6947692,-11.1793,12.44605,1,2020-07-11,10:52:57 10 Aug 2020,40000
2020,President,Trump,Biden,,38,2.5e-05,0.0112621,0.976175,0.023825,,0.2860143,0.9895068,0.9991054,0.0328732,60.66131,36.60958,,2.729102,53.3482,29.48412,,1.358084,67.83575,43.88356,,4.290166,24.05173,9.565773,38.27827,1,2020-07-11,10:52:57 10 Aug 2020,40000
2020,President,Trump,Biden,,37,0.0626125,1.783183,0.444125,0.555875,,0.59651,0.9729705,0.9480229,0.7541658,48.96637,50.24762,,0.7860101,43.18287,44.5536,,0.4020704,54.65374,56.04473,,1.215715,-1.281255,-12.84857,10.10222,1,2020-07-11,10:52:57 10 Aug 2020,40000
2020,President,Trump,Biden,,36,0.0024,0.0442868,0.010975,0.989025,,0.8542141,0.7235408,0.033548,0.9978387,36.80331,62.0723,,1.124385,30.52032,55.69985,,0.5710503,43.15836,68.37471,,1.74691,-25.26899,-37.81368,-12.5522,1,2020-07-11,10:52:57 10 Aug 2020,40000
2020,President,Trump,Biden,,35,0.009775,1.706672,0.112775,0.887225,,0.913323,0.7975429,0.3685811,0.9866834,42.93975,55.192,,1.86825,36.44744,48.66217,,0.9383717,49.46044,61.69431,,2.921248,-12.25225,-25.21232,0.7537518,1,2020-07-11,10:52:57 10 Aug 2020,40000
2020,President,Trump,Biden,,34,0.0076875,0.2786981,0.0557,0.9443,,0.798474,0.7476967,0.1591519,0.984522,40.16438,58.96998,,0.8656446,32.85075,51.60721,,0.4419921,47.51348,66.28049,,1.340528,-18.8056,-33.40506,-4.104446,1,2020-07-11,10:52:57 10 Aug 2020,40000
2020,President,Trump,Biden,,33,0.017525,3.240086,0.301025,0.698975,,0.7482767,0.9191673,0.8060476,0.8958725,46.39128,52.51807,,1.090641,38.70048,44.81085,,0.5542696,54.08135,60.18121,,1.693846,-6.126786,-21.49741,9.288555,1,2020-07-11,10:52:57 10 Aug 2020,40000
2020,President,Trump,Biden,,32,0.0343375,4.003127,0.2408,0.7592,,0.841466,0.895515,0.725085,0.9480234,45.76351,52.45805,,1.778445,39.52471,46.25048,,0.8942816,51.98063,58.665,,2.779004,-6.694539,-19.09177,5.652111,1,2020-07-11,10:52:57 10 Aug 2020,40000
2020,President,Trump,Biden,,31,1.25e-05,0.0017921,0.9746,0.0254,,0.2867074,0.9990157,0.9999105,0.0353831,58.93063,39.18482,,1.884554,52.67538,33.0659,,0.9455661,65.05399,45.41861,,2.953415,19.74581,7.301975,31.93746,1,2020-07-11,10:52:57 10 Aug 2020,40000
2020,President,Trump,Biden,,40,0.00015,0.0146667,0.9882,0.0118,,0.282458,0.9724576,0.998837,0.0160008,62.93607,35.84576,,1.218165,55.99697,29.06572,,0.6176176,69.72875,42.75491,,1.894421,27.09031,13.27877,40.64562,1,2020-07-11,10:52:57 10 Aug 2020,40000
2020,President,Trump,Biden,,21,0.0001125,0.0080425,0.970675,0.029325,,0.2833853,0.9957374,0.9995458,0.0404656,59.94791,38.83809,,1.214008,53.13493,32.16486,,0.613345,66.66882,45.6421,,1.896054,21.10982,7.492716,34.48338,1,2020-07-10,10:55:24 10 Aug 2020,40000
2020,President,Trump,Biden,,17,0.0048,0.1191317,0.0245,0.9755,,0.8571429,0.7361353,0.0763081,0.9951497,38.70768,59.72551,,1.566811,32.30293,53.23568,,0.7874638,45.20923,66.16289,,2.455289,-21.01784,-33.84528,-8.058138,1,2020-07-10,10:55:24 10 Aug 2020,40000
2020,President,Trump,Biden,,18,0.0003,0.0158286,0.891725,0.108275,,0.3084471,0.9986146,0.9994549,0.1498406,55.16617,43.35611,,1.477719,48.98628,37.31941,,0.7436043,61.24398,49.51238,,2.314017,11.81005,-0.4651432,23.87775,1,2020-07-10,10:55:24 10 Aug 2020,40000
2020,President,Trump,Biden,,19,0.0041125,0.3754003,0.652325,0.347675,,0.4207259,0.997699,0.9972747,0.4807026,51.251,47.37289,,1.376109,44.65952,40.79986,,0.6934862,57.8235,53.9777,,2.152771,3.878118,-9.292458,17.00245,1,2020-07-10,10:55:24 10 Aug 2020,40000
2020,President,Trump,Biden,,20,0.0002,0.0227659,0.914175,0.085825,,0.3009271,0.9988348,0.9996367,0.1187985,55.78279,42.38529,,1.831913,49.49414,36.14301,,0.9174898,62.04809,48.67363,,2.876752,13.3975,0.8932552,25.86564,1,2020-07-10,10:55:24 10 Aug 2020,40000
2020,President,Trump,Biden,,26,0.0580625,1.639937,0.167025,0.832975,,0.9522527,0.8569585,0.5779433,0.9892253,45.12015,53.70286,,1.176991,39.33252,47.92637,,0.5950074,50.92628,59.48604,,1.837456,-8.582717,-20.13424,2.959595,1,2020-07-10,10:55:24 10 Aug 2020,40000
2020,President,Trump,Biden,,22,0.002,0.1389168,0.895825,0.104175,,0.30324,0.9656827,0.9871003,0.1394124,57.27135,41.8959,,0.8327453,49.42121,34.17084,,0.4238632,65.01393,49.73342,,1.294041,15.37545,-0.3032455,30.85063,1,2020-07-10,10:55:24 10 Aug 2020,40000
2020,President,Trump,Biden,,23,0.004175,0.7832598,0.22785,0.77215,,0.7396314,0.8581558,0.6123728,0.9182719,44.88395,53.78268,,1.333376,37.10664,45.87465,,0.6726078,52.77486,61.56287,,2.085482,-8.898733,-24.4418,6.899946,1,2020-07-10,10:55:24 10 Aug 2020,40000
2020,President,Trump,Biden,,24,0.0004625,0.023884,0.00355,0.99645,,0.8028169,0.7234683,0.0103561,0.9990299,35.50066,63.11755,,1.381792,29.69078,57.23759,,0.6962939,41.36932,68.95715,,2.161781,-27.6169,-39.25066,-15.90325,1,2020-07-10,10:55:24 10 Aug 2020,40000
2020,President,Trump,Biden,,25,0.000475,0.0197945,0.010325,0.989675,,0.8087167,0.7271579,0.0303416,0.9972976,34.15528,64.32891,,1.515809,26.63044,56.71255,,0.7623672,41.77453,71.87675,,2.374444,-30.17363,-45.19893,-14.97965,1,2020-07-10,10:55:24 10 Aug 2020,40000
2020,President,Trump,Biden,,15,0.000375,0.1187265,0.010275,0.989725,,0.6009732,0.7249488,0.0224382,0.9943182,29.76584,68.57807,,1.656094,20.55733,59.08773,,0.8313296,39.25849,77.81188,,2.597106,-38.81223,-57.26936,-19.8474,1,2020-07-10,10:55:24 10 Aug 2020,40000
2020,President,Trump,Biden,,16,0.000125,0.0239647,0.98105,0.01895,,0.280159,0.9802111,0.9987282,0.0257414,62.38906,34.427,,3.183935,54.37995,26.56102,,1.57341,70.28845,42.36404,,5.039258,27.96207,12.11426,43.562,1,2020-07-10,10:55:24 10 Aug 2020,40000
2020,President,Trump,Biden,,09,0.0022125,0.1918259,0.038475,0.961525,,0.9038337,0.7466524,0.1263627,0.9949071,39.89718,59.16822,,0.9346003,33.18957,52.41754,,0.4746792,46.63554,65.87923,,1.454483,-19.27105,-32.69307,-5.790972,1,2020-07-10,10:55:24 10 Aug 2020,40000
2020,President,Trump,Biden,,13,0.0259,0.8529889,0.57355,0.42645,,0.4710139,0.9876891,0.9816497,0.5837029,50.31391,48.88312,,0.8029747,45.16145,43.79176,,0.4089839,55.41239,54.03649,,1.247197,1.430793,-8.871178,11.60039,1,2020-07-10,10:55:24 10 Aug 2020,40000
2020,President,Trump,Biden,,12,0.2423625,3.383065,0.34915,0.65085,,0.7585565,0.983752,0.962391,0.8872991,47.85356,51.30604,,0.8404002,42.01306,45.50295,,0.4276871,53.67822,57.15986,,1.306101,-3.452476,-15.15077,8.174425,1,2020-07-10,10:55:24 10 Aug 2020,40000
2020,President,Trump,Biden,,11,0.0,0.0,2.5e-05,0.999975,,0.0,0.721593,0.0,0.9999654,6.015234,90.39134,,3.593425,2.159201,85.67509,,1.769939,10.19438,94.73909,,5.698463,-84.37611,-92.30164,-75.797,1,2020-07-10,10:55:24 10 Aug 2020,40000
2020,President,Trump,Biden,,10,0.0001,0.0300602,0.00595,0.99405,,0.9537815,0.7256426,0.0206214,0.9996189,37.72531,61.09664,,1.178047,32.23723,55.52885,,0.5955306,43.27028,66.60724,,1.839128,-23.37133,-34.35468,-12.29533,1,2020-07-10,10:55:24 10 Aug 2020,40000
2020,President,Trump,Biden,,08,0.0250625,1.218378,0.156025,0.843975,,0.9006569,0.8371101,0.5106286,0.9790743,44.12617,53.99235,,1.881483,37.82961,47.66453,,0.9417414,50.45761,60.29741,,2.955732,-9.866178,-22.4405,2.729639,1,2020-07-10,10:55:24 10 Aug 2020,40000
2020,President,Trump,Biden,,06,0.0025875,0.025452,0.00535,0.99465,,0.7850468,0.7243251,0.0152616,0.9984063,34.94978,63.12533,,1.924897,28.60133,56.70412,,0.9629719,41.33555,69.50293,,3.024891,-28.17555,-40.85694,-15.4145,1,2020-07-10,10:55:24 10 Aug 2020,40000
2020,President,Trump,Biden,,05,0.0003375,0.0425786,0.899925,0.100075,,0.3044142,0.9875094,0.9954578,0.1369526,56.29614,42.06025,,1.643615,49.1674,35.01751,,0.8252028,63.3559,49.19007,,2.577271,14.23589,-0.0067539,28.31001,1,2020-07-10,10:55:24 10 Aug 2020,40000
2020,President,Trump,Biden,,04,0.0402125,2.030134,0.4681,0.5319,,0.5546358,0.9694961,0.9434048,0.7146272,48.93179,49.70452,,1.363692,42.56315,43.36718,,0.6873498,55.28829,56.08826,,2.133084,-0.7727386,-13.51438,11.8719,1,2020-07-10,10:55:24 10 Aug 2020,40000
2020,President,Trump,Biden,,02,0.0024375,1.104017,0.7488,0.2512,,0.3573384,0.9692476,0.9722929,0.3374099,52.72433,45.02505,,2.250622,45.08612,37.46946,,1.121825,60.2804,52.62844,,3.544229,7.699277,-7.48008,22.767,1,2020-07-10,10:55:24 10 Aug 2020,40000
2020,President,Trump,Biden,,01,0.0002625,0.0171626,0.967175,0.032825,,0.2839972,0.9840061,0.9980923,0.0447616,59.30348,39.91799,,0.7785301,52.87664,33.58865,,0.3967602,65.65088,46.32424,,1.208737,19.38548,6.574343,32.06401,1,2020-07-10,10:55:24 10 Aug 2020,40000
2020,President,Trump,Biden,,28,0.0022,0.259845,0.861975,0.138025,,0.3137272,0.9648615,0.982649,0.1845552,55.25251,43.94377,,0.8037232,48.51155,37.30988,,0.4093581,61.91879,50.69664,,1.248374,11.30874,-2.169535,24.60656,1,2020-07-10,10:55:24 10 Aug 2020,40000
2020,President,Trump,Biden,,27,0.050175,2.334885,0.19465,0.80535,,0.884151,0.8685044,0.6253633,0.9693043,45.4164,53.20853,,1.375068,39.56066,47.30753,,0.6929718,51.31823,59.06176,,2.15112,-7.792121,-19.47157,3.996115,1,2020-07-10,10:55:24 10 Aug 2020,40000
2020,President,Trump,Biden,,29,0.0014375,0.0718241,0.8328,0.1672,,0.3293408,0.9943182,0.9966388,0.2303908,54.0454,44.4904,,1.464201,47.65664,38.11037,,0.7369425,60.44075,50.9072,,2.292547,9.554996,-3.267988,22.29014,1,2020-07-10,10:55:24 10 Aug 2020,40000
2020,President,Trump,Biden,,56,0.0,0.0,0.996375,0.003625,,0.2760758,0.9655172,0.9995458,0.0048503,68.1925,28.32931,,3.478191,60.38426,20.81368,,1.714702,75.81511,35.95262,,5.512753,39.86319,24.56284,54.89916,1,2020-07-10,10:55:24 10 Aug 2020,40000
2020,President,Trump,Biden,,42,0.193275,4.37099,0.25885,0.74115,,0.8799497,0.9327734,0.8276708,0.9580446,46.86382,52.35916,,0.7770265,41.34385,46.86269,,0.3960079,52.35388,57.87273,,1.206374,-5.495338,-16.524,5.473639,1,2020-07-10,10:55:24 10 Aug 2020,40000
2020,President,Trump,Biden,,30,0.0006125,0.1694915,0.879925,0.120075,,0.310481,0.9833437,0.9927326,0.1636294,55.57257,42.15511,,2.272314,48.1716,34.84512,,1.132385,62.89742,49.57634,,3.578841,13.41746,-1.356663,27.99399,1,2020-07-10,10:55:24 10 Aug 2020,40000
2020,President,Trump,Biden,,55,0.1035375,4.839357,0.283,0.717,,0.8177562,0.9367155,0.8409339,0.9307442,46.78342,52.17743,,1.039152,40.69476,46.0741,,0.5266629,52.90044,58.25911,,1.619502,-5.394003,-17.57174,6.814804,1,2020-07-10,10:55:24 10 Aug 2020,40000
2020,President,Trump,Biden,,54,0.0001125,0.0236104,0.988425,0.011575,,0.2782457,0.9848812,0.9993641,0.0157982,65.61747,32.52295,,1.859588,57.42574,24.56279,,0.9310316,73.62497,40.64014,,2.920852,33.09452,16.8295,49.07449,1,2020-07-10,10:55:24 10 Aug 2020,40000
2020,President,Trump,Biden,,53,0.0012875,0.0523787,0.019775,0.980225,,0.8773704,0.7336836,0.0630451,0.9966394,37.45788,60.28462,,2.257503,30.7406,53.48745,,1.125175,44.22615,67.0035,,3.555206,-22.82674,-36.18451,-9.36257,1,2020-07-10,10:55:24 10 Aug 2020,40000
2020,President,Trump,Biden,,51,0.0196125,0.6622301,0.0844,0.9156,,0.9706753,0.7854685,0.2976926,0.9966394,43.76377,55.19605,,1.040178,38.43291,49.89567,,0.5271719,49.06071,60.54636,,1.621121,-11.43227,-22.06125,-0.8728275,1,2020-07-10,10:55:24 10 Aug 2020,40000
2020,President,Trump,Biden,,50,0.00015,0.0689404,0.011275,0.988725,,0.7649667,0.7271486,0.0313408,0.9963276,31.28595,65.9417,,2.772355,22.65683,57.06782,,1.374874,40.12637,74.60768,,4.37885,-34.65574,-51.8959,-17.03513,1,2020-07-10,10:55:24 10 Aug 2020,40000
2020,President,Trump,Biden,,49,0.0006875,0.0806242,0.91955,0.08045,,0.2979446,0.9844624,0.9955487,0.1097561,56.1023,40.55516,,3.342542,48.97145,33.54115,,1.649623,63.21232,47.64727,,5.294306,15.54714,1.443415,29.48897,1,2020-07-10,10:55:24 10 Aug 2020,40000
2020,President,Trump,Biden,,47,0.0006875,0.0375649,0.9253,0.0747,,0.2966876,0.9909639,0.9975472,0.1025845,57.33648,41.54971,,1.113811,50.37348,34.6637,,0.5636944,64.21979,48.46999,,1.737505,15.78677,1.896889,29.56401,1,2020-07-10,10:55:24 10 Aug 2020,40000
2020,President,Trump,Biden,,46,0.00035,0.1206784,0.937975,0.062025,,0.2916922,0.9738009,0.994186,0.0837029,59.38208,39.09487,,1.523052,51.03313,31.04039,,0.7659339,67.49707,47.43333,,2.385924,20.2872,3.586264,36.42347,1,2020-07-10,10:55:24 10 Aug 2020,40000
2020,President,Trump,Biden,,45,0.0009,0.0573819,0.85455,0.14545,,0.3216313,0.9975937,0.9987282,0.2010809,54.1213,44.97905,,0.8996608,48.48697,39.41177,,0.457263,59.69215,50.61591,,1.399451,9.142249,-2.115664,20.26383,1,2020-07-10,10:55:24 10 Aug 2020,40000
2020,President,Trump,Biden,,44,0.00145,0.4321367,0.042,0.958,,0.8291667,0.7458246,0.1265443,0.9901608,37.51957,61.00821,,1.472219,29.24456,52.62933,,0.7408941,45.8741,69.28583,,2.305281,-23.48865,-40.01785,-6.758533,1,2020-07-10,10:55:24 10 Aug 2020,40000
2020,President,Trump,Biden,,48,0.0183125,0.2757928,0.66135,0.33865,,0.4150601,0.9978591,0.9974564,0.4682996,51.38303,47.58718,,1.029792,45.41896,41.6951,,0.5220158,57.29244,53.55797,,1.604716,3.795842,-8.137436,15.57317,1,2020-07-10,10:55:24 10 Aug 2020,40000
2020,President,Trump,Biden,,41,0.0082,0.5510715,0.1149,0.8851,,0.7493473,0.7829059,0.3128634,0.9602966,41.52127,56.0233,,2.455438,33.81685,48.21137,,1.221402,49.36138,63.71676,,3.871237,-14.50203,-29.83183,1.036839,1,2020-07-10,10:55:24 10 Aug 2020,40000
2020,President,Trump,Biden,,35,0.01015,1.76746,0.11065,0.88935,,0.916855,0.8012031,0.368641,0.9874584,42.92365,55.21984,,1.856505,36.45286,48.74097,,0.9295236,49.4146,61.68175,,2.915939,-12.2962,-25.20602,0.6361847,1,2020-07-10,10:55:24 10 Aug 2020,40000
2020,President,Trump,Biden,,40,8.75e-05,0.0084938,0.987225,0.012775,,0.2785839,0.9863014,0.9993641,0.0174612,62.90243,35.88507,,1.212494,55.96011,29.12281,,0.6125952,69.69817,42.78355,,1.893657,27.01736,13.19036,40.52521,1,2020-07-10,10:55:24 10 Aug 2020,40000
2020,President,Trump,Biden,,32,0.0352875,4.102791,0.237675,0.762325,,0.8437993,0.8991244,0.7287427,0.9498683,45.73887,52.49375,,1.76738,39.59689,46.32633,,0.8858868,51.91821,58.6549,,2.774003,-6.754883,-19.01073,5.56872,1,2020-07-10,10:55:24 10 Aug 2020,40000
2020,President,Trump,Biden,,33,0.0182375,3.392982,0.301125,0.698875,,0.7375675,0.9210159,0.8070494,0.8920108,46.38389,52.53183,,1.084285,38.69877,44.83916,,0.5490549,54.09599,60.21156,,1.690823,-6.14794,-21.50384,9.211691,1,2020-07-10,10:55:24 10 Aug 2020,40000
2020,President,Trump,Biden,,34,0.008275,0.3009324,0.05465,0.94535,,0.7694419,0.7500397,0.152798,0.9826081,40.1292,59.01009,,0.8607141,32.79926,51.64267,,0.4378307,47.47646,66.31531,,1.338113,-18.88088,-33.49409,-4.167555,1,2020-07-10,10:55:24 10 Aug 2020,40000
2020,President,Trump,Biden,,31,5e-05,0.0077955,0.973825,0.026175,,0.2825456,0.9980898,0.9998183,0.0362043,58.86777,39.2574,,1.87483,52.64272,33.16846,,0.9378561,64.97797,45.42164,,2.944353,19.61036,7.245632,31.76894,1,2020-07-10,10:55:24 10 Aug 2020,40000
2020,President,Trump,Biden,,36,0.002275,0.0419818,0.0102,0.9898,,0.7745098,0.7267377,0.0287064,0.9968473,36.76515,62.11686,,1.117996,30.43141,55.73395,,0.5657703,43.12062,68.45442,,1.744124,-25.3517,-38.00869,-12.6167,1,2020-07-10,10:55:24 10 Aug 2020,40000
2020,President,Trump,Biden,,37,0.0637875,1.808728,0.438875,0.561125,,0.5965822,0.9754065,0.951399,0.7584881,48.92797,50.28957,,0.7824562,43.1853,44.5527,,0.3987246,54.67907,56.01512,,1.21491,-1.3616,-12.80005,10.09931,1,2020-07-10,10:55:24 10 Aug 2020,40000
2020,President,Trump,Biden,,38,0.0001,0.0418803,0.97595,0.02405,,0.2819048,0.9968815,0.9997275,0.0332248,60.60315,36.68075,,2.716095,53.25727,29.55188,,1.347676,67.82873,43.97256,,4.288762,23.9224,9.386209,38.1563,1,2020-07-10,10:55:24 10 Aug 2020,40000
2020,President,Trump,Biden,,39,0.0323375,0.8067475,0.52525,0.47475,,0.5197049,0.9951553,0.991915,0.6547256,49.76245,49.20612,,1.031426,43.81632,43.30839,,0.5228271,55.65108,55.14194,,1.607297,0.5563358,-11.32281,12.30545,1,2020-07-10,10:55:24 10 Aug 2020,40000
2020,President,Trump,Biden,,15,0.0005125,0.1664141,0.011225,0.988775,,0.5657015,0.7278703,0.0232857,0.9933062,29.74746,68.60085,,1.651693,20.48628,59.13284,,0.8399372,39.23504,77.91656,,2.583524,-38.85338,-57.39472,-19.8821,1,2020-07-09,10:57:25 10 Aug 2020,40000
2020,President,Trump,Biden,,26,0.058675,1.658054,0.164325,0.835675,,0.9633349,0.8598738,0.5804914,0.9917535,45.09515,53.71343,,1.191418,39.37539,47.96225,,0.6100521,50.87276,59.45011,,1.855583,-8.618273,-20.04254,2.879255,1,2020-07-09,10:57:25 10 Aug 2020,40000
2020,President,Trump,Biden,,25,0.000725,0.0296296,0.00955,0.99045,,0.8691099,0.7302741,0.0304364,0.9982748,34.05475,64.43208,,1.513175,26.57682,56.84824,,0.7709282,41.64727,71.95044,,2.363946,-30.37733,-45.34251,-15.21339,1,2020-07-09,10:57:25 10 Aug 2020,40000
2020,President,Trump,Biden,,24,0.000525,0.0261053,0.0033,0.9967,,0.8560606,0.7264724,0.0103594,0.9993444,35.48111,63.14043,,1.378456,29.69119,57.24988,,0.7036889,41.36562,68.98283,,2.150857,-27.65933,-39.25203,-15.89124,1,2020-07-09,10:57:25 10 Aug 2020,40000
2020,President,Trump,Biden,,23,0.0041625,0.7822972,0.225225,0.774775,,0.7273837,0.8564099,0.6007518,0.9157753,44.84505,53.82333,,1.331615,37.16493,46.08352,,0.6796304,52.58232,61.50755,,2.078475,-8.978284,-24.32583,6.488352,1,2020-07-09,10:57:25 10 Aug 2020,40000
2020,President,Trump,Biden,,22,0.00225,0.1558323,0.89925,0.10075,,0.2989714,0.9612903,0.9858819,0.1336692,57.28672,41.88264,,0.8306403,49.55819,34.19884,,0.4282827,64.9873,49.62916,,1.287824,15.40407,-0.0467186,30.79523,1,2020-07-09,10:57:25 10 Aug 2020,40000
2020,President,Trump,Biden,,21,0.000175,0.0125937,0.971275,0.028725,,0.2805076,0.9912968,0.9990832,0.0393003,60.01571,38.77096,,1.213336,53.29743,32.14779,,0.6210437,66.67828,45.49319,,1.890162,21.24474,7.811455,34.52463,1,2020-07-09,10:57:25 10 Aug 2020,40000
2020,President,Trump,Biden,,20,8.75e-05,0.0107505,0.915825,0.084175,,0.2976278,0.998218,0.9995416,0.1159685,55.82598,42.3447,,1.829317,49.56249,36.14478,,0.9281872,62.03321,48.62193,,2.865537,13.48128,0.9552231,25.79768,1,2020-07-09,10:57:25 10 Aug 2020,40000
2020,President,Trump,Biden,,19,0.0041,0.3686655,0.650375,0.349625,,0.4174899,0.9965677,0.9956912,0.4808847,51.24133,47.38226,,1.376412,44.70366,40.84871,,0.7026671,57.74231,53.90926,,2.147628,3.859069,-9.179487,16.84404,1,2020-07-09,10:57:25 10 Aug 2020,40000
2020,President,Trump,Biden,,18,0.0005125,0.0252569,0.895025,0.104975,,0.3045725,0.9990474,0.9996333,0.144745,55.17928,43.34379,,1.476929,49.09296,37.3391,,0.7528528,61.18493,49.41259,,2.306577,11.83549,-0.2869797,23.80703,1,2020-07-09,10:57:25 10 Aug 2020,40000
2020,President,Trump,Biden,,17,0.0053375,0.1361845,0.023525,0.976475,,0.8597237,0.7386774,0.0741657,0.9955145,38.6708,59.76651,,1.562695,32.25734,53.30698,,0.7956153,45.10639,66.18718,,2.442418,-21.09571,-33.88656,-8.228079,1,2020-07-09,10:57:25 10 Aug 2020,40000
2020,President,Trump,Biden,,16,0.000125,0.0227463,0.982525,0.017475,,0.2771685,0.9785408,0.9986249,0.0236009,62.45123,34.37353,,3.175244,54.41217,26.51613,,1.589922,70.40005,42.37715,,5.012743,28.0777,12.17099,43.76202,1,2020-07-09,10:57:25 10 Aug 2020,40000
2020,President,Trump,Biden,,28,0.001925,0.2277235,0.86355,0.13645,,0.3098257,0.962074,0.9811148,0.1811814,55.29356,43.90352,,0.8029222,48.58593,37.24749,,0.4142292,61.97198,50.63753,,1.244372,11.39004,-2.056223,24.71305,1,2020-07-09,10:57:25 10 Aug 2020,40000
2020,President,Trump,Biden,,13,0.0239,0.7887179,0.5781,0.4219,,0.4635444,0.9886229,0.9826733,0.5756677,50.34082,48.85752,,0.8016611,45.24788,43.74342,,0.4135893,55.45816,53.94981,,1.242395,1.4833,-8.696335,11.67381,1,2020-07-09,10:57:25 10 Aug 2020,40000
2020,President,Trump,Biden,,12,0.2443125,3.41085,0.347575,0.652425,,0.7563116,0.9844427,0.9639714,0.8864468,47.84543,51.31507,,0.8395024,42.08816,45.48703,,0.4327714,53.65853,57.07929,,1.301719,-3.469637,-14.99719,8.171,1,2020-07-09,10:57:25 10 Aug 2020,40000
2020,President,Trump,Biden,,11,0.0,0.0,0.0,1.0,,,0.72455,0.0,1.0,5.977642,90.43747,,3.584885,2.149556,85.70203,,1.789197,10.1305,94.76834,,5.669252,-84.45983,-92.34667,-75.89041,1,2020-07-09,10:57:25 10 Aug 2020,40000
2020,President,Trump,Biden,,10,8.75e-05,0.026689,0.005575,0.994425,,0.9686099,0.7284361,0.019802,0.9997585,37.68844,61.13591,,1.175644,32.19983,55.57434,,0.6021388,43.22731,66.63811,,1.830734,-23.44748,-34.42489,-12.37774,1,2020-07-09,10:57:25 10 Aug 2020,40000
2020,President,Trump,Biden,,09,0.00145,0.1265607,0.036275,0.963725,,0.9228119,0.7489688,0.1227539,0.9962046,39.82336,59.24449,,0.9321471,33.13628,52.44886,,0.4796034,46.6263,65.95212,,1.447281,-19.42113,-32.82413,-5.817787,1,2020-07-09,10:57:25 10 Aug 2020,40000
2020,President,Trump,Biden,,08,0.02535,1.229629,0.156,0.844,,0.8979167,0.8398401,0.5136597,0.9782969,44.14606,53.97776,,1.87618,37.8878,47.71378,,0.9514164,50.43166,60.2669,,2.939941,-9.831691,-22.34705,2.677269,1,2020-07-09,10:57:25 10 Aug 2020,40000
2020,President,Trump,Biden,,06,0.002575,0.0255226,0.005825,0.994175,,0.8412017,0.7278648,0.0179685,0.9987233,34.92879,63.15082,,1.920392,28.53693,56.66203,,0.9733244,41.3857,69.58716,,3.010128,-28.22203,-40.97828,-15.35365,1,2020-07-09,10:57:25 10 Aug 2020,40000
2020,President,Trump,Biden,,05,0.0005625,0.0683032,0.90375,0.09625,,0.3005256,0.9885714,0.9959663,0.1313229,56.35506,42.00238,,1.642567,49.28835,35.01776,,0.8353956,63.36819,49.0467,,2.569044,14.35268,0.2557011,28.31398,1,2020-07-09,10:57:25 10 Aug 2020,40000
2020,President,Trump,Biden,,04,0.0433875,2.201379,0.454725,0.545275,,0.5648469,0.9698318,0.9418775,0.7298668,48.75119,49.87962,,1.369188,42.34315,43.50378,,0.6990569,55.13178,56.29531,,2.13622,-1.128436,-13.94263,11.60449,1,2020-07-09,10:57:25 10 Aug 2020,40000
2020,President,Trump,Biden,,02,0.0025125,1.128848,0.751825,0.248175,,0.3530077,0.9699808,0.9732307,0.3322407,52.78339,44.96896,,2.247647,45.16246,37.4175,,1.135097,60.35252,52.57642,,3.531157,7.814433,-7.374863,22.88501,1,2020-07-09,10:57:25 10 Aug 2020,40000
2020,President,Trump,Biden,,01,0.0004,0.025919,0.969,0.031,,0.2805986,0.9741936,0.9970664,0.041681,59.35017,39.87205,,0.7777776,53.013,33.56173,,0.4014689,65.66859,46.20467,,1.204937,19.47812,6.782328,32.12048,1,2020-07-09,10:57:25 10 Aug 2020,40000
2020,President,Trump,Biden,,27,0.051975,2.419266,0.193175,0.806825,,0.8828782,0.8707898,0.6254125,0.9696708,45.40002,53.22585,,1.374137,39.55399,47.38091,,0.7015305,51.25336,59.07777,,2.144035,-7.825827,-19.49042,3.856207,1,2020-07-09,10:57:25 10 Aug 2020,40000
2020,President,Trump,Biden,,56,0.0,0.0,0.996875,0.003125,,0.2733542,0.936,0.9992666,0.004037,68.21535,28.3158,,3.468847,60.45918,20.85974,,1.732827,75.79243,35.95058,,5.483229,39.89956,24.67477,54.84387,1,2020-07-09,10:57:25 10 Aug 2020,40000
2020,President,Trump,Biden,,29,0.001475,0.0741658,0.837375,0.162625,,0.324526,0.9941583,0.9965163,0.2231385,54.06118,44.47539,,1.463437,47.71123,38.16929,,0.7461213,60.37165,50.82258,,2.285229,9.58579,-3.05945,22.20513,1,2020-07-09,10:57:25 10 Aug 2020,40000
2020,President,Trump,Biden,,42,0.189825,4.301467,0.25565,0.74435,,0.8755134,0.9316518,0.8207737,0.9571113,46.84536,52.37838,,0.7762696,41.35672,46.86251,,0.4007033,52.35409,57.85664,,1.202572,-5.533021,-16.48533,5.503891,1,2020-07-09,10:57:25 10 Aug 2020,40000
2020,President,Trump,Biden,,30,0.0008,0.2215066,0.889875,0.110125,,0.3045934,0.98479,0.9939494,0.1496791,55.76501,41.80378,,2.431213,48.38653,34.4884,,1.225506,63.09121,49.15656,,3.823703,13.96123,-0.7024708,28.51108,1,2020-07-09,10:57:25 10 Aug 2020,40000
2020,President,Trump,Biden,,55,0.1028125,4.787163,0.282125,0.717875,,0.8170137,0.9394393,0.8452512,0.9307846,46.8037,52.15715,,1.039148,40.7528,46.11095,,0.5335562,52.81892,58.19742,,1.615682,-5.353458,-17.44236,6.708689,1,2020-07-09,10:57:25 10 Aug 2020,40000
2020,President,Trump,Biden,,54,8.75e-05,0.0194651,0.9897,0.0103,,0.2753612,0.9830097,0.9993583,0.0139742,65.70854,32.43466,,1.856802,57.63173,24.53352,,0.9418113,73.61664,40.44585,,2.909172,33.27388,17.22755,49.03496,1,2020-07-09,10:57:25 10 Aug 2020,40000
2020,President,Trump,Biden,,53,0.0016625,0.0656811,0.0196,0.9804,,0.8852041,0.7367911,0.063623,0.9969636,37.45045,60.29767,,2.251886,30.73154,53.56916,,1.137187,44.16482,67.03175,,3.537916,-22.84722,-36.25508,-9.501352,1,2020-07-09,10:57:25 10 Aug 2020,40000
2020,President,Trump,Biden,,51,0.019125,0.6432035,0.08435,0.91565,,0.9712507,0.788702,0.3004217,0.9967221,43.76519,55.19678,,1.038031,38.51329,49.8998,,0.5329936,49.05956,60.46906,,1.61392,-11.43159,-21.92141,-0.8393307,1,2020-07-09,10:57:25 10 Aug 2020,40000
2020,President,Trump,Biden,,50,0.0002375,0.1020526,0.0105,0.9895,,0.7738096,0.7298383,0.0297946,0.9967221,31.21366,66.0215,,2.764848,22.63803,57.18621,,1.389306,39.98137,74.64958,,4.356509,-34.80784,-51.92883,-17.29884,1,2020-07-09,10:57:25 10 Aug 2020,40000
2020,President,Trump,Biden,,49,0.00085,0.0998115,0.92125,0.07875,,0.2944912,0.9819047,0.9948661,0.1067214,56.16122,40.50378,,3.334997,49.03087,33.49306,,1.667714,63.20425,47.57962,,5.268613,15.65744,1.655512,29.53708,1,2020-07-09,10:57:25 10 Aug 2020,40000
2020,President,Trump,Biden,,47,0.0008375,0.0455234,0.929725,0.070275,,0.2923714,0.9875489,0.9967914,0.0957836,57.38285,41.5042,,1.112948,50.56335,34.73238,,0.5706607,64.14012,48.35318,,1.731997,15.87865,2.200754,29.38368,1,2020-07-09,10:57:25 10 Aug 2020,40000
2020,President,Trump,Biden,,46,0.0003125,0.1144412,0.938525,0.061475,,0.2888842,0.9743798,0.9942244,0.082672,59.39035,39.09068,,1.518969,51.18054,30.98281,,0.7738166,67.58583,47.28344,,2.373125,20.29968,3.884523,36.54626,1,2020-07-09,10:57:25 10 Aug 2020,40000
2020,President,Trump,Biden,,45,0.000975,0.0622644,0.857375,0.142625,,0.317539,0.9968449,0.9983498,0.1962252,54.15818,44.94298,,0.8988367,48.60873,39.37928,,0.4627785,59.71467,50.47855,,1.394922,9.215207,-1.871796,20.32915,1,2020-07-09,10:57:25 10 Aug 2020,40000
2020,President,Trump,Biden,,44,0.001125,0.3352813,0.04065,0.95935,,0.8548586,0.7491791,0.1274294,0.9919605,37.51854,61.01317,,1.468287,29.24697,52.72505,,0.7485416,45.80208,69.301,,2.292904,-23.49463,-40.00447,-6.914631,1,2020-07-09,10:57:25 10 Aug 2020,40000
2020,President,Trump,Biden,,48,0.0153375,0.2296266,0.6763,0.3237,,0.4023732,0.9981464,0.9978914,0.445932,51.54556,47.43502,,1.019417,45.62597,41.47668,,0.5236172,57.48995,53.35071,,1.584576,4.110537,-7.720968,16.01339,1,2020-07-09,10:57:25 10 Aug 2020,40000
2020,President,Trump,Biden,,41,0.009025,0.6095084,0.113275,0.886725,,0.7413375,0.7842341,0.3079391,0.9597681,41.53519,56.01627,,2.448549,33.86525,48.26662,,1.234037,49.28232,63.70149,,3.851345,-14.48108,-29.75746,0.9132652,1,2020-07-09,10:57:25 10 Aug 2020,40000
2020,President,Trump,Biden,,35,0.0106,1.839577,0.110375,0.889625,,0.9096262,0.8034846,0.3681701,0.9865434,42.90742,55.24117,,1.851407,36.48476,48.75111,,0.9391372,49.38354,61.66919,,2.900605,-12.33375,-25.14388,0.5613613,1,2020-07-09,10:57:25 10 Aug 2020,40000
2020,President,Trump,Biden,,40,0.0,0.0,0.988025,0.011975,,0.2756762,0.9728601,0.9988082,0.0160789,62.96745,35.82146,,1.211089,56.14522,29.07259,,0.6199167,69.72485,42.64686,,1.886615,27.14598,13.51787,40.61682,1,2020-07-09,10:57:25 10 Aug 2020,40000
2020,President,Trump,Biden,,32,0.0355375,4.140549,0.239175,0.760825,,0.8311905,0.9000427,0.7290062,0.9451039,45.738,52.49961,,1.762395,39.54924,46.27702,,0.8949795,51.95239,58.67669,,2.759264,-6.761611,-19.10338,5.584213,1,2020-07-09,10:57:25 10 Aug 2020,40000
2020,President,Trump,Biden,,33,0.0188875,3.500657,0.29565,0.70435,,0.7415863,0.9213104,0.803997,0.8956249,46.34294,52.57344,,1.083615,38.77802,44.97871,,0.5559227,53.96326,60.14855,,1.685775,-6.230503,-21.34994,8.990366,1,2020-07-09,10:57:25 10 Aug 2020,40000
2020,President,Trump,Biden,,34,0.007575,0.276024,0.05265,0.94735,,0.7981957,0.7537077,0.1541071,0.9854738,40.0672,59.07436,,0.8584425,32.7532,51.72039,,0.4423558,47.40319,66.37883,,1.331459,-19.00717,-33.61903,-4.305683,1,2020-07-09,10:57:25 10 Aug 2020,40000
2020,President,Trump,Biden,,31,1.25e-05,0.0018464,0.9746,0.0254,,0.2797558,0.9970472,0.9998167,0.0349527,58.90779,39.22192,,1.870285,52.70746,33.10085,,0.9478163,65.01697,45.41782,,2.935887,19.68588,7.312223,31.87929,1,2020-07-09,10:57:25 10 Aug 2020,40000
2020,President,Trump,Biden,,36,0.0017,0.0311886,0.010325,0.989675,,0.8595642,0.7306691,0.0325449,0.9980333,36.70129,62.18363,,1.115082,30.37062,55.77386,,0.5717323,43.11773,68.55347,,1.735356,-25.48234,-38.17151,-12.66534,1,2020-07-09,10:57:25 10 Aug 2020,40000
2020,President,Trump,Biden,,37,0.06235,1.771358,0.439,0.561,,0.5924829,0.9768717,0.9537954,0.756366,48.9547,50.26357,,0.7817301,43.38,44.65265,,0.4034753,54.56307,55.85633,,1.211136,-1.308862,-12.49302,9.907881,1,2020-07-09,10:57:25 10 Aug 2020,40000
2020,President,Trump,Biden,,38,6.25e-05,0.0232737,0.976425,0.023575,,0.2791305,0.9925769,0.99945,0.0322959,60.66337,36.6224,,2.714229,53.38649,29.48565,,1.364502,67.84619,43.87965,,4.275642,24.04098,9.627947,38.27477,1,2020-07-09,10:57:25 10 Aug 2020,40000
2020,President,Trump,Biden,,39,0.03305,0.829688,0.528775,0.471225,,0.5122689,0.9959149,0.9933077,0.6477123,49.7887,49.18031,,1.030999,43.9169,43.33656,,0.5294518,55.62155,55.04448,,1.602834,0.608393,-11.12441,12.27517,1,2020-07-09,10:57:25 10 Aug 2020,40000
2020,President,Trump,Biden,,16,8.75e-05,0.0153742,0.981025,0.018975,,0.2744069,0.9749671,0.9984238,0.0254339,62.33053,34.49429,,3.175182,54.25918,26.67168,,1.575549,70.21243,42.45757,,5.024318,27.83624,11.85264,43.41763,1,2020-07-08,10:57:48 10 Aug 2020,40000
2020,President,Trump,Biden,,27,0.0505375,2.346968,0.192125,0.807875,,0.8834093,0.8733096,0.6294854,0.9699605,45.37928,53.24654,,1.374182,39.53164,47.36943,,0.6950117,51.24836,59.10933,,2.150163,-7.867259,-19.57278,3.874895,1,2020-07-08,10:57:48 10 Aug 2020,40000
2020,President,Trump,Biden,,26,0.05945,1.677751,0.163325,0.836675,,0.9577529,0.8612365,0.5801576,0.9906513,45.06203,53.74623,,1.191736,39.35456,47.99408,,0.6045433,50.82789,59.45453,,1.861538,-8.684199,-20.08029,2.80295,1,2020-07-08,10:57:48 10 Aug 2020,40000
2020,President,Trump,Biden,,25,0.0006125,0.0257992,0.009725,0.990275,,0.8663239,0.7332307,0.0312471,0.9982471,34.06617,64.42001,,1.513818,26.51306,56.79408,,0.7640374,41.69105,71.96397,,2.371648,-30.35384,-45.41724,-15.12172,1,2020-07-08,10:57:48 10 Aug 2020,40000
2020,President,Trump,Biden,,24,0.0002625,0.0132046,0.003875,0.996125,,0.832258,0.729552,0.0119611,0.9991063,35.45652,63.16476,,1.37872,29.63089,57.29872,,0.6972579,41.30576,68.99208,,2.157356,-27.70824,-39.30696,-16.01367,1,2020-07-08,10:57:48 10 Aug 2020,40000
2020,President,Trump,Biden,,23,0.0039375,0.7312441,0.221825,0.778175,,0.7366167,0.8604427,0.6060269,0.9205362,44.81377,53.85127,,1.334961,37.11948,46.0638,,0.6760356,52.58718,61.53019,,2.087681,-9.0375,-24.38403,6.513046,1,2020-07-08,10:57:48 10 Aug 2020,40000
2020,President,Trump,Biden,,22,0.001825,0.1271248,0.895325,0.104675,,0.297043,0.9646525,0.98637,0.1388211,57.24866,41.92045,,0.8308837,49.41048,34.22173,,0.4245093,64.93732,49.75681,,1.292047,15.32822,-0.3626804,30.73565,1,2020-07-08,10:57:48 10 Aug 2020,40000
2020,President,Trump,Biden,,21,0.000175,0.0132997,0.970575,0.029425,,0.2775417,0.9906542,0.9990728,0.0400756,59.93983,38.84542,,1.214748,53.1283,32.11864,,0.6159728,66.65623,45.62066,,1.897891,21.09442,7.569801,34.52993,1,2020-07-08,10:57:48 10 Aug 2020,40000
2020,President,Trump,Biden,,20,8.75e-05,0.0094108,0.9131,0.0869,,0.2950663,0.9974108,0.9992582,0.1191614,55.74905,42.42071,,1.830243,49.43548,36.22511,,0.9199227,61.98615,48.71248,,2.874818,13.32833,0.7732925,25.75096,1,2020-07-08,10:57:48 10 Aug 2020,40000
2020,President,Trump,Biden,,19,0.0038125,0.3443314,0.649275,0.350725,,0.4140773,0.9977903,0.9971256,0.4811136,51.18887,47.4344,,1.37673,44.61649,40.92749,,0.6962729,57.70129,54.01893,,2.154202,3.754467,-9.384167,16.7354,1,2020-07-08,10:57:48 10 Aug 2020,40000
2020,President,Trump,Biden,,18,0.0002875,0.0143863,0.892375,0.107625,,0.3019471,0.9981417,0.999351,0.1476886,55.14199,43.3802,,1.477819,49.03023,37.2961,,0.7462591,61.24907,49.47545,,2.314518,11.76179,-0.4117641,23.89744,1,2020-07-08,10:57:48 10 Aug 2020,40000
2020,President,Trump,Biden,,17,0.0042875,0.1080474,0.022975,0.977025,,0.8607182,0.7412553,0.0733426,0.9956694,38.63329,59.80377,,1.562947,32.21611,53.38913,,0.7882814,45.06908,66.24783,,2.449605,-21.17048,-34.01363,-8.34202,1,2020-07-08,10:57:48 10 Aug 2020,40000
2020,President,Trump,Biden,,29,0.0015375,0.07863,0.834175,0.165825,,0.3222945,0.9950249,0.9971256,0.2268431,54.02491,44.51033,,1.464759,47.58237,38.09665,,0.7398068,60.43313,50.92371,,2.293798,9.514586,-3.289867,22.34705,1,2020-07-08,10:57:48 10 Aug 2020,40000
2020,President,Trump,Biden,,15,0.0003875,0.1315956,0.009575,0.990425,,0.6422976,0.7309741,0.0228095,0.9953257,29.65343,68.69474,,1.651832,20.41172,59.31425,,0.8321053,38.9646,77.95085,,2.590744,-39.04131,-57.5122,-20.38445,1,2020-07-08,10:57:48 10 Aug 2020,40000
2020,President,Trump,Biden,,13,0.0248375,0.8176042,0.570025,0.429975,,0.4651989,0.9891854,0.9834956,0.5847396,50.27846,48.919,,0.8025386,45.13973,43.7872,,0.4103024,55.43071,54.06606,,1.247492,1.359454,-8.917442,11.62938,1,2020-07-08,10:57:48 10 Aug 2020,40000
2020,President,Trump,Biden,,12,0.2432125,3.397243,0.3408,0.6592,,0.7605634,0.9835786,0.9613352,0.8913903,47.78175,51.37875,,0.8395008,42.03675,45.54039,,0.428826,53.60671,57.12013,,1.305595,-3.596989,-15.07566,8.036642,1,2020-07-08,10:57:48 10 Aug 2020,40000
2020,President,Trump,Biden,,11,0.0,0.0,0.0,1.0,,,0.727375,0.0,1.0,5.995127,90.41626,,3.588611,2.12373,85.64938,,1.775407,10.23065,94.74945,,5.68774,-84.42113,-92.39415,-75.75702,1,2020-07-08,10:57:48 10 Aug 2020,40000
2020,President,Trump,Biden,,10,8.75e-05,0.0284196,0.00635,0.99365,,0.9645669,0.7317969,0.0227167,0.9996907,37.67258,61.15227,,1.17515,32.20119,55.59756,,0.5963019,43.21225,66.60309,,1.835342,-23.4797,-34.36097,-12.42436,1,2020-07-08,10:57:48 10 Aug 2020,40000
2020,President,Trump,Biden,,08,0.02685,1.305948,0.150275,0.849725,,0.9035102,0.8394186,0.5035698,0.9806152,44.06325,54.06022,,1.876524,37.8407,47.75253,,0.9426756,50.33337,60.30274,,2.948475,-9.99697,-22.45372,2.546341,1,2020-07-08,10:57:48 10 Aug 2020,40000
2020,President,Trump,Biden,,06,0.002325,0.0231666,0.005625,0.994375,,0.7911111,0.730308,0.0165044,0.9983846,34.86399,63.21409,,1.921912,28.47696,56.70687,,0.9649758,41.33992,69.59911,,3.020738,-28.3501,-41.10858,-15.38603,1,2020-07-08,10:57:48 10 Aug 2020,40000
2020,President,Trump,Biden,,05,0.0007,0.0839626,0.899625,0.100375,,0.2984299,0.9880449,0.9957348,0.1363464,56.27758,42.07853,,1.643891,49.15597,34.97444,,0.8281907,63.38681,49.21015,,2.578122,14.19905,-0.0254345,28.37154,1,2020-07-08,10:57:48 10 Aug 2020,40000
2020,President,Trump,Biden,,04,0.0436,2.213405,0.447375,0.552625,,0.5690416,0.9712282,0.9441817,0.7378931,48.68245,49.94678,,1.370769,42.35777,43.59189,,0.6933227,55.03374,56.24566,,2.144754,-1.264334,-13.87373,11.41076,1,2020-07-08,10:57:48 10 Aug 2020,40000
2020,President,Trump,Biden,,02,0.00235,1.053365,0.7488,0.2512,,0.3502938,0.9703423,0.9728326,0.3351091,52.72973,45.01257,,2.257703,45.15539,37.50091,,1.129487,60.29755,52.57884,,3.555881,7.717168,-7.348635,22.7402,1,2020-07-08,10:57:48 10 Aug 2020,40000
2020,President,Trump,Biden,,01,0.0002875,0.0185891,0.9699,0.0301,,0.2772966,0.9775748,0.9974965,0.0404537,59.56094,39.62921,,0.8098552,53.1245,33.20011,,0.4139708,65.98665,46.03921,,1.258991,19.93173,7.105709,32.79886,1,2020-07-08,10:57:48 10 Aug 2020,40000
2020,President,Trump,Biden,,28,0.0017625,0.2044703,0.861625,0.138375,,0.3076454,0.9660344,0.9831247,0.1837773,55.24271,43.95319,,0.8040997,48.47978,37.20296,,0.4110852,62.0024,50.71389,,1.249945,11.28952,-2.22298,24.78401,1,2020-07-08,10:57:48 10 Aug 2020,40000
2020,President,Trump,Biden,,09,0.001875,0.163653,0.038075,0.961925,,0.9107026,0.7527874,0.1286045,0.9955319,39.83694,59.23156,,0.9315038,33.11827,52.43938,,0.4748474,46.61799,65.93037,,1.450573,-19.39461,-32.78893,-5.824556,1,2020-07-08,10:57:48 10 Aug 2020,40000
2020,President,Trump,Biden,,30,0.00075,0.2035086,0.886425,0.113575,,0.3020278,0.9830508,0.9929532,0.1534972,55.6984,41.86665,,2.43495,48.26405,34.51677,,1.216048,63.06184,49.24563,,3.839219,13.83175,-0.8894749,28.41915,1,2020-07-08,10:57:48 10 Aug 2020,40000
2020,President,Trump,Biden,,44,0.0009375,0.2869217,0.038925,0.961075,,0.8516378,0.7508779,0.1229485,0.9921292,37.46174,61.06995,,1.468311,29.23871,52.7107,,0.7415618,45.81495,69.29024,,2.299433,-23.60821,-39.98425,-6.902023,1,2020-07-08,10:57:48 10 Aug 2020,40000
2020,President,Trump,Biden,,55,0.1082875,5.048427,0.2789,0.7211,,0.8209932,0.9414436,0.8492351,0.9333219,46.75525,52.20545,,1.039298,40.70833,46.17568,,0.5286838,52.80306,58.27455,,1.620593,-5.4502,-17.57267,6.62711,1,2020-07-08,10:57:48 10 Aug 2020,40000
2020,President,Trump,Biden,,54,7.5e-05,0.0172387,0.9904,0.0096,,0.272087,0.984375,0.9994437,0.0129919,65.64033,32.49866,,1.861014,57.56046,24.50772,,0.9350517,73.59261,40.56127,,2.923787,33.14167,17.05408,49.03028,1,2020-07-08,10:57:48 10 Aug 2020,40000
2020,President,Trump,Biden,,53,0.0015125,0.060115,0.01945,0.98055,,0.8753213,0.73933,0.0631433,0.9966661,37.39854,60.35028,,2.251179,30.69592,53.57974,,1.126298,44.13309,67.0498,,3.545472,-22.95173,-36.27273,-9.522621,1,2020-07-08,10:57:48 10 Aug 2020,40000
2020,President,Trump,Biden,,51,0.0197875,0.6697406,0.083075,0.916925,,0.9693049,0.7905772,0.2986555,0.9965973,43.71974,55.24267,,1.037595,38.39791,49.92862,,0.5278348,49.03654,60.5355,,1.617905,-11.52293,-22.12468,-0.915144,1,2020-07-08,10:57:48 10 Aug 2020,40000
2020,President,Trump,Biden,,50,0.00025,0.1146965,0.0119,0.9881,,0.7689075,0.7333772,0.033936,0.9962537,31.17671,66.05838,,2.764908,22.57944,57.1866,,1.376681,39.9484,74.70084,,4.367239,-34.88168,-52.03416,-17.32969,1,2020-07-08,10:57:48 10 Aug 2020,40000
2020,President,Trump,Biden,,49,0.0009375,0.1092528,0.919575,0.080425,,0.2912759,0.977308,0.9934168,0.1080598,56.08584,40.57702,,3.337139,48.95955,33.54302,,1.653965,63.17643,47.59227,,5.284044,15.50882,1.542917,29.44494,1,2020-07-08,10:57:48 10 Aug 2020,40000
2020,President,Trump,Biden,,31,0.0,0.0,0.9747,0.0253,,0.276521,0.9960474,0.9996291,0.0346451,58.86548,39.26307,,1.871447,52.63568,33.19636,,0.9396417,64.96306,45.44027,,2.939101,19.60241,7.211302,31.71803,1,2020-07-08,10:57:48 10 Aug 2020,40000
2020,President,Trump,Biden,,48,0.0139875,0.2091951,0.670125,0.329875,,0.4014176,0.9980295,0.997682,0.4526207,51.49413,47.48483,,1.021039,45.53271,41.56435,,0.5195792,57.41348,53.42606,,1.591779,4.009303,-7.877928,15.85069,1,2020-07-08,10:57:48 10 Aug 2020,40000
2020,President,Trump,Biden,,47,0.0008,0.0437328,0.925925,0.074075,,0.2901963,0.9871752,0.9965693,0.1005327,57.32085,41.56437,,1.114787,50.37411,34.64197,,0.566283,64.27474,48.46142,,1.739943,15.75648,1.904341,29.57694,1,2020-07-08,10:57:48 10 Aug 2020,40000
2020,President,Trump,Biden,,46,0.0002375,0.0834425,0.93715,0.06285,,0.2859468,0.9729515,0.9938804,0.0840694,59.34055,39.14049,,1.518963,50.96678,30.9699,,0.7665774,67.52547,47.42436,,2.379811,20.20006,3.580093,36.50207,1,2020-07-08,10:57:48 10 Aug 2020,40000
2020,President,Trump,Biden,,45,0.0009625,0.0632823,0.853675,0.146325,,0.3151961,0.9960704,0.9979602,0.2003781,54.11084,44.98892,,0.9002431,48.46975,39.3914,,0.4592235,59.71119,50.62284,,1.401334,9.121923,-2.137627,20.30678,1,2020-07-08,10:57:48 10 Aug 2020,40000
2020,President,Trump,Biden,,56,0.0,0.0,0.996325,0.003675,,0.2702431,0.8979592,0.9986092,0.0045369,68.15221,28.37852,,3.469268,60.38695,20.95449,,1.717839,75.72017,35.98387,,5.496093,39.77368,24.53824,54.63372,1,2020-07-08,10:57:48 10 Aug 2020,40000
2020,President,Trump,Biden,,42,0.1902125,4.309389,0.254125,0.745875,,0.8725037,0.9330987,0.8223459,0.9568311,46.81115,52.4124,,0.7764558,41.30106,46.90582,,0.3972188,52.31345,57.9099,,1.206454,-5.601246,-16.60701,5.404268,1,2020-07-08,10:57:48 10 Aug 2020,40000
2020,President,Trump,Biden,,40,0.0002625,0.0255631,0.987375,0.012625,,0.2728447,0.9821782,0.9991655,0.0170476,62.90421,35.88304,,1.212753,56.00755,29.04264,,0.6149819,69.76436,42.7633,,1.894738,27.02116,13.25502,40.70284,1,2020-07-08,10:57:48 10 Aug 2020,40000
2020,President,Trump,Biden,,39,0.031925,0.8018692,0.525875,0.474125,,0.5086285,0.9953071,0.992026,0.6487713,49.74563,49.22331,,1.031061,43.85462,43.35304,,0.5245768,55.61208,55.12481,,1.607593,0.5223209,-11.24606,12.21468,1,2020-07-08,10:57:48 10 Aug 2020,40000
2020,President,Trump,Biden,,38,7.5e-05,0.0281567,0.97615,0.02385,,0.2759822,0.990566,0.9991655,0.0324798,60.60416,36.67635,,2.719485,53.3156,29.48908,,1.354626,67.89006,43.93176,,4.294598,23.92781,9.446486,38.26167,1,2020-07-08,10:57:48 10 Aug 2020,40000
2020,President,Trump,Biden,,37,0.059925,1.702384,0.436675,0.563325,,0.5896834,0.9777659,0.9550301,0.7572435,48.91365,50.3035,,0.782854,43.21622,44.57734,,0.4004292,54.64096,56.00169,,1.216526,-1.389845,-12.7737,10.05682,1,2020-07-08,10:57:48 10 Aug 2020,40000
2020,President,Trump,Biden,,36,0.0018875,0.034636,0.010225,0.989775,,0.8581907,0.7334495,0.0325452,0.9980409,36.69374,62.19115,,1.115108,30.34829,55.7591,,0.5664428,43.12045,68.53201,,1.740451,-25.49742,-38.16305,-12.6455,1,2020-07-08,10:57:48 10 Aug 2020,40000
2020,President,Trump,Biden,,35,0.0101,1.75702,0.107575,0.892425,,0.9179642,0.8053618,0.3662494,0.9881079,42.83112,55.31858,,1.850301,36.45827,48.82464,,0.9297847,49.3554,61.68929,,2.906736,-12.48747,-25.20768,0.4278622,1,2020-07-08,10:57:48 10 Aug 2020,40000
2020,President,Trump,Biden,,34,0.008175,0.2974224,0.05425,0.94575,,0.7668203,0.7558815,0.1542884,0.9828149,40.04266,59.09911,,0.8582243,32.73687,51.73872,,0.4382014,47.38747,66.38603,,1.335116,-19.05645,-33.62308,-4.361631,1,2020-07-08,10:57:48 10 Aug 2020,40000
2020,President,Trump,Biden,,33,0.0187375,3.468279,0.295475,0.704525,,0.7368644,0.9238139,0.8075104,0.8947929,46.34049,52.57623,,1.083285,38.74811,44.99274,,0.5506004,53.93513,60.15566,,1.690172,-6.235735,-21.38417,8.928831,1,2020-07-08,10:57:48 10 Aug 2020,40000
2020,President,Trump,Biden,,32,0.0355,4.147304,0.235325,0.764675,,0.8322533,0.9006114,0.7263792,0.946795,45.68284,52.55571,,1.761451,39.50263,46.36674,,0.8860909,51.89761,58.71494,,2.765338,-6.872869,-19.14543,5.47463,1,2020-07-08,10:57:48 10 Aug 2020,40000
2020,President,Trump,Biden,,41,0.0093625,0.6336532,0.11025,0.88975,,0.7507936,0.7869064,0.3070005,0.9625709,41.45333,56.09882,,2.44785,33.82072,48.35526,,1.222343,49.19704,63.72968,,3.85987,-14.64549,-29.79122,0.7678242,1,2020-07-08,10:57:48 10 Aug 2020,40000
2020,President,Trump,Biden,,21,0.0002125,0.0154747,0.971725,0.028275,,0.2759783,0.9920424,0.9991617,0.0385104,59.92399,38.85709,,1.218917,53.17439,32.1954,,0.6110429,66.59611,45.61147,,1.916844,21.06689,7.576416,34.4,1,2020-07-07,10:57:16 10 Aug 2020,40000
2020,President,Trump,Biden,,17,0.0042375,0.1073155,0.0242,0.9758,,0.856405,0.7429032,0.0772168,0.9952635,38.63137,59.80434,,1.564282,32.24728,53.3568,,0.7801006,45.06318,66.21683,,2.468174,-21.17297,-33.93462,-8.357634,1,2020-07-07,10:57:16 10 Aug 2020,40000
2020,President,Trump,Biden,,18,0.0003375,0.0177583,0.891975,0.108025,,0.3007652,0.9988428,0.9995342,0.148138,55.13348,43.38507,,1.481454,49.00057,37.34425,,0.7396629,61.20187,49.48696,,2.335772,11.74841,-0.4603367,23.85679,1,2020-07-07,10:57:16 10 Aug 2020,40000
2020,President,Trump,Biden,,19,0.0042125,0.3857222,0.64895,0.35105,,0.412474,0.9977924,0.9972988,0.4808993,51.19365,47.42658,,1.379772,44.68438,40.91824,,0.6899214,57.72332,53.96608,,2.173411,3.767061,-9.263342,16.75735,1,2020-07-07,10:57:16 10 Aug 2020,40000
2020,President,Trump,Biden,,20,0.0001,0.0123102,0.9137,0.0863,,0.2936412,0.9988412,0.9996274,0.1183456,55.74909,42.41737,,1.833539,49.50023,36.22939,,0.9111973,61.96613,48.66499,,2.899089,13.33171,0.8339939,25.6785,1,2020-07-07,10:57:16 10 Aug 2020,40000
2020,President,Trump,Biden,,26,0.0563,1.587091,0.160875,0.839125,,0.958819,0.8603605,0.574702,0.991179,45.04039,53.76622,,1.193394,39.28877,48.03585,,0.5985252,50.78532,59.53358,,1.87617,-8.72583,-20.22385,2.725031,1,2020-07-07,10:57:16 10 Aug 2020,40000
2020,President,Trump,Biden,,22,0.0016375,0.1149476,0.899,0.101,,0.2951891,0.9695545,0.9887295,0.1344431,57.20665,41.96196,,0.8313964,49.54005,34.37315,,0.4198825,64.82797,49.63451,,1.301028,15.24469,-0.0748386,30.43591,1,2020-07-07,10:57:16 10 Aug 2020,40000
2020,President,Trump,Biden,,23,0.0046,0.8638701,0.22385,0.77615,,0.7368774,0.8631386,0.6145678,0.9197529,44.83364,53.83055,,1.335804,37.12877,46.13419,,0.6690812,52.52112,61.53339,,2.102403,-8.996909,-24.37024,6.366737,1,2020-07-07,10:57:16 10 Aug 2020,40000
2020,President,Trump,Biden,,24,0.000475,0.0241473,0.00435,0.99565,,0.7931035,0.7306533,0.0128539,0.9987644,35.46001,63.16017,,1.379814,29.60368,57.2786,,0.6899419,41.3518,68.98384,,2.173478,-27.70015,-39.37439,-15.92653,1,2020-07-07,10:57:16 10 Aug 2020,40000
2020,President,Trump,Biden,,25,0.000525,0.0225179,0.010825,0.989175,,0.8314088,0.7345009,0.033532,0.9974944,34.09724,64.38771,,1.515052,26.53409,56.75343,,0.7560731,41.68667,71.97401,,2.389482,-30.29047,-45.41181,-15.06651,1,2020-07-07,10:57:16 10 Aug 2020,40000
2020,President,Trump,Biden,,15,0.0003375,0.1062443,0.010175,0.989825,,0.6093366,0.7318718,0.0230999,0.994577,29.63986,68.70684,,1.653299,20.42943,59.21603,,0.8235015,39.09072,77.92606,,2.610568,-39.06697,-57.50767,-20.1458,1,2020-07-07,10:57:16 10 Aug 2020,40000
2020,President,Trump,Biden,,16,0.000125,0.0260566,0.98165,0.01835,,0.2728824,0.9713897,0.998044,0.0244723,62.32434,34.49675,,3.178914,54.33939,26.75367,,1.558949,70.16913,42.41464,,5.066207,27.82759,12.0831,43.26106,1,2020-07-07,10:57:16 10 Aug 2020,40000
2020,President,Trump,Biden,,09,0.0018375,0.1601104,0.037875,0.962125,,0.9108911,0.7535923,0.1285395,0.9954351,39.81993,59.24781,,0.9322597,33.10867,52.45618,,0.469826,46.60551,65.94319,,1.460829,-19.42787,-32.80735,-5.840294,1,2020-07-07,10:57:16 10 Aug 2020,40000
2020,President,Trump,Biden,,13,0.02475,0.8117546,0.569475,0.430525,,0.4637166,0.9894896,0.983886,0.5848635,50.28065,48.91517,,0.8041719,45.21053,43.80022,,0.4063817,55.40053,54.01412,,1.257956,1.365484,-8.802637,11.60537,1,2020-07-07,10:57:16 10 Aug 2020,40000
2020,President,Trump,Biden,,12,0.2463625,3.448516,0.34065,0.65935,,0.7571554,0.9835823,0.9609724,0.8903724,47.76997,51.38947,,0.8405529,41.98486,45.61952,,0.424421,53.52719,57.15123,,1.315519,-3.619502,-15.14698,7.890671,1,2020-07-07,10:57:16 10 Aug 2020,40000
2020,President,Trump,Biden,,11,0.0,0.0,5e-05,0.99995,,0.0,0.7283614,0.0,0.9999313,5.95917,90.44846,,3.592366,2.09762,85.71689,,1.755998,10.14097,94.78896,,5.735744,-84.4893,-92.4603,-75.84151,1,2020-07-07,10:57:16 10 Aug 2020,40000
2020,President,Trump,Biden,,10,0.000125,0.0414796,0.006175,0.993825,,0.9797571,0.7327749,0.022541,0.9998284,37.65711,61.16639,,1.176493,32.15659,55.63353,,0.5902294,43.18537,66.69617,,1.849244,-23.50928,-34.52284,-12.48174,1,2020-07-07,10:57:16 10 Aug 2020,40000
2020,President,Trump,Biden,,08,0.026775,1.30427,0.149675,0.850325,,0.9021212,0.8397672,0.5030738,0.9803672,44.05931,54.06377,,1.876924,37.85213,47.8035,,0.9322696,50.30941,60.30595,,2.96867,-10.00446,-22.41183,2.454735,1,2020-07-07,10:57:16 10 Aug 2020,40000
2020,President,Trump,Biden,,06,0.0028375,0.0281696,0.0061,0.9939,,0.8032787,0.731638,0.0182563,0.9983525,34.87249,63.20413,,1.923384,28.47248,56.67941,,0.9548196,41.34934,69.6019,,3.04311,-28.33164,-41.0602,-15.39091,1,2020-07-07,10:57:16 10 Aug 2020,40000
2020,President,Trump,Biden,,05,0.000625,0.0782887,0.900825,0.099175,,0.2966725,0.9879002,0.9957154,0.1345118,56.26866,42.07993,,1.651412,49.20425,35.07668,,0.822582,63.27505,49.16022,,2.607551,14.18873,0.0604649,28.1754,1,2020-07-07,10:57:16 10 Aug 2020,40000
2020,President,Trump,Biden,,04,0.0438375,2.225074,0.448225,0.551775,,0.5644487,0.9708667,0.942623,0.7354728,48.6846,49.94354,,1.371862,42.39941,43.66692,,0.6860446,54.97049,56.24307,,2.16078,-1.258947,-13.82533,11.28026,1,2020-07-07,10:57:16 10 Aug 2020,40000
2020,President,Trump,Biden,,02,0.002075,0.9322773,0.745,0.255,,0.3501007,0.9693137,0.9717772,0.3393513,52.73124,45.10445,,2.164314,45.06686,37.56248,,1.071474,60.29711,52.74691,,3.429965,7.626785,-7.639471,22.68602,1,2020-07-07,10:57:16 10 Aug 2020,40000
2020,President,Trump,Biden,,01,0.00035,0.0233896,0.9703,0.0297,,0.2759456,0.9781145,0.9975783,0.0398833,59.56322,39.6244,,0.8123834,53.12665,33.28671,,0.4104549,65.928,46.07376,,1.270946,19.93882,7.032499,32.65249,1,2020-07-07,10:57:16 10 Aug 2020,40000
2020,President,Trump,Biden,,28,0.001925,0.2255356,0.8626,0.1374,,0.3054428,0.9636099,0.9816505,0.1817745,55.24537,43.9476,,0.8070288,48.50941,37.3059,,0.4077989,61.92536,50.68224,,1.262475,11.29777,-2.171452,24.59898,1,2020-07-07,10:57:16 10 Aug 2020,40000
2020,President,Trump,Biden,,27,0.0522625,2.424828,0.1915,0.8085,,0.8817232,0.8735931,0.6290984,0.9696928,45.35992,53.26432,,1.375753,39.52002,47.43642,,0.6879516,51.18537,59.10184,,2.166995,-7.904404,-19.59184,3.689169,1,2020-07-07,10:57:16 10 Aug 2020,40000
2020,President,Trump,Biden,,56,0.0,0.0,0.9969,0.0031,,0.2690842,0.9516129,0.9994411,0.0040501,68.13379,28.39281,,3.473397,60.42384,21.0127,,1.699382,75.65706,35.98752,,5.542921,39.74098,24.66116,54.49549,1,2020-07-07,10:57:16 10 Aug 2020,40000
2020,President,Trump,Biden,,29,0.00125,0.0613671,0.834125,0.165875,,0.3206953,0.9945742,0.9966468,0.2264973,54.00467,44.52801,,1.467315,47.63272,38.22561,,0.7327543,60.33329,50.92774,,2.313162,9.476661,-3.279062,22.066,1,2020-07-07,10:57:16 10 Aug 2020,40000
2020,President,Trump,Biden,,42,0.1934,4.374771,0.25285,0.74715,,0.8761123,0.9342836,0.8253539,0.9583662,46.79988,52.42302,,0.7770926,41.30736,46.94265,,0.3929422,52.30917,57.8808,,1.215128,-5.623139,-16.57146,5.363035,1,2020-07-07,10:57:16 10 Aug 2020,40000
2020,President,Trump,Biden,,55,0.1067375,4.981162,0.277225,0.722775,,0.8179277,0.9399883,0.8448212,0.9327613,46.75573,52.20351,,1.040761,40.70316,46.16925,,0.5234235,52.78414,58.25162,,1.633219,-5.447785,-17.53169,6.597773,1,2020-07-07,10:57:16 10 Aug 2020,40000
2020,President,Trump,Biden,,54,8.75e-05,0.0177338,0.9898,0.0102,,0.2709386,0.9779412,0.9991617,0.0136949,65.60148,32.53578,,1.862743,57.46979,24.60505,,0.9253829,73.58272,40.66702,,2.945922,33.0657,16.86473,48.88333,1,2020-07-07,10:57:16 10 Aug 2020,40000
2020,President,Trump,Biden,,53,0.00135,0.0536771,0.01925,0.98075,,0.8753247,0.7402243,0.0627794,0.996705,37.37352,60.37302,,2.253453,30.6903,53.60901,,1.114546,44.08527,67.08453,,3.573217,-22.9995,-36.2891,-9.558767,1,2020-07-07,10:57:16 10 Aug 2020,40000
2020,President,Trump,Biden,,51,0.0189125,0.6354656,0.0811,0.9189,,0.9673243,0.789803,0.2922876,0.9963961,43.70969,55.251,,1.039305,38.42108,50.00504,,0.5227056,48.94706,60.55549,,1.630906,-11.54131,-22.11648,-1.077982,1,2020-07-07,10:57:16 10 Aug 2020,40000
2020,President,Trump,Biden,,50,0.0002375,0.1063279,0.011225,0.988775,,0.7327394,0.7336351,0.0306446,0.9959156,31.1862,66.04583,,2.767972,22.59165,57.2603,,1.362186,39.91199,74.72338,,4.402122,-34.85963,-52.08367,-17.43668,1,2020-07-07,10:57:16 10 Aug 2020,40000
2020,President,Trump,Biden,,49,0.0006125,0.0716472,0.920025,0.079975,,0.2904812,0.9856205,0.9957154,0.1082204,56.03286,40.62591,,3.34123,48.93762,33.66716,,1.636405,63.00971,47.64226,,5.32889,15.40695,1.525873,29.19238,1,2020-07-07,10:57:16 10 Aug 2020,40000
2020,President,Trump,Biden,,48,0.0143625,0.2160946,0.6704,0.3296,,0.3992393,0.9977245,0.9972057,0.4514845,51.48687,47.49144,,1.021688,45.57517,41.56303,,0.5140121,57.40649,53.44569,,1.602898,3.995421,-7.848444,15.83476,1,2020-07-07,10:57:16 10 Aug 2020,40000
2020,President,Trump,Biden,,47,0.000625,0.0340581,0.92605,0.07395,,0.2889693,0.9891819,0.9970194,0.100429,57.32764,41.55274,,1.119619,50.38551,34.71736,,0.5622711,64.1593,48.50594,,1.758672,15.7749,1.910555,29.44331,1,2020-07-07,10:57:16 10 Aug 2020,40000
2020,President,Trump,Biden,,46,0.0004875,0.1780757,0.937325,0.062675,,0.2847998,0.9764659,0.9945976,0.0840227,59.34571,39.134,,1.520289,51.07413,31.03296,,0.75863,67.48012,47.38663,,2.397848,20.21172,3.729702,36.37893,1,2020-07-07,10:57:16 10 Aug 2020,40000
2020,President,Trump,Biden,,45,0.0009125,0.0581044,0.852675,0.147325,,0.3141584,0.9964365,0.998044,0.2015445,54.10001,44.99573,,0.9042569,48.49712,39.40186,,0.4559702,59.67323,50.60538,,1.416419,9.10428,-2.083082,20.26987,1,2020-07-07,10:57:16 10 Aug 2020,40000
2020,President,Trump,Biden,,44,0.0008125,0.2427697,0.04005,0.95995,,0.8470662,0.7525132,0.1263972,0.9917625,37.4596,61.07083,,1.469571,29.15318,52.71313,,0.7338564,45.83557,69.37393,,2.316763,-23.61123,-40.16463,-6.841652,1,2020-07-07,10:57:16 10 Aug 2020,40000
2020,President,Trump,Biden,,30,0.0007375,0.2020576,0.88765,0.11235,,0.3002873,0.9833111,0.9931073,0.1516732,55.68774,41.87143,,2.440828,48.34797,34.61211,,1.204916,63.01032,49.24419,,3.874385,13.81631,-0.8543434,28.30502,1,2020-07-07,10:57:16 10 Aug 2020,40000
2020,President,Trump,Biden,,41,0.0092,0.6170171,0.112125,0.887875,,0.7447045,0.7883711,0.3111028,0.9610091,41.46627,56.08316,,2.450566,33.82546,48.32888,,1.209603,49.21819,63.7747,,3.890071,-14.61689,-29.83367,0.8281555,1,2020-07-07,10:57:16 10 Aug 2020,40000
2020,President,Trump,Biden,,39,0.031425,0.7868608,0.521625,0.478375,,0.510568,0.9954534,0.992269,0.6537841,49.72721,49.23994,,1.032839,43.84355,43.38265,,0.5195153,55.58814,55.10317,,1.620625,0.4872692,-11.23586,12.17846,1,2020-07-07,10:57:16 10 Aug 2020,40000
2020,President,Trump,Biden,,38,1.25e-05,0.004869,0.977325,0.022675,,0.2744225,0.9911797,0.9992548,0.0308564,60.59975,36.67506,,2.725186,53.32699,29.58247,,1.341642,67.7874,43.93217,,4.332932,23.92469,9.486498,38.10498,1,2020-07-07,10:57:16 10 Aug 2020,40000
2020,President,Trump,Biden,,37,0.0585125,1.658301,0.44425,0.55575,,0.5783343,0.9783626,0.9572467,0.7464905,48.98702,50.21321,,0.7997721,43.34926,44.5683,,0.4041988,54.62406,55.84628,,1.250996,-1.226191,-12.50612,10.03064,1,2020-07-07,10:57:16 10 Aug 2020,40000
2020,President,Trump,Biden,,36,0.0021625,0.039138,0.01125,0.98875,,0.8511111,0.7349937,0.0356744,0.9977347,36.69423,62.19019,,1.115582,30.33228,55.77936,,0.5602853,43.09389,68.54146,,1.752246,-25.49596,-38.17081,-12.71001,1,2020-07-07,10:57:16 10 Aug 2020,40000
2020,President,Trump,Biden,,35,0.0099125,1.726627,0.1052,0.8948,,0.9132605,0.8040903,0.3579545,0.9878153,42.81772,55.33062,,1.851665,36.3728,48.90375,,0.9200025,49.23313,61.75308,,2.928155,-12.5129,-25.32841,0.3111763,1,2020-07-07,10:57:16 10 Aug 2020,40000
2020,President,Trump,Biden,,34,0.0071,0.2586062,0.052175,0.947825,,0.7800671,0.756416,0.1516393,0.9843144,40.06283,59.07833,,0.8588418,32.76832,51.76558,,0.4334825,47.35593,66.38521,,1.344466,-19.0155,-33.61794,-4.414282,1,2020-07-07,10:57:16 10 Aug 2020,40000
2020,President,Trump,Biden,,33,0.0188875,3.506745,0.295125,0.704875,,0.7380771,0.9254832,0.8115686,0.8956238,46.34792,52.56709,,1.084985,38.83791,45.03353,,0.5452282,53.90762,60.0866,,1.703557,-6.219172,-21.22083,8.865284,1,2020-07-07,10:57:16 10 Aug 2020,40000
2020,President,Trump,Biden,,32,0.0350125,4.064306,0.230725,0.769275,,0.8407195,0.9001657,0.7227086,0.9507122,45.65231,52.58427,,1.763416,39.51819,46.45126,,0.8771087,51.79084,58.73528,,2.786762,-6.931967,-19.15141,5.277662,1,2020-07-07,10:57:16 10 Aug 2020,40000
2020,President,Trump,Biden,,31,1.25e-05,0.001839,0.974275,0.025725,,0.2754356,0.9980564,0.9998137,0.0352497,58.84252,39.28421,,1.873266,52.647,33.22673,,0.9308553,64.94934,45.46938,,2.962389,19.55831,7.217136,31.67821,1,2020-07-07,10:57:16 10 Aug 2020,40000
2020,President,Trump,Biden,,40,3.75e-05,0.0038192,0.9875,0.0125,,0.2714937,0.976,0.9988823,0.0167496,62.87188,35.91124,,1.216885,55.97888,29.13903,,0.6100466,69.64142,42.80048,,1.913605,26.96063,13.19224,40.50785,1,2020-07-07,10:57:16 10 Aug 2020,40000
2020,President,Trump,Biden,,21,0.0001625,0.0118015,0.97085,0.02915,,0.2890251,0.990566,0.9991099,0.0403395,60.04223,38.73404,,1.223734,53.16204,32.00085,,0.6190666,66.80521,45.59532,,1.901009,21.30819,7.63271,34.79334,1,2020-07-06,10:59:26 10 Aug 2020,40000
2020,President,Trump,Biden,,17,0.00485,0.1224254,0.024325,0.975675,,0.8417266,0.7297512,0.0729037,0.9946913,38.75139,59.68148,,1.567129,32.25754,53.14877,,0.7887703,45.31277,66.17998,,2.442522,-20.93009,-33.92365,-7.858133,1,2020-07-06,10:59:26 10 Aug 2020,40000
2020,President,Trump,Biden,,18,0.000525,0.0259316,0.894475,0.105525,,0.3137315,0.9976309,0.9991989,0.1470732,55.23492,43.27889,,1.48619,49.05637,37.13918,,0.7488403,61.37792,49.41413,,2.314828,11.95603,-0.3125534,24.2094,1,2020-07-06,10:59:26 10 Aug 2020,40000
2020,President,Trump,Biden,,19,0.0042375,0.3856453,0.65535,0.34465,,0.4269093,0.9968084,0.9961723,0.4799525,51.29184,47.32365,,1.384514,44.61259,40.73103,,0.6986297,57.90446,53.99611,,2.154289,3.968184,-9.303535,17.15891,1,2020-07-06,10:59:26 10 Aug 2020,40000
2020,President,Trump,Biden,,20,0.0001875,0.02273,0.915025,0.084975,,0.3068495,0.9991174,0.999733,0.1186085,55.86745,42.29402,,1.838537,49.54013,36.07978,,0.9222273,62.11487,48.63118,,2.871958,13.57343,0.95051,25.99104,1,2020-07-06,10:59:26 10 Aug 2020,40000
2020,President,Trump,Biden,,26,0.0568125,1.600739,0.16905,0.83095,,0.9643596,0.8543534,0.58047,0.9917924,45.12124,53.68082,,1.197934,39.33934,47.85896,,0.6062757,50.93314,59.47356,,1.860409,-8.559585,-20.11118,3.078457,1,2020-07-06,10:59:26 10 Aug 2020,40000
2020,President,Trump,Biden,,22,0.0018375,0.1260875,0.900725,0.099275,,0.3073913,0.9594561,0.9858465,0.1330679,57.36615,41.80077,,0.8330759,49.60035,34.1129,,0.4246221,65.03757,49.55626,,1.288032,15.56539,0.0477409,30.92123,1,2020-07-06,10:59:26 10 Aug 2020,40000
2020,President,Trump,Biden,,23,0.004425,0.8287983,0.23265,0.76735,,0.7520954,0.8583762,0.6230194,0.9201942,44.92963,53.72589,,1.344481,37.14533,45.88852,,0.6782399,52.78225,61.50835,,2.091495,-8.796257,-24.35764,6.848091,1,2020-07-06,10:59:26 10 Aug 2020,40000
2020,President,Trump,Biden,,24,0.00035,0.0176362,0.003875,0.996125,,0.8193548,0.7178818,0.011305,0.9990221,35.54593,63.07,,1.384069,29.72173,57.10948,,0.6984103,41.48463,68.9144,,2.153589,-27.52407,-39.17613,-15.64436,1,2020-07-06,10:59:26 10 Aug 2020,40000
2020,President,Trump,Biden,,25,0.0006,0.0254634,0.01065,0.98935,,0.8309859,0.7217365,0.0315115,0.9975552,34.16657,64.31284,,1.520595,26.63154,56.55161,,0.76582,41.93327,71.87667,,2.369101,-30.14627,-45.22953,-14.65263,1,2020-07-06,10:59:26 10 Aug 2020,40000
2020,President,Trump,Biden,,15,0.00015,0.0475182,0.011475,0.988525,,0.6361656,0.7199869,0.0259925,0.994307,29.75744,68.58636,,1.656206,20.61038,59.12292,,0.8326542,39.23446,77.70928,,2.583425,-38.82892,-57.05373,-19.92386,1,2020-07-06,10:59:26 10 Aug 2020,40000
2020,President,Trump,Biden,,16,7.5e-05,0.0145796,0.98215,0.01785,,0.2857507,0.9887955,0.9992879,0.0246577,62.5116,34.30463,,3.183774,54.44804,26.47257,,1.575707,70.46485,42.29861,,5.0108,28.20697,12.28373,43.89579,1,2020-07-06,10:59:26 10 Aug 2020,40000
2020,President,Trump,Biden,,09,0.0017375,0.1505478,0.039075,0.960925,,0.9065899,0.7411869,0.1261349,0.9950056,39.90804,59.15699,,0.934974,33.14876,52.32717,,0.4754868,46.7422,65.89653,,1.447549,-19.24896,-32.72634,-5.600079,1,2020-07-06,10:59:26 10 Aug 2020,40000
2020,President,Trump,Biden,,13,0.0244125,0.8037885,0.581825,0.418175,,0.4750569,0.9888205,0.9841552,0.5776753,50.40538,48.78677,,0.8078433,45.26178,43.64145,,0.4119961,55.5765,53.92648,,1.248586,1.618611,-8.626858,11.91422,1,2020-07-06,10:59:26 10 Aug 2020,40000
2020,President,Trump,Biden,,12,0.2415875,3.370541,0.353975,0.646025,,0.7664383,0.9847529,0.9659961,0.8887608,47.90819,51.24828,,0.8435357,42.05244,45.37638,,0.429849,53.78407,57.09853,,1.304388,-3.340085,-15.03027,8.385006,1,2020-07-06,10:59:26 10 Aug 2020,40000
2020,President,Trump,Biden,,11,0.0,0.0,2.5e-05,0.999975,,1.0,0.7158179,8.9e-05,1.0,5.892798,90.50701,,3.600192,2.070671,85.81065,,1.775813,10.07074,94.82152,,5.676197,-84.61421,-92.53409,-76.02118,1,2020-07-06,10:59:26 10 Aug 2020,40000
2020,President,Trump,Biden,,10,0.0001125,0.0359843,0.005925,0.994075,,0.9915612,0.7200161,0.0209186,0.9999301,37.70023,61.1202,,1.179566,32.15619,55.53201,,0.597165,43.29703,66.65851,,1.831511,-23.41997,-34.49934,-12.237,1,2020-07-06,10:59:26 10 Aug 2020,40000
2020,President,Trump,Biden,,08,0.0266375,1.297699,0.1588,0.8412,,0.9099496,0.834433,0.5145095,0.9806161,44.17463,53.94218,,1.883186,37.89038,47.59206,,0.9441106,50.53994,60.24375,,2.942593,-9.767548,-22.33676,2.906469,1,2020-07-06,10:59:26 10 Aug 2020,40000
2020,President,Trump,Biden,,06,0.0025,0.0248357,0.0062,0.9938,,0.7822581,0.7189324,0.017269,0.9981489,34.98751,63.08204,,1.930441,28.55268,56.63594,,0.9672551,41.4,69.55629,,3.017371,-28.09453,-40.97826,-15.29271,1,2020-07-06,10:59:26 10 Aug 2020,40000
2020,President,Trump,Biden,,05,0.0005625,0.0699656,0.9003,0.0997,,0.3106187,0.9872116,0.9957272,0.1375035,56.38913,41.95447,,1.656402,49.162,34.839,,0.832751,63.52814,49.16811,,2.583736,14.43465,0.015583,28.66314,1,2020-07-06,10:59:26 10 Aug 2020,40000
2020,President,Trump,Biden,,04,0.0472125,2.3877,0.45385,0.54615,,0.5855459,0.9712991,0.9462346,0.7410939,48.7705,49.84043,,1.38907,42.46143,43.50801,,0.7008811,55.09021,56.12468,,2.161474,-1.06993,-13.64739,11.54576,1,2020-07-06,10:59:26 10 Aug 2020,40000
2020,President,Trump,Biden,,02,0.002025,0.9144281,0.80905,0.19095,,0.3374946,0.958497,0.9722272,0.2556929,54.29103,43.11891,,2.590055,45.8815,34.86868,,1.288559,62.5763,51.47939,,4.064159,11.17212,-5.513384,27.54887,1,2020-07-06,10:59:26 10 Aug 2020,40000
2020,President,Trump,Biden,,01,0.0002,0.0133923,0.969725,0.030275,,0.2887159,0.9694467,0.9968845,0.0410031,59.66932,39.5151,,0.8155827,53.13937,33.01312,,0.4158722,66.17517,46.05093,,1.260684,20.15421,7.089386,33.18227,1,2020-07-06,10:59:26 10 Aug 2020,40000
2020,President,Trump,Biden,,28,0.0020625,0.2419047,0.863075,0.136925,,0.3200185,0.9653095,0.9834431,0.1846535,55.34887,43.84097,,0.8101609,48.51369,37.12435,,0.4131569,62.06456,50.67846,,1.252209,11.50791,-2.151157,24.94067,1,2020-07-06,10:59:26 10 Aug 2020,40000
2020,President,Trump,Biden,,27,0.05225,2.435582,0.198325,0.801675,,0.89134,0.866623,0.6294285,0.9705923,45.44599,53.17317,,1.380845,39.55986,47.26111,,0.6968172,51.38464,59.05844,,2.148505,-7.727181,-19.47378,4.095354,1,2020-07-06,10:59:26 10 Aug 2020,40000
2020,President,Trump,Biden,,29,0.0013125,0.0654545,0.835225,0.164775,,0.3352091,0.994538,0.9968845,0.2289397,54.10649,44.4208,,1.472718,47.6496,38.04036,,0.7421889,60.53146,50.89235,,2.293547,9.685692,-3.220388,22.46424,1,2020-07-06,10:59:26 10 Aug 2020,40000
2020,President,Trump,Biden,,56,6.25e-05,0.035603,0.996075,0.003925,,0.281781,0.9490446,0.9993769,0.005204,68.2689,28.25217,,3.478937,60.41907,20.82643,,1.717636,75.86514,35.9399,,5.482291,40.01673,24.58535,54.95692,1,2020-07-06,10:59:26 10 Aug 2020,40000
2020,President,Trump,Biden,,42,0.1954375,4.429738,0.261825,0.738175,,0.8852287,0.9301317,0.8252626,0.9592065,46.88787,52.33181,,0.7803214,41.33216,46.74844,,0.3982173,52.45484,57.8831,,1.205485,-5.443941,-16.51541,5.688494,1,2020-07-06,10:59:26 10 Aug 2020,40000
2020,President,Trump,Biden,,30,0.0004125,0.1197824,0.88955,0.11045,,0.3140633,0.9861928,0.9947481,0.1521724,55.80904,41.73997,,2.45099,48.40924,34.51814,,1.221012,63.10647,49.14643,,3.843127,14.06907,-0.6421719,28.50122,1,2020-07-06,10:59:26 10 Aug 2020,40000
2020,President,Trump,Biden,,55,0.1086875,5.079899,0.28555,0.71445,,0.8355805,0.9384841,0.8495638,0.9367142,46.83501,52.1203,,1.044687,40.70685,45.98053,,0.5301357,52.96102,58.21697,,1.619614,-5.285285,-17.49127,6.979971,1,2020-07-06,10:59:26 10 Aug 2020,40000
2020,President,Trump,Biden,,54,5e-05,0.0099361,0.990225,0.009775,,0.2835214,0.9872123,0.9996439,0.0134814,65.73734,32.39463,,1.868038,57.49974,24.48505,,0.936688,73.69207,40.54763,,2.918608,33.3427,16.96069,49.21308,1,2020-07-06,10:59:26 10 Aug 2020,40000
2020,President,Trump,Biden,,53,0.0015,0.0600738,0.020125,0.979875,,0.8881987,0.7282307,0.0636461,0.9968916,37.47906,60.26146,,2.259486,30.72393,53.42562,,1.127899,44.31652,67.04375,,3.538928,-22.78239,-36.2527,-9.198692,1,2020-07-06,10:59:26 10 Aug 2020,40000
2020,President,Trump,Biden,,51,0.0191125,0.6434125,0.089875,0.910125,,0.9757997,0.7841231,0.3122663,0.9969963,43.79979,55.15799,,1.042229,38.44052,49.73644,,0.5289129,49.23363,60.51192,,1.61576,-11.3582,-22.0319,-0.5283051,1,2020-07-06,10:59:26 10 Aug 2020,40000
2020,President,Trump,Biden,,50,0.0003,0.1358563,0.0118,0.9882,,0.7733051,0.7216657,0.0324907,0.9962978,31.27179,65.95583,,2.772382,22.62858,57.08887,,1.376947,40.10561,74.67559,,4.354817,-34.68405,-51.94704,-17.09624,1,2020-07-06,10:59:26 10 Aug 2020,40000
2020,President,Trump,Biden,,49,0.0008625,0.1025683,0.9206,0.0794,,0.3037421,0.9839421,0.9956383,0.1091436,56.19621,40.45368,,3.350112,49.01521,33.49603,,1.655755,63.29546,47.58972,,5.276416,15.74253,1.610847,29.70661,1,2020-07-06,10:59:26 10 Aug 2020,40000
2020,President,Trump,Biden,,47,0.0008,0.0434646,0.92545,0.07455,,0.3023394,0.9852448,0.9962614,0.1026125,57.43311,41.44307,,1.12382,50.38828,34.47227,,0.5694852,64.40736,48.46085,,1.74387,15.99003,1.95643,29.93667,1,2020-07-06,10:59:26 10 Aug 2020,40000
2020,President,Trump,Biden,,46,0.0003125,0.1129491,0.9384,0.0616,,0.2972879,0.9691558,0.9933239,0.0834032,59.47274,39.00436,,1.522902,51.19019,30.81194,,0.7669583,67.67697,47.28376,,2.372734,20.46837,3.94169,36.84045,1,2020-07-06,10:59:26 10 Aug 2020,40000
2020,President,Trump,Biden,,45,0.0010625,0.0664884,0.857075,0.142925,,0.3270134,0.9956271,0.9979526,0.1987986,54.21438,44.87778,,0.907838,48.5076,39.24176,,0.4619471,59.88937,50.56414,,1.405067,9.336599,-2.028643,20.62553,1,2020-07-06,10:59:26 10 Aug 2020,40000
2020,President,Trump,Biden,,44,0.0009125,0.2707892,0.042475,0.957525,,0.848146,0.7409989,0.1282713,0.9912336,37.56792,60.95995,,1.472126,29.21934,52.44587,,0.7418964,46.06845,69.31178,,2.292611,-23.39203,-40.03762,-6.398529,1,2020-07-06,10:59:26 10 Aug 2020,40000
2020,President,Trump,Biden,,48,0.00875,0.1305107,0.722725,0.277275,,0.3880798,0.9986476,0.9986648,0.3868399,52.21037,46.77673,,1.012897,46.19938,40.79672,,0.5143163,58.1792,52.77834,,1.569792,5.433645,-6.553778,17.38639,1,2020-07-06,10:59:26 10 Aug 2020,40000
2020,President,Trump,Biden,,41,0.0094125,0.63281,0.114175,0.885825,,0.7692139,0.7786809,0.3127114,0.9636421,41.54855,55.99738,,2.454064,33.86906,48.24481,,1.222506,49.31646,63.73069,,3.848011,-14.44883,-29.78153,0.9861279,1,2020-07-06,10:59:26 10 Aug 2020,40000
2020,President,Trump,Biden,,35,0.0097125,1.686445,0.113025,0.886975,,0.9188232,0.7970067,0.3697703,0.9876013,42.96156,55.18195,,1.856487,36.50438,48.65252,,0.9310269,49.46904,61.667,,2.900335,-12.22039,-25.05917,0.774004,1,2020-07-06,10:59:26 10 Aug 2020,40000
2020,President,Trump,Biden,,40,8.75e-05,0.0087676,0.98725,0.01275,,0.2842239,0.9764706,0.9991099,0.0173931,63.01361,35.766,,1.220387,56.01743,28.8575,,0.6174079,69.92134,42.74746,,1.895742,27.24761,13.27218,41.05022,1,2020-07-06,10:59:26 10 Aug 2020,40000
2020,President,Trump,Biden,,32,0.0349375,4.071675,0.24515,0.75485,,0.8439731,0.8986554,0.7366922,0.9476809,45.8051,52.42772,,1.767184,39.58215,46.16567,,0.8872241,52.07805,58.64705,,2.759157,-6.62262,-19.05515,5.849602,1,2020-07-06,10:59:26 10 Aug 2020,40000
2020,President,Trump,Biden,,33,0.0194125,3.607155,0.304225,0.695775,,0.7559372,0.9233589,0.8188535,0.8975272,46.4423,52.46926,,1.088431,38.78734,44.77637,,0.5518885,54.15728,60.10502,,1.688265,-6.026963,-21.29503,9.393021,1,2020-07-06,10:59:26 10 Aug 2020,40000
2020,President,Trump,Biden,,34,0.0075,0.2735188,0.0557,0.9443,,0.7868043,0.7455787,0.1560442,0.9835848,40.14391,58.99428,,0.8618104,32.87457,51.59808,,0.4389772,47.52702,66.26564,,1.332968,-18.85037,-33.36696,-4.084929,1,2020-07-06,10:59:26 10 Aug 2020,40000
2020,President,Trump,Biden,,31,2.5e-05,0.0051141,0.9756,0.0244,,0.2877972,0.9959016,0.999733,0.033948,58.99187,39.12969,,1.878438,52.75459,33.02879,,0.9407945,65.10997,45.34789,,2.934638,19.86218,7.427649,32.01679,1,2020-07-06,10:59:26 10 Aug 2020,40000
2020,President,Trump,Biden,,36,0.00215,0.039761,0.01065,0.98935,,0.8615023,0.7220397,0.0326687,0.9979743,36.7783,62.10215,,1.119547,30.41283,55.67615,,0.5673615,43.21435,68.4646,,1.737155,-25.32385,-38.05379,-12.49713,1,2020-07-06,10:59:26 10 Aug 2020,40000
2020,President,Trump,Biden,,37,0.058525,1.668303,0.450325,0.549675,,0.5953478,0.9759403,0.9546021,0.7494412,49.06341,50.13352,,0.8030638,43.35897,44.42207,,0.409602,54.74916,55.8175,,1.241112,-1.070111,-12.446,10.31825,1,2020-07-06,10:59:26 10 Aug 2020,40000
2020,President,Trump,Biden,,38,3.75e-05,0.0137498,0.978625,0.021375,,0.2868566,0.9929824,0.9995549,0.0296521,60.74902,36.51884,,2.732139,53.36465,29.41537,,1.357454,67.94872,43.84143,,4.290573,24.23018,9.635107,38.46739,1,2020-07-06,10:59:26 10 Aug 2020,40000
2020,President,Trump,Biden,,39,0.0328625,0.8244112,0.532075,0.467925,,0.5237983,0.9951381,0.9923447,0.6505309,49.83009,49.13342,,1.03649,43.88331,43.17556,,0.5260581,55.79233,55.07446,,1.606764,0.6966748,-11.17251,12.60572,1,2020-07-06,10:59:26 10 Aug 2020,40000
2020,President,Trump,Biden,,15,0.0002625,0.0851845,0.008225,0.991775,,0.5440729,0.7619168,0.018854,0.9950947,29.37173,68.98413,,1.644139,20.65665,59.94076,,0.8383994,38.35259,77.75922,,2.55618,-39.6124,-57.07727,-21.6312,1,2020-07-05,11:01:55 10 Aug 2020,40000
2020,President,Trump,Biden,,26,0.056975,1.609522,0.134075,0.865925,,0.952452,0.869879,0.538024,0.9919342,44.76778,54.04354,,1.188669,39.37166,48.62333,,0.6107249,50.18163,59.42707,,1.839422,-9.275762,-20.00905,1.532391,1,2020-07-05,11:01:55 10 Aug 2020,40000
2020,President,Trump,Biden,,25,0.000775,0.0325535,0.0074,0.9926,,0.7533784,0.7632229,0.0234885,0.9976296,33.7678,64.72346,,1.508736,26.45195,57.34698,,0.770929,41.11524,72.05881,,2.342579,-30.95566,-45.59575,-16.2687,1,2020-07-05,11:01:55 10 Aug 2020,40000
2020,President,Trump,Biden,,24,0.0003375,0.0168396,0.00235,0.99765,,0.7553192,0.7605874,0.0074784,0.9992428,35.23652,63.39016,,1.373328,29.67015,57.76057,,0.7032974,40.84779,68.96814,,2.129446,-28.15364,-39.2756,-16.96461,1,2020-07-05,11:01:55 10 Aug 2020,40000
2020,President,Trump,Biden,,23,0.004475,0.8380511,0.200225,0.799775,,0.7099513,0.8773718,0.5989046,0.9240494,44.54718,54.11728,,1.335546,37.23555,46.73153,,0.6840549,51.91212,61.44089,,2.070856,-9.570104,-24.19333,5.144232,1,2020-07-05,11:01:55 10 Aug 2020,40000
2020,President,Trump,Biden,,22,0.0018375,0.1270711,0.9018,0.0982,,0.2595365,0.9653768,0.9860965,0.1248395,57.05194,42.12072,,0.8273349,49.63211,34.7764,,0.4283242,64.36725,49.53053,,1.274008,14.93123,0.12393,29.59337,1,2020-07-05,11:01:55 10 Aug 2020,40000
2020,President,Trump,Biden,,21,0.0001375,0.0099543,0.9744,0.0256,,0.2433549,0.9912109,0.999052,0.0334156,59.71343,39.07233,,1.214242,53.2933,32.69875,,0.6235698,66.07973,45.46516,,1.879621,20.6411,7.852432,33.36816,1,2020-07-05,11:01:55 10 Aug 2020,40000
2020,President,Trump,Biden,,20,0.0001125,0.0134372,0.916025,0.083975,,0.2590268,0.9991069,0.999684,0.1104856,55.51426,42.66169,,1.824057,49.58033,36.72877,,0.9278812,61.44841,48.63718,,2.840304,12.85257,0.9619274,24.65565,1,2020-07-05,11:01:55 10 Aug 2020,40000
2020,President,Trump,Biden,,19,0.00405,0.3659382,0.631325,0.368675,,0.3748069,0.9980335,0.9969454,0.4845432,50.89038,47.73589,,1.373731,44.70618,41.54961,,0.703499,57.06437,53.924,,2.130079,3.154493,-9.209625,15.5001,1,2020-07-05,11:01:55 10 Aug 2020,40000
2020,President,Trump,Biden,,18,0.000675,0.0344636,0.8953,0.1047,,0.2649671,0.9985673,0.9994733,0.137679,54.88399,43.6414,,1.474617,49.11256,37.95449,,0.7539053,60.58117,49.42113,,2.288809,11.24259,-0.2670555,22.58606,1,2020-07-05,11:01:55 10 Aug 2020,40000
2020,President,Trump,Biden,,17,0.0050875,0.1292786,0.017725,0.982275,,0.7940761,0.7693874,0.0593006,0.9952263,38.38865,60.05558,,1.555769,32.25794,53.87835,,0.7943783,44.53831,66.19734,,2.41674,-21.66693,-33.91026,-9.397398,1,2020-07-05,11:01:55 10 Aug 2020,40000
2020,President,Trump,Biden,,16,3.75e-05,0.0068709,0.982925,0.017075,,0.2409645,0.9707174,0.9978934,0.0218272,62.17076,34.66982,,3.159419,54.42638,27.03653,,1.584264,69.87523,42.33537,,4.960364,27.50094,12.20319,42.74281,1,2020-07-05,11:01:55 10 Aug 2020,40000
2020,President,Trump,Biden,,28,0.001775,0.2074815,0.864825,0.135175,,0.2692163,0.9656001,0.9809353,0.1718848,55.06007,44.13597,,0.803958,48.63978,37.77,,0.4164541,61.41948,50.54768,,1.237493,10.9241,-1.914539,23.64804,1,2020-07-05,11:01:55 10 Aug 2020,40000
2020,President,Trump,Biden,,13,0.023575,0.7739457,0.552875,0.447125,,0.4217047,0.9904389,0.9823046,0.583177,50.08968,49.10862,,0.8017021,45.2993,44.26893,,0.4153083,54.94146,53.92275,,1.23397,0.9810562,-8.611324,10.67315,1,2020-07-05,11:01:55 10 Aug 2020,40000
2020,President,Trump,Biden,,12,0.246825,3.450039,0.3104,0.6896,,0.7365496,0.9865502,0.96324,0.8959013,47.52061,51.64212,,0.8372713,42.07281,46.1871,,0.4333661,52.98902,57.09715,,1.289533,-4.121506,-15.02912,6.791977,1,2020-07-05,11:01:55 10 Aug 2020,40000
2020,President,Trump,Biden,,11,0.0,0.0,0.0,1.0,,,0.759375,0.0,1.0,5.804633,90.62261,,3.572752,2.070141,86.04046,,1.785196,9.871187,94.85162,,5.620294,-84.81799,-92.55338,-76.49844,1,2020-07-05,11:01:55 10 Aug 2020,40000
2020,President,Trump,Biden,,10,6.25e-05,0.0189624,0.003925,0.996075,,0.9681529,0.7622418,0.0160101,0.9998354,37.40895,61.42054,,1.170504,32.17814,56.12748,,0.6015961,42.70293,66.67503,,1.810892,-24.01159,-34.48561,-13.44838,1,2020-07-05,11:01:55 10 Aug 2020,40000
2020,President,Trump,Biden,,09,0.0018875,0.1618272,0.02785,0.97215,,0.8806104,0.7777606,0.1033284,0.9956872,39.53357,59.53856,,0.9278721,33.10403,53.09599,,0.4792616,46.00866,65.9825,,1.431198,-20.00499,-32.85754,-7.112768,1,2020-07-05,11:01:55 10 Aug 2020,40000
2020,President,Trump,Biden,,08,0.024975,1.217691,0.1251,0.8749,,0.8870903,0.852326,0.4675584,0.9819918,43.79372,54.33739,,1.868894,37.89856,48.38396,,0.9501621,49.70679,60.25393,,2.911176,-10.54367,-22.30888,1.231871,1,2020-07-05,11:01:55 10 Aug 2020,40000
2020,President,Trump,Biden,,06,0.00285,0.0282778,0.004175,0.995825,,0.7904192,0.7617051,0.0139035,0.9988807,34.65085,63.43401,,1.915139,28.5547,57.2826,,0.9731238,40.77668,69.56053,,2.984139,-28.78316,-40.96359,-16.50783,1,2020-07-05,11:01:55 10 Aug 2020,40000
2020,President,Trump,Biden,,05,0.0004625,0.0561747,0.9046,0.0954,,0.2614139,0.9900419,0.9963135,0.1243786,56.05737,42.29929,,1.643341,49.3035,35.59041,,0.8380018,62.80158,49.02555,,2.55492,13.75809,0.3179264,27.17214,1,2020-07-05,11:01:55 10 Aug 2020,40000
2020,President,Trump,Biden,,04,0.0474125,2.400173,0.42145,0.57855,,0.5317357,0.9756719,0.9441752,0.7433416,48.3902,50.23146,,1.378343,42.46218,44.29518,,0.7058057,54.3194,56.16958,,2.137308,-1.841263,-13.68307,10.00651,1,2020-07-05,11:01:55 10 Aug 2020,40000
2020,President,Trump,Biden,,02,0.001475,0.6464267,0.79965,0.20035,,0.2875008,0.9625655,0.9686118,0.2539589,53.88945,43.54007,,2.570485,45.83802,35.54249,,1.296217,61.93908,51.54067,,4.02323,10.34938,-5.651951,26.3052,1,2020-07-05,11:01:55 10 Aug 2020,40000
2020,President,Trump,Biden,,01,0.000425,0.0275053,0.9727,0.0273,,0.2432662,0.9734432,0.9969454,0.0349959,59.40462,39.78603,,0.8093473,53.28889,33.72964,,0.4191914,65.48416,45.90067,,1.24591,19.6186,7.408211,31.75643,1,2020-07-05,11:01:55 10 Aug 2020,40000
2020,President,Trump,Biden,,27,0.052,2.419299,0.163475,0.836525,,0.8625172,0.8818625,0.5940594,0.9714568,45.09159,53.53844,,1.369964,39.55911,47.98382,,0.7016149,50.63634,59.0558,,2.124174,-8.44685,-19.46824,2.620478,1,2020-07-05,11:01:55 10 Aug 2020,40000
2020,President,Trump,Biden,,56,2.5e-05,0.0141713,0.99695,0.00305,,0.2378755,0.9344262,0.9991574,0.0037531,68.02026,28.52755,,3.452197,60.47939,21.32854,,1.726636,75.3703,35.91185,,5.427706,39.4927,24.74148,53.88231,1,2020-07-05,11:01:55 10 Aug 2020,40000
2020,President,Trump,Biden,,29,0.0013875,0.0692491,0.83315,0.16685,,0.2839525,0.9952053,0.9967348,0.2186667,53.7682,44.77054,,1.461255,47.72323,38.77245,,0.7472352,59.76644,50.79658,,2.267766,8.997662,-3.054762,20.97135,1,2020-07-05,11:01:55 10 Aug 2020,40000
2020,President,Trump,Biden,,42,0.1946375,4.409624,0.220525,0.779475,,0.8644145,0.9369127,0.8031389,0.9617119,46.53794,52.68745,,0.7746133,41.36103,47.49707,,0.4015419,51.74092,57.87442,,1.191774,-6.149505,-16.50882,4.224352,1,2020-07-05,11:01:55 10 Aug 2020,40000
2020,President,Trump,Biden,,30,0.0005375,0.1495492,0.8908,0.1092,,0.2645375,0.9842033,0.9928376,0.1415309,55.45445,42.11435,,2.431204,48.42138,35.12677,,1.227826,62.46521,49.11469,,3.802053,13.34011,-0.6157417,27.21408,1,2020-07-05,11:01:55 10 Aug 2020,40000
2020,President,Trump,Biden,,55,0.1085625,5.061919,0.2465,0.7535,,0.7994929,0.9445255,0.8303139,0.9372181,46.45467,52.50872,,1.036608,40.74075,46.77837,,0.534187,52.17463,58.24897,,1.601238,-6.054049,-17.52697,5.347895,1,2020-07-05,11:01:55 10 Aug 2020,40000
2020,President,Trump,Biden,,54,3.75e-05,0.0078791,0.991175,0.008825,,0.2392615,0.9773371,0.9991574,0.011358,65.42871,32.71793,,1.853364,57.70578,25.15268,,0.9424469,73.04865,40.44521,,2.886635,32.71078,17.30894,47.86677,1,2020-07-05,11:01:55 10 Aug 2020,40000
2020,President,Trump,Biden,,53,0.001225,0.0491765,0.0134,0.9866,,0.8488806,0.767687,0.047925,0.9973992,37.10817,60.65016,,2.241671,30.79155,54.21996,,1.134522,43.49646,66.99446,,3.501312,-23.54199,-36.17134,-10.78321,1,2020-07-05,11:01:55 10 Aug 2020,40000
2020,President,Trump,Biden,,51,0.0188125,0.6347765,0.062875,0.937125,,0.9717694,0.8084834,0.2574258,0.9977284,43.47964,55.48616,,1.034203,38.51363,50.49762,,0.5329744,48.4869,60.45988,,1.597481,-12.00652,-21.90822,-2.03018,1,2020-07-05,11:01:55 10 Aug 2020,40000
2020,President,Trump,Biden,,50,0.0001875,0.0858598,0.00785,0.99215,,0.7356688,0.7632918,0.0243312,0.9972675,30.85312,66.39548,,2.751399,22.63114,57.90302,,1.384872,39.31248,74.71219,,4.310854,-35.54235,-52.03527,-18.74541,1,2020-07-05,11:01:55 10 Aug 2020,40000
2020,President,Trump,Biden,,49,0.000675,0.079304,0.921725,0.078275,,0.2562858,0.9856276,0.9952602,0.1015967,55.84425,40.83265,,3.323104,49.04345,34.13113,,1.663879,62.59044,47.62052,,5.221583,15.01159,1.61944,28.28432,1,2020-07-05,11:01:55 10 Aug 2020,40000
2020,President,Trump,Biden,,47,0.0007375,0.0393954,0.92995,0.07005,,0.254261,0.9867951,0.9962081,0.0910288,57.1008,41.7841,,1.115108,50.50744,35.2772,,0.5737334,63.64188,48.35137,,1.724033,15.3167,2.180567,28.34595,1,2020-07-05,11:01:55 10 Aug 2020,40000
2020,President,Trump,Biden,,46,0.00045,0.1670702,0.940975,0.059025,,0.2506177,0.9737399,0.9935749,0.0756872,59.11134,39.3768,,1.511865,51.18483,31.60943,,0.7724895,66.88058,47.2937,,2.347512,19.73454,3.924004,35.2353,1,2020-07-05,11:01:55 10 Aug 2020,40000
2020,President,Trump,Biden,,45,0.000775,0.0496455,0.85705,0.14295,,0.2765008,0.9973767,0.9984201,0.1877531,53.91405,45.1851,,0.9008537,48.62334,39.87936,,0.4655871,59.22505,50.4747,,1.388953,8.728955,-1.860373,19.35944,1,2020-07-05,11:01:55 10 Aug 2020,40000
2020,President,Trump,Biden,,44,0.0009,0.2673777,0.029575,0.970425,,0.7886729,0.7761033,0.0982726,0.9918025,37.08926,61.44925,,1.461487,29.14999,53.4231,,0.7473506,45.09362,69.43849,,2.26813,-24.35999,-40.27907,-8.368099,1,2020-07-05,11:01:55 10 Aug 2020,40000
2020,President,Trump,Biden,,48,0.00885,0.1338259,0.70525,0.29475,,0.3359801,0.9984733,0.9983147,0.3875556,51.82742,47.16759,,1.004997,46.21366,41.55779,,0.5182401,57.42225,52.78078,,1.551819,4.659827,-6.54565,15.84333,1,2020-07-05,11:01:55 10 Aug 2020,40000
2020,President,Trump,Biden,,41,0.0092625,0.6288548,0.094875,0.905125,,0.710672,0.8090319,0.2840742,0.9643127,41.21851,56.34591,,2.435584,33.87447,48.93035,,1.22998,48.6349,63.7626,,3.809003,-15.1274,-29.84025,-0.3564663,1,2020-07-05,11:01:55 10 Aug 2020,40000
2020,President,Trump,Biden,,35,0.0105625,1.840258,0.08705,0.91295,,0.8983343,0.8223342,0.3294712,0.988642,42.58394,55.57413,,1.841932,36.50465,49.43317,,0.9367659,48.7066,61.65826,,2.868571,-12.99019,-25.10568,-0.7825432,1,2020-07-05,11:01:55 10 Aug 2020,40000
2020,President,Trump,Biden,,40,8.75e-05,0.0082129,0.988575,0.011425,,0.2397137,0.9649891,0.9984201,0.0145185,62.7099,36.07913,,1.210967,56.11197,29.58295,,0.6219255,69.2215,42.6614,,1.874472,26.63077,13.47491,39.62368,1,2020-07-05,11:01:55 10 Aug 2020,40000
2020,President,Trump,Biden,,32,0.0345875,4.037662,0.204525,0.795475,,0.8220267,0.9100537,0.7083421,0.9533169,45.41602,52.83061,,1.753364,39.60755,47.02075,,0.892751,51.24751,58.66842,,2.728668,-7.414588,-19.05639,4.188602,1,2020-07-05,11:01:55 10 Aug 2020,40000
2020,President,Trump,Biden,,33,0.01865,3.469666,0.26495,0.73505,,0.7171164,0.9324195,0.8005056,0.9025514,45.98093,52.93902,,1.080048,38.85323,45.74118,,0.5560808,53.16628,60.08154,,1.669127,-6.958095,-21.23534,7.428244,1,2020-07-05,11:01:55 10 Aug 2020,40000
2020,President,Trump,Biden,,34,0.0076125,0.2782468,0.044475,0.955525,,0.7144463,0.7815337,0.133874,0.9834074,39.77532,59.36942,,0.8552582,32.7478,52.29388,,0.4424871,46.87486,66.42964,,1.317645,-19.5941,-33.68567,-5.449932,1,2020-07-05,11:01:55 10 Aug 2020,40000
2020,President,Trump,Biden,,31,1.25e-05,0.0022218,0.976975,0.023025,,0.242867,0.9967427,0.999684,0.0302222,58.6761,39.45949,,1.864409,52.78838,33.63251,,0.9455794,64.54886,45.34121,,2.907301,19.21661,7.516966,30.89986,1,2020-07-05,11:01:55 10 Aug 2020,40000
2020,President,Trump,Biden,,36,0.0025,0.0461258,0.007575,0.992425,,0.7590759,0.7633575,0.0242258,0.9976296,36.44265,62.44652,,1.110837,30.34389,56.22884,,0.5715842,42.65581,68.57717,,1.717343,-26.00387,-38.219,-13.59544,1,2020-07-05,11:01:55 10 Aug 2020,40000
2020,President,Trump,Biden,,37,0.0578375,1.643827,0.41445,0.58555,,0.5465074,0.9807019,0.9542869,0.756214,48.73023,50.4729,,0.7968679,43.40601,45.11057,,0.4128524,54.10293,55.81603,,1.226434,-1.742668,-12.39984,8.968168,1,2020-07-05,11:01:55 10 Aug 2020,40000
2020,President,Trump,Biden,,38,1.25e-05,0.0060883,0.9793,0.0207,,0.2421628,0.9903381,0.9991574,0.0269959,60.39841,36.89149,,2.710096,53.40624,30.07203,,1.36465,67.27521,43.84272,,4.245158,23.50693,9.657156,37.08112,1,2020-07-05,11:01:55 10 Aug 2020,40000
2020,President,Trump,Biden,,39,0.0319875,0.8028321,0.4969,0.5031,,0.4737372,0.9960743,0.9917843,0.6599177,49.4567,49.51484,,1.028466,43.90708,43.94175,,0.530081,55.04306,55.07962,,1.588519,-0.0581347,-11.11257,11.0588,1,2020-07-05,11:01:55 10 Aug 2020,40000
2020,President,Trump,Biden,,16,0.0001375,0.0258597,0.98275,0.01725,,0.243653,0.9753623,0.9982283,0.0222303,62.19566,34.65812,,3.146212,54.41869,27.11149,,1.572512,69.80048,42.36301,,4.957325,27.53754,12.19278,42.55515,1,2020-07-04,11:03:40 10 Aug 2020,40000
2020,President,Trump,Biden,,27,0.051575,2.394298,0.1637,0.8363,,0.8640806,0.8789609,0.5896821,0.9712294,45.10128,53.5328,,1.365912,39.52188,47.91251,,0.6969686,50.70934,59.13252,,2.127285,-8.431518,-19.55451,2.76399,1,2020-07-04,11:03:40 10 Aug 2020,40000
2020,President,Trump,Biden,,26,0.056825,1.6038,0.13685,0.86315,,0.955243,0.8698083,0.5449713,0.9919733,44.77943,54.03525,,1.185323,39.31247,48.55303,,0.6067572,50.26121,59.47826,,1.842646,-9.255823,-20.13688,1.696434,1,2020-07-04,11:03:40 10 Aug 2020,40000
2020,President,Trump,Biden,,25,0.0005875,0.0248451,0.00795,0.99205,,0.7672956,0.7611008,0.0254299,0.9976217,33.72958,64.76611,,1.504313,26.43751,57.40028,,0.7658979,41.05572,72.11004,,2.345842,-31.03653,-45.6499,-16.41473,1,2020-07-04,11:03:40 10 Aug 2020,40000
2020,President,Trump,Biden,,24,0.0003875,0.0195613,0.0025,0.9975,,0.81,0.7582957,0.0084419,0.9994054,35.22955,63.40136,,1.369087,29.67995,57.74723,,0.6985519,40.87223,68.98877,,2.132299,-28.17182,-39.26376,-16.92744,1,2020-07-04,11:03:40 10 Aug 2020,40000
2020,President,Trump,Biden,,23,0.0045625,0.8526324,0.2024,0.7976,,0.7092391,0.8757209,0.5984367,0.9228711,44.56223,54.10461,,1.333159,37.09689,46.70882,,0.6812416,51.985,61.58064,,2.076766,-9.542385,-24.45479,5.283737,1,2020-07-04,11:03:40 10 Aug 2020,40000
2020,President,Trump,Biden,,22,0.0016875,0.1177756,0.9008,0.0992,,0.2630717,0.9702621,0.9879104,0.1271718,57.08238,42.09348,,0.8241374,49.61206,34.73724,,0.4250887,64.46033,49.5515,,1.274989,14.98889,0.0863857,29.69702,1,2020-07-04,11:03:40 10 Aug 2020,40000
2020,President,Trump,Biden,,21,0.000125,0.0089135,0.9739,0.0261,,0.2462265,0.9971265,0.9996873,0.0343859,59.73393,39.05493,,1.211137,53.25362,32.61142,,0.6196709,66.20551,45.54964,,1.883296,20.679,7.707264,33.59215,1,2020-07-04,11:03:40 10 Aug 2020,40000
2020,President,Trump,Biden,,20,0.00015,0.0179424,0.918125,0.081875,,0.2612662,1.0,1.0,0.1081786,55.55098,42.63019,,1.818833,49.5894,36.71118,,0.9218751,61.48135,48.58262,,2.843364,12.92079,1.079115,24.72281,1,2020-07-04,11:03:40 10 Aug 2020,40000
2020,President,Trump,Biden,,19,0.0045125,0.4095827,0.6312,0.3688,,0.3790795,0.9983731,0.9974987,0.4864901,50.92,47.71038,,1.369616,44.71587,41.53953,,0.6988157,57.14155,53.9133,,2.133134,3.209613,-9.154226,15.576,1,2020-07-04,11:03:40 10 Aug 2020,40000
2020,President,Trump,Biden,,18,0.0003375,0.0167462,0.893025,0.106975,,0.2685535,0.9995326,0.9997916,0.1412763,54.89318,43.63644,,1.47038,49.0546,37.8075,,0.749015,60.71391,49.46046,,2.292233,11.25674,-0.3950634,22.88531,1,2020-07-04,11:03:40 10 Aug 2020,40000
2020,President,Trump,Biden,,17,0.0048,0.121573,0.017675,0.982325,,0.8076379,0.7670323,0.0595102,0.9955407,38.38654,60.06391,,1.549552,32.20546,53.82254,,0.7883891,44.61548,66.26422,,2.417327,-21.67738,-34.00256,-9.270218,1,2020-07-04,11:03:40 10 Aug 2020,40000
2020,President,Trump,Biden,,01,0.00035,0.0234886,0.9697,0.0303,,0.2468805,0.9843234,0.9980198,0.0394068,59.41442,39.77827,,0.8073123,53.12505,33.59562,,0.4165754,65.62873,46.03545,,1.248631,19.63614,7.115589,32.03556,1,2020-07-04,11:03:40 10 Aug 2020,40000
2020,President,Trump,Biden,,15,0.0003125,0.1019895,0.00805,0.99195,,0.5496894,0.7593881,0.0184471,0.9952765,29.33994,69.02261,,1.637449,20.36607,59.90668,,0.8320352,38.48007,78.00957,,2.55634,-39.68267,-57.60881,-21.45872,1,2020-07-04,11:03:40 10 Aug 2020,40000
2020,President,Trump,Biden,,13,0.023575,0.7732401,0.55785,0.44215,,0.4224254,0.9903314,0.9823866,0.5785493,50.11095,49.08932,,0.7997283,45.21286,44.20109,,0.4127353,55.00336,54.0053,,1.236753,1.021621,-8.763332,10.78164,1,2020-07-04,11:03:40 10 Aug 2020,40000
2020,President,Trump,Biden,,12,0.2451125,3.424748,0.3156,0.6844,,0.7309094,0.9861923,0.9616467,0.8917883,47.53905,51.62621,,0.8347383,41.9943,46.10013,,0.4304496,53.0871,57.17248,,1.29159,-4.087157,-15.19656,6.993567,1,2020-07-04,11:03:40 10 Aug 2020,40000
2020,President,Trump,Biden,,11,0.0,0.0,0.0,1.0,,,0.75685,0.0,1.0,5.842794,90.59583,,3.561371,2.053701,85.88239,,1.773887,9.931128,94.83212,,5.622762,-84.75304,-92.57539,-76.23122,1,2020-07-04,11:03:40 10 Aug 2020,40000
2020,President,Trump,Biden,,10,0.0001625,0.0510229,0.003575,0.996425,,0.958042,0.75944,0.0142783,0.9998348,37.40621,61.42737,,1.166425,32.10291,56.14284,,0.5972981,42.69059,66.73105,,1.812894,-24.02116,-34.59984,-13.47053,1,2020-07-04,11:03:40 10 Aug 2020,40000
2020,President,Trump,Biden,,29,0.0014,0.0699716,0.830075,0.169925,,0.2880161,0.9951449,0.9966649,0.223426,53.77633,44.7661,,1.457579,47.65164,38.688,,0.7426436,59.87553,50.88105,,2.272016,9.010228,-3.208199,21.16481,1,2020-07-04,11:03:40 10 Aug 2020,40000
2020,President,Trump,Biden,,08,0.02625,1.278932,0.127075,0.872925,,0.8904191,0.8513904,0.471704,0.9819647,43.78448,54.35178,,1.863733,37.84456,48.37726,,0.9440876,49.76842,60.31759,,2.914507,-10.5673,-22.4346,1.358438,1,2020-07-04,11:03:40 10 Aug 2020,40000
2020,President,Trump,Biden,,06,0.0029875,0.0295401,0.0041,0.9959,,0.7012195,0.7587358,0.0119854,0.9983814,34.63341,63.45658,,1.910006,28.47222,57.28126,,0.9669533,40.81358,69.65315,,2.987824,-28.82318,-41.14168,-16.47559,1,2020-07-04,11:03:40 10 Aug 2020,40000
2020,President,Trump,Biden,,05,0.0006375,0.0782494,0.90045,0.09955,,0.2655339,0.9919639,0.9967691,0.130475,56.08125,42.27972,,1.639031,49.19268,35.48986,,0.8328201,62.89749,49.18259,,2.55884,13.80154,0.0478783,27.35934,1,2020-07-04,11:03:40 10 Aug 2020,40000
2020,President,Trump,Biden,,04,0.0470625,2.382398,0.42185,0.57815,,0.5346094,0.9739687,0.9401772,0.7440048,48.39171,50.23384,,1.37445,42.40985,44.26852,,0.7012262,54.35585,56.22012,,2.140768,-1.842127,-13.75706,10.01828,1,2020-07-04,11:03:40 10 Aug 2020,40000
2020,President,Trump,Biden,,02,0.0023875,1.063666,0.801,0.199,,0.2919788,0.9688442,0.974987,0.25474,53.8808,43.56,,2.559203,45.76316,35.57133,,1.286145,61.92155,51.66322,,4.019772,10.3208,-5.840965,26.28896,1,2020-07-04,11:03:40 10 Aug 2020,40000
2020,President,Trump,Biden,,28,0.0018875,0.2183588,0.85955,0.14045,,0.2740387,0.9684941,0.9819698,0.1797252,55.08548,44.11259,,0.8019243,48.47648,37.57795,,0.4138473,61.62224,50.7262,,1.240192,10.97289,-2.227322,24.05853,1,2020-07-04,11:03:40 10 Aug 2020,40000
2020,President,Trump,Biden,,09,0.0015625,0.1372394,0.0291,0.9709,,0.8823024,0.7760583,0.1070349,0.9955407,39.50548,59.57006,,0.9244651,33.00996,53.05238,,0.4757773,46.01892,66.08091,,1.432409,-20.06458,-33.03021,-7.036596,1,2020-07-04,11:03:40 10 Aug 2020,40000
2020,President,Trump,Biden,,30,0.0005875,0.1638174,0.89045,0.10955,,0.2679544,0.9881333,0.9946848,0.143027,55.46147,42.11278,,2.425749,48.41795,35.10737,,1.220721,62.48226,49.12939,,3.807204,13.34869,-0.5914803,27.3145,1,2020-07-04,11:03:40 10 Aug 2020,40000
2020,President,Trump,Biden,,45,0.0008125,0.0519599,0.852875,0.147125,,0.2808442,0.9974511,0.9985409,0.1938958,53.93451,45.16698,,0.8985167,48.49562,39.83867,,0.462688,59.27018,50.59934,,1.391635,8.767529,-2.078152,19.4382,1,2020-07-04,11:03:40 10 Aug 2020,40000
2020,President,Trump,Biden,,31,3.75e-05,0.006138,0.974975,0.025025,,0.2460063,0.999001,0.9998958,0.0330316,58.5918,39.53839,,1.869803,52.63693,33.72106,,0.9481091,64.45119,45.47219,,2.924732,19.05341,7.201061,30.67481,1,2020-07-04,11:03:40 10 Aug 2020,40000
2020,President,Trump,Biden,,56,0.0,0.0,0.996725,0.003275,,0.2404625,0.9389313,0.9991663,0.0040629,68.07944,28.48235,,3.438217,60.57912,21.22869,,1.714319,75.48531,35.912,,5.425228,39.59709,24.83591,54.11434,1,2020-07-04,11:03:40 10 Aug 2020,40000
2020,President,Trump,Biden,,55,0.109325,5.109016,0.2488,0.7512,,0.8020498,0.9438232,0.8318916,0.9367774,46.46975,52.49664,,1.033608,40.70152,46.75555,,0.5306964,52.23553,58.26176,,1.603911,-6.026883,-17.54652,5.482174,1,2020-07-04,11:03:40 10 Aug 2020,40000
2020,President,Trump,Biden,,54,5e-05,0.010433,0.990675,0.009325,,0.2419562,0.9812332,0.9992704,0.0120896,65.45235,32.69915,,1.848504,57.68581,25.05861,,0.9365555,73.13289,40.44839,,2.890378,32.7532,17.28585,48.05321,1,2020-07-04,11:03:40 10 Aug 2020,40000
2020,President,Trump,Biden,,53,0.00155,0.0609467,0.013425,0.986575,,0.8435754,0.7650458,0.0472121,0.9972584,37.09051,60.67525,,2.234236,30.71533,54.16326,,1.126687,43.58483,67.08191,,3.502555,-23.58474,-36.27891,-10.65184,1,2020-07-04,11:03:40 10 Aug 2020,40000
2020,President,Trump,Biden,,51,0.019225,0.6462721,0.065375,0.934625,,0.9659656,0.8074361,0.2632621,0.9970932,43.46428,55.50495,,1.030773,38.39455,50.45419,,0.5292726,48.5257,60.57352,,1.59945,-12.04067,-22.15677,-1.948469,1,2020-07-04,11:03:40 10 Aug 2020,40000
2020,President,Trump,Biden,,50,0.0002125,0.0975548,0.008225,0.991775,,0.7112462,0.760732,0.0243877,0.996862,30.86856,66.39142,,2.740015,22.53835,57.88741,,1.374611,39.36615,74.73671,,4.307815,-35.52286,-52.10735,-18.64961,1,2020-07-04,11:03:40 10 Aug 2020,40000
2020,President,Trump,Biden,,49,0.0005625,0.064555,0.92195,0.07805,,0.2591247,0.9871877,0.9959354,0.1018035,55.84433,40.84157,,3.314099,49.02877,34.15307,,1.654133,62.61525,47.60378,,5.226291,15.00276,1.564402,28.37538,1,2020-07-04,11:03:40 10 Aug 2020,40000
2020,President,Trump,Biden,,48,0.008625,0.1302925,0.70575,0.29425,,0.3393553,0.9986406,0.9984367,0.388254,51.84584,47.15227,,1.001889,46.14497,41.48204,,0.5147578,57.51376,52.85154,,1.554048,4.693572,-6.684887,16.01794,1,2020-07-04,11:03:40 10 Aug 2020,40000
2020,President,Trump,Biden,,47,0.000825,0.0449549,0.925775,0.074225,,0.2581351,0.9875379,0.9962481,0.0968488,57.12578,41.76199,,1.112233,50.42664,35.14491,,0.5701497,63.75513,48.45942,,1.727656,15.36379,1.968843,28.62723,1,2020-07-04,11:03:40 10 Aug 2020,40000
2020,President,Trump,Biden,,46,0.0004125,0.1537696,0.9398,0.0602,,0.2540168,0.9804817,0.9952058,0.0779877,59.15958,39.33483,,1.505588,51.07828,31.46471,,0.7665319,66.99601,47.38425,,2.347857,19.82475,3.721891,35.48888,1,2020-07-04,11:03:40 10 Aug 2020,40000
2020,President,Trump,Biden,,36,0.0021875,0.0401756,0.008,0.992,,0.7625,0.7610635,0.0254299,0.9975227,36.42407,62.46861,,1.107319,30.26048,56.30073,,0.567686,42.59433,68.63703,,1.719936,-26.04454,-38.35365,-13.68515,1,2020-07-04,11:03:40 10 Aug 2020,40000
2020,President,Trump,Biden,,44,0.001025,0.3065775,0.03205,0.96795,,0.7948518,0.7752208,0.1062011,0.9914448,37.08299,61.46157,,1.455447,29.03282,53.42662,,0.741582,45.12576,69.55159,,2.268648,-24.37858,-40.52307,-8.314981,1,2020-07-04,11:03:40 10 Aug 2020,40000
2020,President,Trump,Biden,,42,0.1922875,4.353737,0.22525,0.77475,,0.8599334,0.9375927,0.8075039,0.9597675,46.53815,52.68944,,0.7724096,41.26776,47.44636,,0.3988952,51.77934,57.94258,,1.19399,-6.151283,-16.66902,4.316729,1,2020-07-04,11:03:40 10 Aug 2020,40000
2020,President,Trump,Biden,,41,0.0087125,0.5867102,0.0929,0.9071,,0.7198601,0.8058373,0.278791,0.9658123,41.19484,56.38036,,2.424807,33.81772,48.98395,,1.220259,48.57892,63.76882,,3.805702,-15.18552,-29.83743,-0.4612465,1,2020-07-04,11:03:40 10 Aug 2020,40000
2020,President,Trump,Biden,,40,3.75e-05,0.0031709,0.9889,0.0111,,0.2424411,0.9887387,0.9994789,0.0145009,62.75432,36.03781,,1.207868,56.05885,29.52778,,0.6180359,69.2915,42.75211,,1.878147,26.71651,13.30686,39.71554,1,2020-07-04,11:03:40 10 Aug 2020,40000
2020,President,Trump,Biden,,39,0.0326375,0.8167412,0.50005,0.49995,,0.4760024,0.9959996,0.9922876,0.6579243,49.47747,49.49721,,1.025317,43.86239,43.93324,,0.5265318,55.03322,55.1091,,1.590866,-0.0197361,-11.23031,11.08183,1,2020-07-04,11:03:40 10 Aug 2020,40000
2020,President,Trump,Biden,,38,0.0,0.0,0.9792,0.0208,,0.2448938,0.9963942,0.9996873,0.0273832,60.43645,36.85952,,2.704032,53.5039,30.00841,,1.357021,67.36709,43.74297,,4.250486,23.57693,9.820646,37.26527,1,2020-07-04,11:03:40 10 Aug 2020,40000
2020,President,Trump,Biden,,37,0.0577375,1.641293,0.418225,0.581775,,0.5454002,0.9789438,0.9509119,0.7524939,48.74113,50.46423,,0.7946467,43.35058,45.0702,,0.4101617,54.13575,55.86004,,1.228794,-1.723099,-12.5122,9.058475,1,2020-07-04,11:03:40 10 Aug 2020,40000
2020,President,Trump,Biden,,32,0.0366375,4.257679,0.20685,0.79315,,0.8150834,0.9069848,0.7028661,0.9504856,45.41616,52.83661,,1.747225,39.5046,46.95272,,0.886427,51.32231,58.7551,,2.729953,-7.42045,-19.21153,4.318571,1,2020-07-04,11:03:40 10 Aug 2020,40000
2020,President,Trump,Biden,,35,0.0094125,1.634226,0.088,0.912,,0.9014205,0.8205318,0.3306931,0.9887362,42.58907,55.57524,,1.835686,36.44166,49.4122,,0.9302146,48.724,61.71848,,2.870067,-12.98617,-25.24364,-0.713625,1,2020-07-04,11:03:40 10 Aug 2020,40000
2020,President,Trump,Biden,,34,0.0080875,0.2947197,0.04355,0.95645,,0.7238806,0.7788175,0.1314226,0.9842108,39.74757,59.4001,,0.8523208,32.65424,52.25714,,0.4393446,46.89037,66.50591,,1.319154,-19.65253,-33.82289,-5.37195,1,2020-07-04,11:03:40 10 Aug 2020,40000
2020,President,Trump,Biden,,33,0.018675,3.47293,0.26655,0.73345,,0.7197524,0.9315904,0.7997916,0.9027879,45.98161,52.94195,,1.076443,38.70993,45.66241,,0.5522007,53.26822,60.22791,,1.671357,-6.960345,-21.5051,7.605852,1,2020-07-04,11:03:40 10 Aug 2020,40000
2020,President,Trump,Biden,,18,0.0004125,0.0209361,0.889525,0.110475,,0.2674461,0.9979634,0.9990551,0.1452665,54.8217,43.71044,,1.467862,48.94434,37.92749,,0.7470323,60.62482,49.55189,,2.290621,11.11126,-0.5620556,22.67315,1,2020-07-03,11:04:06 10 Aug 2020,40000
2020,President,Trump,Biden,,19,0.004125,0.3763263,0.6262,0.3738,,0.3785532,0.9969904,0.9954855,0.4910403,50.82267,47.81027,,1.367056,44.5109,41.51013,,0.6968207,57.15092,54.10042,,2.131202,3.012403,-9.56472,15.61403,1,2020-07-03,11:04:06 10 Aug 2020,40000
2020,President,Trump,Biden,,20,0.000225,0.0273384,0.91165,0.08835,,0.2610377,0.9983022,0.9993701,0.1162132,55.46089,42.72353,,1.815581,49.38218,36.78339,,0.919481,61.46955,48.73413,,2.841229,12.73736,0.7178612,24.63955,1,2020-07-03,11:04:06 10 Aug 2020,40000
2020,President,Trump,Biden,,21,0.0,0.0,0.971425,0.028575,,0.2448722,0.9912511,0.9989501,0.0373213,59.6697,39.12052,,1.209781,53.1473,32.65658,,0.6182304,66.16887,45.61668,,1.883101,20.54917,7.536716,33.50365,1,2020-07-03,11:04:06 10 Aug 2020,40000
2020,President,Trump,Biden,,27,0.0516375,2.401017,0.16295,0.83705,,0.8677508,0.881608,0.5938058,0.9723302,45.02745,53.60913,,1.363417,39.39788,47.95663,,0.695006,50.67476,59.2314,,2.125438,-8.581679,-19.76898,2.703316,1,2020-07-03,11:04:06 10 Aug 2020,40000
2020,President,Trump,Biden,,23,0.0045875,0.8535619,0.197975,0.802025,,0.714863,0.8765625,0.5943307,0.9263127,44.47794,54.18812,,1.333937,37.0155,46.72301,,0.679756,51.9427,61.64399,,2.080702,-9.710174,-24.59919,5.21912,1,2020-07-03,11:04:06 10 Aug 2020,40000
2020,President,Trump,Biden,,24,0.000375,0.0194341,0.002275,0.997725,,0.8021978,0.7602295,0.007664,0.9994071,35.16077,63.47297,,1.36626,29.59376,57.78672,,0.6964236,40.85781,69.0876,,2.129941,-28.31219,-39.44568,-16.95867,1,2020-07-03,11:04:06 10 Aug 2020,40000
2020,President,Trump,Biden,,25,0.000675,0.0284577,0.007925,0.992075,,0.785489,0.7632992,0.0261417,0.9977601,33.72169,64.77674,,1.501567,26.43406,57.35036,,0.7637881,41.11796,72.09454,,2.34391,-31.05505,-45.61483,-16.27259,1,2020-07-03,11:04:06 10 Aug 2020,40000
2020,President,Trump,Biden,,26,0.0568375,1.601354,0.1351,0.8649,,0.9520726,0.870274,0.5401575,0.991765,44.71173,54.10423,,1.184041,39.19538,48.60627,,0.6053267,50.23305,59.58762,,1.842588,-9.392503,-20.41157,1.622423,1,2020-07-03,11:04:06 10 Aug 2020,40000
2020,President,Trump,Biden,,16,0.0002,0.0378709,0.981675,0.018325,,0.242239,0.9822646,0.9986352,0.023717,62.11986,34.75409,,3.126048,54.2464,27.09019,,1.561819,69.86494,42.50434,,4.930709,27.36576,11.90094,42.66312,1,2020-07-03,11:04:06 10 Aug 2020,40000
2020,President,Trump,Biden,,17,0.00465,0.1168551,0.017825,0.982175,,0.8106592,0.7692875,0.0606824,0.9955531,38.35687,60.10253,,1.540599,32.16881,53.88125,,0.7831873,44.57894,66.33142,,2.405642,-21.74565,-34.13721,-9.322426,1,2020-07-03,11:04:06 10 Aug 2020,40000
2020,President,Trump,Biden,,10,0.0001125,0.0357731,0.0035,0.9965,,0.9428571,0.7614149,0.0138583,0.9997365,37.31918,61.51723,,1.163588,32.05956,56.172,,0.5950689,42.66245,66.79205,,1.810374,-24.19804,-34.70515,-13.52234,1,2020-07-03,11:04:06 10 Aug 2020,40000
2020,President,Trump,Biden,,15,0.0003625,0.1196091,0.00775,0.99225,,0.5677419,0.761552,0.0184777,0.9956519,29.252,69.12028,,1.627724,20.40867,60.03268,,0.8264403,38.3478,77.97891,,2.54352,-39.86828,-57.51016,-21.73052,1,2020-07-03,11:04:06 10 Aug 2020,40000
2020,President,Trump,Biden,,13,0.0235625,0.7793059,0.5487,0.4513,,0.4256424,0.9895303,0.9807874,0.5884116,50.05324,49.14735,,0.7994101,45.10513,44.25455,,0.4117672,54.94688,54.07249,,1.237901,0.9058902,-8.944229,10.67945,1,2020-07-03,11:04:06 10 Aug 2020,40000
2020,President,Trump,Biden,,12,0.2474125,3.458637,0.3114,0.6886,,0.7334618,0.9851511,0.9591601,0.8938336,47.47571,51.69016,,0.8341315,41.96353,46.21825,,0.4292978,52.98393,57.21479,,1.292353,-4.21445,-15.24196,6.765673,1,2020-07-03,11:04:06 10 Aug 2020,40000
2020,President,Trump,Biden,,11,0.0,0.0,2.5e-05,0.999975,,0.0,0.758944,0.0,0.999967,5.80835,90.64655,,3.545103,2.034813,86.01077,,1.765031,9.92803,94.88487,,5.602736,-84.8382,-92.60379,-76.38695,1,2020-07-03,11:04:06 10 Aug 2020,40000
2020,President,Trump,Biden,,29,0.00125,0.0619452,0.827825,0.172175,,0.2867152,0.9954988,0.9967454,0.2258383,53.72065,44.82253,,1.456832,47.59661,38.74454,,0.741549,59.83857,50.94469,,2.27319,8.89812,-3.319387,21.0979,1,2020-07-03,11:04:06 10 Aug 2020,40000
2020,President,Trump,Biden,,09,0.0019125,0.1681454,0.028225,0.971775,,0.8689106,0.7772118,0.1029921,0.9951578,39.49249,59.58554,,0.9219773,33.02631,53.00716,,0.4736177,46.08824,66.07098,,1.430356,-20.09306,-33.02975,-6.91622,1,2020-07-03,11:04:06 10 Aug 2020,40000
2020,President,Trump,Biden,,08,0.0250625,1.221199,0.1256,0.8744,,0.8923169,0.8529277,0.4706562,0.9826734,43.74752,54.39131,,1.861168,37.7631,48.37621,,0.9420152,49.73873,60.37907,,2.913651,-10.64378,-22.58104,1.367311,1,2020-07-03,11:04:06 10 Aug 2020,40000
2020,President,Trump,Biden,,06,0.0023625,0.0233854,0.004025,0.995975,,0.757764,0.7610382,0.0128084,0.9987153,34.58114,63.51194,,1.906914,28.50954,57.30746,,0.9646115,40.75976,69.57996,,2.986356,-28.9308,-41.05546,-16.59008,1,2020-07-03,11:04:06 10 Aug 2020,40000
2020,President,Trump,Biden,,05,0.000475,0.0612071,0.8984,0.1016,,0.2636632,0.9876968,0.9947507,0.1322221,55.98827,42.37502,,1.636705,49.07983,35.54723,,0.8308951,62.83696,49.23775,,2.557738,13.61325,-0.1155396,27.22413,1,2020-07-03,11:04:06 10 Aug 2020,40000
2020,President,Trump,Biden,,04,0.0455375,2.302505,0.418125,0.581875,,0.5384156,0.9765843,0.9454068,0.7487318,48.34379,50.28242,,1.37379,42.36246,44.29419,,0.7001783,54.30254,56.24695,,2.141869,-1.938625,-13.91974,9.98794,1,2020-07-03,11:04:06 10 Aug 2020,40000
2020,President,Trump,Biden,,02,0.0017875,0.7935265,0.7964,0.2036,,0.2904006,0.9658644,0.9712336,0.259108,53.80572,43.65229,,2.541996,45.65943,35.63126,,1.276969,61.88262,51.79508,,3.997086,10.15343,-6.101215,26.17741,1,2020-07-03,11:04:06 10 Aug 2020,40000
2020,President,Trump,Biden,,01,0.000375,0.0240418,0.9711,0.0289,,0.2442848,0.9688581,0.9962205,0.0368931,59.36629,39.82716,,0.8065393,53.09383,33.65827,,0.4153683,65.54115,46.08465,,1.249075,19.53913,7.022188,31.88527,1,2020-07-03,11:04:06 10 Aug 2020,40000
2020,President,Trump,Biden,,28,0.0019,0.2220814,0.861125,0.138875,,0.271215,0.9665167,0.9807874,0.1768562,55.02069,44.1782,,0.801107,48.47783,37.67747,,0.4126244,61.50972,50.70462,,1.240561,10.84249,-2.197906,23.82674,1,2020-07-03,11:04:06 10 Aug 2020,40000
2020,President,Trump,Biden,,22,0.00165,0.1166987,0.896725,0.103275,,0.2616465,0.9653837,0.9853019,0.1313657,56.99265,42.18756,,0.8197838,49.47669,34.73053,,0.422056,64.46424,49.70664,,1.269836,14.80509,-0.2256069,29.72797,1,2020-07-03,11:04:06 10 Aug 2020,40000
2020,President,Trump,Biden,,30,0.0003625,0.0996118,0.883025,0.116975,,0.2680558,0.9876042,0.9940158,0.1522169,55.38575,42.1899,,2.42435,48.23146,35.08777,,1.219298,62.51168,49.36448,,3.809366,13.19584,-1.079618,27.30344,1,2020-07-03,11:04:06 10 Aug 2020,40000
2020,President,Trump,Biden,,44,0.001175,0.3566805,0.031975,0.968025,,0.8100078,0.7778208,0.1087664,0.9920943,37.0831,61.47019,,1.446703,29.07016,53.33515,,0.7365071,45.24097,69.5202,,2.257177,-24.38709,-40.44719,-8.134203,1,2020-07-03,11:04:06 10 Aug 2020,40000
2020,President,Trump,Biden,,31,2.5e-05,0.0039173,0.975025,0.024975,,0.2441989,0.998999,0.999895,0.0328744,58.51986,39.62003,,1.860116,52.55968,33.73768,,0.9396442,64.47281,45.54458,,2.910139,18.89983,7.068029,30.71578,1,2020-07-03,11:04:06 10 Aug 2020,40000
2020,President,Trump,Biden,,56,1.25e-05,0.0069147,0.99685,0.00315,,0.238727,0.952381,0.9993701,0.0039528,67.99284,28.59025,,3.416912,60.45755,21.29767,,1.702965,75.42136,36.01209,,5.396842,39.4026,24.61559,53.9491,1,2020-07-03,11:04:06 10 Aug 2020,40000
2020,President,Trump,Biden,,55,0.110725,5.160806,0.246325,0.753675,,0.8023952,0.9442731,0.8300263,0.93771,46.39725,52.57018,,1.032572,40.57845,46.77509,,0.529274,52.20922,58.38442,,1.604134,-6.172935,-17.7714,5.448523,1,2020-07-03,11:04:06 10 Aug 2020,40000
2020,President,Trump,Biden,,54,6.25e-05,0.0137671,0.991275,0.008725,,0.2400192,0.9770774,0.9991601,0.0112326,65.37921,32.77484,,1.845953,57.52943,25.06803,,0.9344958,73.10257,40.5528,,2.889475,32.60437,17.06149,47.98968,1,2020-07-03,11:04:06 10 Aug 2020,40000
2020,President,Trump,Biden,,53,0.001475,0.0581342,0.0133,0.9867,,0.8345864,0.7670011,0.0466142,0.9971671,37.0191,60.75246,,2.228436,30.65858,54.27321,,1.123047,43.49028,67.15199,,3.497326,-23.73335,-36.38419,-10.85905,1,2020-07-03,11:04:06 10 Aug 2020,40000
2020,President,Trump,Biden,,51,0.0188375,0.6300443,0.064175,0.935825,,0.9700039,0.8089653,0.2614173,0.9974965,43.40282,55.56905,,1.028135,38.32649,50.51948,,0.5270437,48.48503,60.63844,,1.597171,-12.16623,-22.31358,-2.04521,1,2020-07-03,11:04:06 10 Aug 2020,40000
2020,President,Trump,Biden,,50,0.0002,0.0835646,0.007775,0.992225,,0.6913183,0.7625034,0.0225722,0.9968707,30.81556,66.46161,,2.722831,22.54539,57.93103,,1.36538,39.27133,74.785,,4.285798,-35.64605,-52.12038,-18.77454,1,2020-07-03,11:04:06 10 Aug 2020,40000
2020,President,Trump,Biden,,48,0.0078875,0.1190979,0.700625,0.299375,,0.339661,0.999499,0.9993701,0.3942618,51.77309,47.22617,,1.000739,46.07561,41.51651,,0.5132693,57.49205,52.91544,,1.554132,4.546929,-6.820845,15.94975,1,2020-07-03,11:04:06 10 Aug 2020,40000
2020,President,Trump,Biden,,47,0.000875,0.0477562,0.926,0.074,,0.2562095,0.9881757,0.9963254,0.0963502,57.07696,41.81207,,1.110975,50.37222,35.20972,,0.5686617,63.70894,48.51682,,1.727406,15.2649,1.867695,28.50435,1,2020-07-03,11:04:06 10 Aug 2020,40000
2020,President,Trump,Biden,,46,0.000225,0.0806499,0.9391,0.0609,,0.2520764,0.9770115,0.9941207,0.0783978,59.10715,39.39639,,1.496464,51.15874,31.54119,,0.7612504,66.97028,47.33604,,2.33584,19.71075,3.845098,35.39526,1,2020-07-03,11:04:06 10 Aug 2020,40000
2020,President,Trump,Biden,,45,0.000775,0.0499349,0.850325,0.149675,,0.2796578,0.9978286,0.9986352,0.196785,53.87131,45.2312,,0.8974853,48.43489,39.80124,,0.4612714,59.29472,50.62589,,1.391857,8.640107,-2.164682,19.46668,1,2020-07-03,11:04:06 10 Aug 2020,40000
2020,President,Trump,Biden,,49,0.0008125,0.0936118,0.9183,0.0817,,0.25814,0.9862301,0.9954855,0.1061664,55.79533,40.89621,,3.308469,48.87148,34.07042,,1.650394,62.69093,47.73297,,5.223023,14.89912,1.316568,28.4855,1,2020-07-03,11:04:06 10 Aug 2020,40000
2020,President,Trump,Biden,,42,0.196875,4.463732,0.219725,0.780275,,0.8599386,0.9342539,0.7934908,0.9605047,46.49424,52.7336,,0.7721669,41.24593,47.52849,,0.3979994,51.7258,57.98931,,1.195205,-6.239364,-16.72019,4.179924,1,2020-07-03,11:04:06 10 Aug 2020,40000
2020,President,Trump,Biden,,36,0.0023375,0.0422658,0.008425,0.991575,,0.7655786,0.7634067,0.0270866,0.9973977,36.40045,62.49384,,1.105716,30.26277,56.25648,,0.5660204,42.62418,68.64572,,1.719105,-26.09339,-38.34715,-13.63987,1,2020-07-03,11:04:06 10 Aug 2020,40000
2020,President,Trump,Biden,,41,0.010025,0.6742389,0.0921,0.9079,,0.7206841,0.8079359,0.2787402,0.9664997,41.12301,56.4686,,2.408395,33.7626,49.01792,,1.211468,48.51891,63.86265,,3.783915,-15.34559,-29.99852,-0.5505905,1,2020-07-03,11:04:06 10 Aug 2020,40000
2020,President,Trump,Biden,,33,0.0193375,3.578739,0.264375,0.735625,,0.7170686,0.9314868,0.7961155,0.9028592,45.93196,52.99372,,1.074323,38.69699,45.69667,,0.5502535,53.26157,60.24181,,1.669664,-7.061757,-21.5373,7.531631,1,2020-07-03,11:04:06 10 Aug 2020,40000
2020,President,Trump,Biden,,34,0.0085,0.3095521,0.0443,0.9557,,0.722912,0.7814429,0.1344882,0.984024,39.72823,59.42142,,0.8503475,32.65414,52.28566,,0.4374868,46.85828,66.52713,,1.317822,-19.6932,-33.83025,-5.430933,1,2020-07-03,11:04:06 10 Aug 2020,40000
2020,President,Trump,Biden,,35,0.008525,1.487749,0.086725,0.913275,,0.9034304,0.8220689,0.3290289,0.9892285,42.50226,55.66647,,1.831262,36.38408,49.45898,,0.9272341,48.72496,61.7893,,2.866137,-13.16421,-25.37998,-0.8054142,1,2020-07-03,11:04:06 10 Aug 2020,40000
2020,President,Trump,Biden,,32,0.0342,3.986849,0.20535,0.79465,,0.8139761,0.9083244,0.7019423,0.9510508,45.34362,52.91371,,1.742672,39.44755,46.96661,,0.8834059,51.29678,58.7964,,2.725646,-7.570093,-19.29631,4.308512,1,2020-07-03,11:04:06 10 Aug 2020,40000
2020,President,Trump,Biden,,37,0.0554125,1.576759,0.414575,0.585425,,0.5477899,0.980527,0.9537008,0.756341,48.68478,50.52107,,0.7941451,43.25628,45.13815,,0.4091074,54.08897,55.95332,,1.22965,-1.83629,-12.7138,8.927164,1,2020-07-03,11:04:06 10 Aug 2020,40000
2020,President,Trump,Biden,,38,2.5e-05,0.0100858,0.978325,0.021675,,0.2431452,0.988466,0.9989501,0.0282298,60.35564,36.94299,,2.701361,53.32114,29.99767,,1.354893,67.36405,43.96027,,4.251505,23.41265,9.431902,37.27771,1,2020-07-03,11:04:06 10 Aug 2020,40000
2020,President,Trump,Biden,,39,0.03295,0.8252611,0.494275,0.505725,,0.4770118,0.9952049,0.9901313,0.6631531,49.39559,49.58089,,1.02352,43.72339,43.93244,,0.5247241,55.04025,55.21298,,1.58993,-0.1853009,-11.47193,11.09143,1,2020-07-03,11:04:06 10 Aug 2020,40000
2020,President,Trump,Biden,,40,0.0001125,0.0112685,0.98835,0.01165,,0.2406789,0.9785408,0.9989501,0.0150208,62.67514,36.11842,,1.206441,56.00351,29.55509,,0.6165562,69.25569,42.78651,,1.877843,26.55671,13.25734,39.67439,1,2020-07-03,11:04:06 10 Aug 2020,40000
2020,President,Trump,Biden,,17,0.0048,0.1191349,0.01925,0.98075,,0.7974026,0.7672189,0.0639517,0.9949094,38.42038,60.04011,,1.539512,32.21109,53.81369,,0.7778956,44.66029,66.25987,,2.405258,-21.61973,-34.02077,-9.175415,1,2020-07-02,11:03:27 10 Aug 2020,40000
2020,President,Trump,Biden,,27,0.0527125,2.447257,0.165575,0.834425,,0.8641099,0.8800971,0.5960838,0.9710102,45.10302,53.5354,,1.361579,39.52975,47.90845,,0.6898842,50.73443,59.1274,,2.123857,-8.432386,-19.54936,2.811872,1,2020-07-02,11:03:27 10 Aug 2020,40000
2020,President,Trump,Biden,,26,0.0567375,1.599437,0.137675,0.862325,,0.9522426,0.8696547,0.5461931,0.9915708,44.76793,54.04942,,1.182652,39.33594,48.58221,,0.6009888,50.23579,59.47881,,1.841171,-9.281482,-20.11236,1.641001,1,2020-07-02,11:03:27 10 Aug 2020,40000
2020,President,Trump,Biden,,25,0.000725,0.0304702,0.008075,0.991925,,0.7554179,0.7605162,0.025414,0.9974547,33.75898,64.74146,,1.499565,26.45449,57.36629,,0.7581622,41.1153,72.08463,,2.34213,-30.98248,-45.60597,-16.30406,1,2020-07-02,11:03:27 10 Aug 2020,40000
2020,President,Trump,Biden,,24,0.0003,0.0153089,0.0029,0.9971,,0.7068965,0.7576472,0.0085408,0.9988761,35.21716,63.41843,,1.364411,29.58783,57.7047,,0.6912875,40.9378,69.06428,,2.128331,-28.20126,-39.46852,-16.78223,1,2020-07-02,11:03:27 10 Aug 2020,40000
2020,President,Trump,Biden,,23,0.00405,0.7631449,0.181325,0.818675,,0.7271474,0.8641097,0.5493178,0.9353762,44.12192,54.48609,,1.391986,36.77723,47.02872,,0.7051253,51.5941,61.82758,,2.171424,-10.36417,-25.02814,4.544945,1,2020-07-02,11:03:27 10 Aug 2020,40000
2020,President,Trump,Biden,,01,0.0003125,0.0222657,0.96955,0.03045,,0.2468413,0.9761904,0.9970837,0.0393032,59.3922,39.80231,,0.8054845,53.1278,33.63935,,0.4124995,65.55009,46.05677,,1.247801,19.58989,7.066463,31.92138,1,2020-07-02,11:03:27 10 Aug 2020,40000
2020,President,Trump,Biden,,22,0.00225,0.1579937,0.89975,0.10025,,0.2631564,0.9665835,0.9864597,0.1281238,57.05278,42.12803,,0.819196,49.57643,34.80999,,0.4193864,64.36681,49.58471,,1.269305,14.92476,-0.0145626,29.56045,1,2020-07-02,11:03:27 10 Aug 2020,40000
2020,President,Trump,Biden,,21,7.5e-05,0.0055144,0.9729,0.0271,,0.2465053,0.9926199,0.9991667,0.0355679,59.72049,39.07131,,1.208194,53.27962,32.62838,,0.6136851,66.18306,45.49409,,1.881438,20.64918,7.805174,33.5411,1,2020-07-02,11:03:27 10 Aug 2020,40000
2020,President,Trump,Biden,,20,0.000175,0.0208043,0.917425,0.082575,,0.261629,1.0,1.0,0.1091829,55.51654,42.67031,,1.813149,49.60089,36.71346,,0.9127002,61.49458,48.55616,,2.838964,12.84623,1.094067,24.73109,1,2020-07-02,11:03:27 10 Aug 2020,40000
2020,President,Trump,Biden,,19,0.004125,0.3762353,0.6309,0.3691,,0.3789428,0.9972907,0.9960421,0.4867116,50.89902,47.73574,,1.365232,44.65605,41.48764,,0.6916941,57.13058,54.00131,,2.129627,3.163285,-9.338251,15.61731,1,2020-07-02,11:03:27 10 Aug 2020,40000
2020,President,Trump,Biden,,18,0.0004125,0.0206261,0.892375,0.107625,,0.2688332,0.9988385,0.9994792,0.1421394,54.88593,43.6482,,1.465872,49.02537,37.85103,,0.7415069,60.73486,49.50716,,2.288896,11.23774,-0.4307671,22.83206,1,2020-07-02,11:03:27 10 Aug 2020,40000
2020,President,Trump,Biden,,02,0.0021375,0.9552531,0.797325,0.202675,,0.2922271,0.9647219,0.9707322,0.2585284,53.86633,43.59332,,2.540351,45.7747,35.57134,,1.268548,61.91947,51.66656,,3.996101,10.27302,-5.807867,26.28469,1,2020-07-02,11:03:27 10 Aug 2020,40000
2020,President,Trump,Biden,,16,0.000175,0.0328189,0.981675,0.018325,,0.2442764,0.9863575,0.9990626,0.0238992,62.20491,34.67107,,3.124013,54.36698,27.12621,,1.551473,69.87318,42.42344,,4.929964,27.53384,12.06954,42.62599,1,2020-07-02,11:03:27 10 Aug 2020,40000
2020,President,Trump,Biden,,15,0.000325,0.1084668,0.00845,0.99155,,0.5266272,0.7587615,0.0185397,0.9947772,29.35714,69.01627,,1.62659,20.37638,59.8237,,0.8208781,38.55537,78.02377,,2.542983,-39.65913,-57.63768,-21.27966,1,2020-07-02,11:03:27 10 Aug 2020,40000
2020,President,Trump,Biden,,13,0.02435,0.8019657,0.55555,0.44445,,0.4253443,0.9911126,0.9844808,0.5824409,50.10151,49.10007,,0.7984177,45.20292,44.21402,,0.4089477,55.00336,53.99549,,1.236714,1.001429,-8.767002,10.79139,1,2020-07-02,11:03:27 10 Aug 2020,40000
2020,President,Trump,Biden,,12,0.2433,3.400777,0.316175,0.683825,,0.728315,0.9849742,0.9593793,0.8905857,47.53856,51.62827,,0.8331732,42.05026,46.08481,,0.426403,53.07742,57.13202,,1.291236,-4.089705,-15.07953,6.989243,1,2020-07-02,11:03:27 10 Aug 2020,40000
2020,President,Trump,Biden,,11,0.0,0.0,2.5e-05,0.999975,,0.0,0.7562939,0.0,0.9999669,5.845596,90.61184,,3.542561,2.02491,85.87028,,1.753316,10.02924,94.92309,,5.601531,-84.76624,-92.65144,-76.145,1,2020-07-02,11:03:27 10 Aug 2020,40000
2020,President,Trump,Biden,,10,0.0001125,0.037263,0.003475,0.996525,,0.971223,0.758837,0.014061,0.9998678,37.4014,61.43664,,1.161965,32.1342,56.14616,,0.5907017,42.70055,66.7025,,1.808628,-24.03524,-34.56544,-13.50202,1,2020-07-02,11:03:27 10 Aug 2020,40000
2020,President,Trump,Biden,,09,0.002025,0.1764562,0.028825,0.971175,,0.8699046,0.7749118,0.1044683,0.9950747,39.53666,59.54264,,0.9206958,32.98111,52.95084,,0.470276,46.12012,66.09705,,1.42867,-20.00598,-33.10681,-6.848358,1,2020-07-02,11:03:27 10 Aug 2020,40000
2020,President,Trump,Biden,,08,0.0261125,1.271755,0.1286,0.8714,,0.8897745,0.8521632,0.4767212,0.9818524,43.80191,54.33862,,1.859471,37.84958,48.326,,0.9354703,49.8247,60.30419,,2.912476,-10.53672,-22.39464,1.449907,1,2020-07-02,11:03:27 10 Aug 2020,40000
2020,President,Trump,Biden,,06,0.0025375,0.025292,0.00455,0.99545,,0.7967033,0.7588277,0.0151026,0.9987769,34.61922,63.47634,,1.904432,28.4291,57.27417,,0.9575626,40.7861,69.67896,,2.983855,-28.85712,-41.20491,-16.56159,1,2020-07-02,11:03:27 10 Aug 2020,40000
2020,President,Trump,Biden,,05,0.00065,0.0794706,0.901025,0.098975,,0.2653644,0.990149,0.9961463,0.1295782,56.04905,42.31636,,1.634592,49.22646,35.54718,,0.8248247,62.83716,49.14076,,2.555684,13.73269,0.0760822,27.25203,1,2020-07-02,11:03:27 10 Aug 2020,40000
2020,President,Trump,Biden,,04,0.046125,2.335037,0.42135,0.57865,,0.5376765,0.9755033,0.94386,0.7463639,48.39265,50.23522,,1.372127,42.42719,44.29034,,0.6951101,54.35412,56.2035,,2.14052,-1.842561,-13.72379,10.04559,1,2020-07-02,11:03:27 10 Aug 2020,40000
2020,President,Trump,Biden,,28,0.001875,0.2191977,0.86145,0.13855,,0.2734924,0.9669794,0.9815644,0.1771453,55.06513,44.13481,,0.800061,48.49929,37.65808,,0.4097737,61.53366,50.68538,,1.239292,10.93033,-2.178679,23.87473,1,2020-07-02,11:03:27 10 Aug 2020,40000
2020,President,Trump,Biden,,29,0.0012625,0.0628294,0.83275,0.16725,,0.2873311,0.9953662,0.9968753,0.2201177,53.76603,44.77875,,1.455222,47.65368,38.68184,,0.7362403,59.87169,50.90541,,2.272036,8.987282,-3.258911,21.13852,1,2020-07-02,11:03:27 10 Aug 2020,40000
2020,President,Trump,Biden,,30,0.0005125,0.138096,0.888425,0.111575,,0.2684526,0.9863321,0.9936465,0.145511,55.42987,42.14884,,2.421283,48.39151,35.14189,,1.210561,62.45216,49.21339,,3.806217,13.28103,-0.7726078,27.2174,1,2020-07-02,11:03:27 10 Aug 2020,40000
2020,President,Trump,Biden,,45,0.0010125,0.0650029,0.852825,0.147175,,0.280802,0.9959232,0.9977086,0.1938054,53.90676,45.19694,,0.8963019,48.48841,39.81786,,0.4580587,59.27924,50.6065,,1.390332,8.709817,-2.095011,19.4568,1,2020-07-02,11:03:27 10 Aug 2020,40000
2020,President,Trump,Biden,,31,5e-05,0.0077417,0.97565,0.02435,,0.2459899,0.9989733,0.9998959,0.0321632,58.56305,39.57852,,1.85843,52.60933,33.68727,,0.9336874,64.46644,45.48134,,2.915925,18.98453,7.190304,30.71885,1,2020-07-02,11:03:27 10 Aug 2020,40000
2020,President,Trump,Biden,,56,0.0,0.0,0.9967,0.0033,,0.2406441,0.9469697,0.9992709,0.004132,68.06615,28.51918,,3.414673,60.49001,21.26596,,1.691717,75.44153,35.96178,,5.396301,39.54697,24.65356,54.05302,1,2020-07-02,11:03:27 10 Aug 2020,40000
2020,President,Trump,Biden,,55,0.1041,4.862043,0.24665,0.75335,,0.8078249,0.9436849,0.8301219,0.940004,46.44882,52.51991,,1.031274,40.70734,46.69453,,0.5255517,52.27714,58.26403,,1.60286,-6.071093,-17.54759,5.588526,1,2020-07-02,11:03:27 10 Aug 2020,40000
2020,President,Trump,Biden,,54,2.5e-05,0.004719,0.990325,0.009675,,0.2422437,0.9870801,0.9994792,0.0126273,65.43127,32.72522,,1.84351,57.59216,24.99905,,0.9276247,73.12287,40.52228,,2.887143,32.70606,17.09365,48.06713,1,2020-07-02,11:03:27 10 Aug 2020,40000
2020,President,Trump,Biden,,53,0.00155,0.0615921,0.014175,0.985825,,0.8553792,0.765146,0.0505156,0.9973555,37.07901,60.69556,,2.225423,30.6138,54.15627,,1.114949,43.6037,67.18583,,3.49426,-23.61655,-36.52724,-10.61723,1,2020-07-02,11:03:27 10 Aug 2020,40000
2020,President,Trump,Biden,,51,0.018525,0.6210495,0.064575,0.935425,,0.9628339,0.8060775,0.2590355,0.9969919,43.45889,55.51439,,1.026722,38.41596,50.45678,,0.5232778,48.52682,60.57295,,1.59568,-12.05551,-22.13438,-1.944143,1,2020-07-02,11:03:27 10 Aug 2020,40000
2020,President,Trump,Biden,,50,0.0003,0.1376237,0.0089,0.9911,,0.6853933,0.7603421,0.025414,0.996397,30.92297,66.356,,2.721029,22.62349,57.80781,,1.356352,39.47102,74.68582,,4.285068,-35.43303,-51.99334,-18.33357,1,2020-07-02,11:03:27 10 Aug 2020,40000
2020,President,Trump,Biden,,49,0.000875,0.1040274,0.92075,0.07925,,0.2594352,0.9851735,0.9952089,0.1032328,55.8327,40.86314,,3.304157,48.99696,34.1251,,1.638418,62.62265,47.66137,,5.219119,14.96957,1.482306,28.32697,1,2020-07-02,11:03:27 10 Aug 2020,40000
2020,President,Trump,Biden,,48,0.0105625,0.1588648,0.704475,0.295525,,0.3402179,0.9987311,0.9985418,0.3902552,51.82892,47.17171,,0.999371,46.13027,41.4905,,0.5096108,57.52312,52.8599,,1.552583,4.657215,-6.719797,16.0347,1,2020-07-02,11:03:27 10 Aug 2020,40000
2020,President,Trump,Biden,,47,0.0010375,0.055559,0.924275,0.075725,,0.2587163,0.9881149,0.9962504,0.0989356,57.10421,41.78629,,1.109504,50.37178,35.20203,,0.56458,63.70934,48.52332,,1.726084,15.31792,1.868185,28.50084,1,2020-07-02,11:03:27 10 Aug 2020,40000
2020,President,Trump,Biden,,46,0.00035,0.1265302,0.9398,0.0602,,0.2537774,0.9734219,0.9936465,0.0774825,59.16168,39.3429,,1.495422,51.12016,31.40767,,0.7561151,67.08432,47.38173,,2.335585,19.81879,3.78821,35.66653,1,2020-07-02,11:03:27 10 Aug 2020,40000
2020,President,Trump,Biden,,36,0.0023375,0.0427882,0.00785,0.99215,,0.7929936,0.760646,0.0259348,0.9978514,36.42167,62.47419,,1.104146,30.22501,56.24189,,0.56191,42.66345,68.67741,,1.717646,-26.05252,-38.43488,-13.59685,1,2020-07-02,11:03:27 10 Aug 2020,40000
2020,President,Trump,Biden,,44,0.0011875,0.3532365,0.034325,0.965675,,0.7640204,0.7749501,0.1092594,0.9894883,37.1216,61.43271,,1.445691,29.03138,53.30788,,0.7315261,45.22588,69.52071,,2.256951,-24.31111,-40.46021,-8.094589,1,2020-07-02,11:03:27 10 Aug 2020,40000
2020,President,Trump,Biden,,32,0.0355125,4.128104,0.205575,0.794425,,0.812842,0.9051201,0.6961775,0.9507471,45.39839,52.86136,,1.740251,39.48277,46.88388,,0.8768539,51.35602,58.77222,,2.723271,-7.462976,-19.23645,4.449841,1,2020-07-02,11:03:27 10 Aug 2020,40000
2020,President,Trump,Biden,,41,0.009625,0.6486765,0.09575,0.90425,,0.7190601,0.8069671,0.2868451,0.9648288,41.17661,56.41655,,2.406835,33.83418,48.93436,,1.203518,48.6787,63.83302,,3.783191,-15.23994,-29.91604,-0.3015175,1,2020-07-02,11:03:27 10 Aug 2020,40000
2020,President,Trump,Biden,,40,5e-05,0.0049582,0.9878,0.0122,,0.2427364,0.9795082,0.9989585,0.0158006,62.71482,36.08034,,1.204842,55.9847,29.50021,,0.6120179,69.28304,42.79512,,1.876148,26.63447,13.22509,39.76543,1,2020-07-02,11:03:27 10 Aug 2020,40000
2020,President,Trump,Biden,,39,0.03185,0.7996846,0.49795,0.50205,,0.4781103,0.9958171,0.9918758,0.6610472,49.44556,49.5323,,1.022143,43.85067,43.94135,,0.5209904,55.03911,55.14354,,1.588458,-0.0867307,-11.28836,11.09529,1,2020-07-02,11:03:27 10 Aug 2020,40000
2020,President,Trump,Biden,,38,6.25e-05,0.0240046,0.9794,0.0206,,0.2448693,0.9902912,0.9991667,0.0269734,60.37674,36.92491,,2.69835,53.35532,30.05426,,1.345342,67.31184,43.86417,,4.248798,23.45184,9.588163,37.12772,1,2020-07-02,11:03:27 10 Aug 2020,40000
2020,President,Trump,Biden,,37,0.0570375,1.624215,0.418,0.582,,0.547189,0.9796821,0.9529216,0.7539006,48.73948,50.46743,,0.7930941,43.37,45.05472,,0.4062716,54.1647,55.83968,,1.228363,-1.727954,-12.47379,9.104671,1,2020-07-02,11:03:27 10 Aug 2020,40000
2020,President,Trump,Biden,,35,0.0102625,1.777856,0.08825,0.91175,,0.9067988,0.8208116,0.3334028,0.9895213,42.55387,55.61735,,1.828783,36.40349,49.39349,,0.9203838,48.72385,61.75533,,2.863771,-13.06348,-25.31441,-0.7050152,1,2020-07-02,11:03:27 10 Aug 2020,40000
2020,President,Trump,Biden,,34,0.0077125,0.2824365,0.043825,0.956175,,0.7159156,0.7781003,0.1307155,0.9837366,39.76006,59.39075,,0.8491815,32.64237,52.27892,,0.4344357,46.8601,66.50413,,1.316362,-19.63069,-33.83811,-5.410635,1,2020-07-02,11:03:27 10 Aug 2020,40000
2020,President,Trump,Biden,,33,0.019125,3.54577,0.26695,0.73305,,0.7150216,0.9296774,0.7952297,0.9010975,45.99732,52.92983,,1.072853,38.7782,45.66106,,0.5463081,53.27229,60.16018,,1.668336,-6.932511,-21.36658,7.593824,1,2020-07-02,11:03:27 10 Aug 2020,40000
2020,President,Trump,Biden,,42,0.1974,4.474932,0.224225,0.775775,,0.8595161,0.9355806,0.8029372,0.9596721,46.54562,52.68304,,0.7713372,41.31742,47.42701,,0.3953303,51.79026,57.92232,,1.194241,-6.137425,-16.61061,4.366577,1,2020-07-02,11:03:27 10 Aug 2020,40000
2020,President,Trump,Biden,,19,0.00345,0.3153411,0.62625,0.37375,,0.3738523,0.9966555,0.994795,0.48915,50.89027,47.74727,,1.362464,44.56881,41.44144,,0.6893955,57.20899,54.07084,,2.124564,3.142996,-9.493372,15.73488,1,2020-07-01,11:05:57 10 Aug 2020,40000
2020,President,Trump,Biden,,20,0.0001625,0.0193402,0.910875,0.089125,,0.2582407,0.9985975,0.9994689,0.1168708,55.50395,42.68654,,1.809511,49.39454,36.66456,,0.9098586,61.56139,48.79074,,2.831847,12.8174,0.6511765,24.86102,1,2020-07-01,11:05:57 10 Aug 2020,40000
2020,President,Trump,Biden,,21,7.5e-05,0.0057499,0.9727,0.0273,,0.2418012,0.9945055,0.9993626,0.0356521,59.67777,39.11599,,1.20624,53.08435,32.6239,,0.6119218,66.18469,45.69928,,1.878113,20.56178,7.42037,33.57796,1,2020-07-01,11:05:57 10 Aug 2020,40000
2020,President,Trump,Biden,,22,0.0016375,0.1125601,0.899825,0.100175,,0.2578835,0.9660594,0.9859783,0.1270805,56.99416,42.18914,,0.8166909,49.57033,34.74744,,0.4175687,64.43352,49.59707,,1.265473,14.80502,-0.0104733,29.66792,1,2020-07-01,11:05:57 10 Aug 2020,40000
2020,President,Trump,Biden,,26,0.0609,1.715836,0.1382,0.8618,,0.9495296,0.8756962,0.5575739,0.9910049,44.76701,54.05189,,1.181093,39.22521,48.52945,,0.5994277,50.28836,59.59878,,1.838464,-9.284878,-20.35598,1.734838,1,2020-07-01,11:05:57 10 Aug 2020,40000
2020,President,Trump,Biden,,23,0.0039375,0.7410282,0.181375,0.818625,,0.7284631,0.8705146,0.5613979,0.9357867,44.08147,54.52954,,1.388992,36.66829,47.05046,,0.7020322,51.52751,61.95697,,2.166022,-10.44808,-25.24818,4.481241,1,2020-07-01,11:05:57 10 Aug 2020,40000
2020,President,Trump,Biden,,24,0.0003375,0.0162171,0.0033,0.9967,,0.7727273,0.7632939,0.0108349,0.9990152,35.21493,63.42348,,1.361597,29.51277,57.64196,,0.6889662,40.96023,69.13113,,2.123196,-28.20855,-39.59344,-16.70302,1,2020-07-01,11:05:57 10 Aug 2020,40000
2020,President,Trump,Biden,,25,0.000975,0.0409987,0.008975,0.991025,,0.7827298,0.7664539,0.0298492,0.9974393,33.7793,64.72418,,1.496512,26.34937,57.24171,,0.7556843,41.24199,72.15347,,2.336275,-30.94488,-45.78957,-16.02031,1,2020-07-01,11:05:57 10 Aug 2020,40000
2020,President,Trump,Biden,,17,0.0051875,0.1313595,0.019575,0.980425,,0.8148148,0.7730576,0.0677714,0.9952726,38.38234,60.08323,,1.534437,32.038,53.67543,,0.774409,44.78175,66.43498,,2.39625,-21.7009,-34.36371,-8.905964,1,2020-07-01,11:05:57 10 Aug 2020,40000
2020,President,Trump,Biden,,27,0.0542125,2.523982,0.165175,0.834825,,0.8581807,0.884916,0.6022944,0.9700929,45.08464,53.55619,,1.359174,39.37618,47.88834,,0.6877666,50.75421,59.24576,,2.119371,-8.471546,-19.82296,2.858017,1,2020-07-01,11:05:57 10 Aug 2020,40000
2020,President,Trump,Biden,,18,0.000375,0.0188241,0.889525,0.110475,,0.2642702,0.9975107,0.9988315,0.1447096,54.8674,43.66973,,1.462876,48.96262,37.80949,,0.7390664,60.73543,49.58693,,2.283126,11.19767,-0.5930233,22.8979,1,2020-07-01,11:05:57 10 Aug 2020,40000
2020,President,Trump,Biden,,11,0.0,0.0,0.0,1.0,,,0.761525,0.0,1.0,5.882079,90.58502,,3.532898,2.038357,85.85483,,1.746922,10.07664,94.89626,,5.580689,-84.70294,-92.62033,-76.08237,1,2020-07-01,11:05:57 10 Aug 2020,40000
2020,President,Trump,Biden,,16,0.0001625,0.0301784,0.981525,0.018475,,0.239296,0.9742896,0.9979817,0.0236368,62.19527,34.69215,,3.112578,54.31471,27.03309,,1.544427,69.93909,42.4714,,4.907688,27.50312,11.92023,42.74435,1,2020-07-01,11:05:57 10 Aug 2020,40000
2020,President,Trump,Biden,,15,0.0002625,0.0842168,0.0082,0.9918,,0.5670732,0.764267,0.0197578,0.9953711,29.3556,69.02331,,1.621089,20.50602,59.89802,,0.8171455,38.47789,77.90399,,2.533439,-39.66771,-57.38192,-21.45886,1,2020-07-01,11:05:57 10 Aug 2020,40000
2020,President,Trump,Biden,,13,0.0214,0.7069453,0.5616,0.4384,,0.4127938,0.9917883,0.9850223,0.5709596,50.17636,49.03227,,0.7913635,45.18474,44.06701,,0.4048612,55.15149,54.03246,,1.225737,1.144089,-8.840521,11.07186,1,2020-07-01,11:05:57 10 Aug 2020,40000
2020,President,Trump,Biden,,12,0.26565,3.706986,0.295475,0.704525,,0.7571707,0.9829673,0.9506055,0.9093924,47.27729,51.89286,,0.8298537,41.6809,46.28716,,0.4241692,52.86754,57.48501,,1.286124,-4.615574,-15.79503,6.563374,1,2020-07-01,11:05:57 10 Aug 2020,40000
2020,President,Trump,Biden,,10,0.0001,0.0318331,0.004525,0.995475,,0.9668508,0.7648359,0.0185893,0.999803,37.37798,61.46274,,1.159285,32.05155,56.06746,,0.5885899,42.7688,66.79173,,1.804088,-24.08476,-34.74459,-13.321,1,2020-07-01,11:05:57 10 Aug 2020,40000
2020,President,Trump,Biden,,09,0.00215,0.1861178,0.03085,0.96915,,0.8735818,0.7817417,0.1145103,0.9948787,39.54547,59.53623,,0.9183009,32.95826,52.88723,,0.4684583,46.18659,66.1385,,1.424909,-19.99076,-33.168,-6.708761,1,2020-07-01,11:05:57 10 Aug 2020,40000
2020,President,Trump,Biden,,08,0.02645,1.2846,0.131325,0.868675,,0.8890158,0.8604196,0.4960697,0.9814845,43.8154,54.32782,,1.85679,37.78796,48.2733,,0.933078,49.88911,60.36003,,2.906828,-10.51242,-22.54655,1.586927,1,2020-07-01,11:05:57 10 Aug 2020,40000
2020,President,Trump,Biden,,06,0.0027125,0.0270522,0.0047,0.9953,,0.8138298,0.7642419,0.0162524,0.998851,34.66743,63.43108,,1.901488,28.5131,57.159,,0.9550137,40.9217,69.64032,,2.977741,-28.76365,-41.0557,-16.23775,1,2020-07-01,11:05:57 10 Aug 2020,40000
2020,President,Trump,Biden,,05,0.000475,0.0591067,0.89705,0.10295,,0.2609107,0.9873725,0.9944763,0.1334822,56.01871,42.34964,,1.631654,49.07812,35.48977,,0.8223515,62.90073,49.30995,,2.550196,13.66908,-0.1824818,27.34421,1,2020-07-01,11:05:57 10 Aug 2020,40000
2020,President,Trump,Biden,,04,0.0441,2.243236,0.419575,0.580425,,0.5339332,0.9794547,0.9518802,0.7465283,48.40087,50.22846,,1.370665,42.41433,44.25651,,0.6934558,54.36639,56.22456,,2.137508,-1.827592,-13.78005,10.06781,1,2020-07-01,11:05:57 10 Aug 2020,40000
2020,President,Trump,Biden,,02,0.0019625,0.873337,0.797475,0.202525,,0.2858397,0.9629675,0.9685575,0.256098,53.88429,43.58503,,2.530679,45.72541,35.54254,,1.262369,62.01067,51.71622,,3.978265,10.29926,-5.918194,26.44108,1,2020-07-01,11:05:57 10 Aug 2020,40000
2020,President,Trump,Biden,,01,0.0003625,0.0241617,0.971375,0.028625,,0.2414618,0.9720524,0.9966008,0.0365385,59.3597,39.83587,,0.8044349,53.09528,33.57619,,0.4114207,65.61503,46.11002,,1.246238,19.52384,7.002573,32.05424,1,2020-07-01,11:05:57 10 Aug 2020,40000
2020,President,Trump,Biden,,28,0.0021375,0.2495493,0.85875,0.14125,,0.2685881,0.9663717,0.9800298,0.1792456,55.02745,44.17363,,0.7989208,48.43761,37.69038,,0.4086539,61.51819,50.77312,,1.237585,10.85382,-2.333481,23.80373,1,2020-07-01,11:05:57 10 Aug 2020,40000
2020,President,Trump,Biden,,29,0.0013625,0.068382,0.827175,0.172825,,0.2836159,0.9956604,0.9968132,0.2259611,53.74155,44.80468,,1.45377,47.5648,38.6392,,0.7345657,59.92383,51.01414,,2.268741,8.93686,-3.420757,21.2636,1,2020-07-01,11:05:57 10 Aug 2020,40000
2020,President,Trump,Biden,,30,0.00045,0.122168,0.884675,0.115325,,0.2643061,0.9865597,0.9935203,0.1494042,55.40976,42.17178,,2.418458,48.25729,35.12003,,1.207754,62.47851,49.29381,,3.799483,13.23798,-0.9594994,27.28762,1,2020-07-01,11:05:57 10 Aug 2020,40000
2020,President,Trump,Biden,,45,0.00125,0.0800528,0.84635,0.15365,,0.2773971,0.9962577,0.9975568,0.2010111,53.87711,45.22796,,0.8949375,48.39159,39.78022,,0.4567698,59.32911,50.69967,,1.388239,8.649145,-2.274212,19.52618,1,2020-07-01,11:05:57 10 Aug 2020,40000
2020,President,Trump,Biden,,56,0.0,0.0,0.99645,0.00355,,0.2359125,0.9225352,0.9988315,0.0043006,68.04353,28.55394,,3.402525,60.47924,21.28247,,1.684206,75.45659,36.00217,,5.37169,39.4896,24.65725,54.03757,1,2020-07-01,11:05:57 10 Aug 2020,40000
2020,President,Trump,Biden,,55,0.1028625,4.814877,0.250075,0.749925,,0.793362,0.9485615,0.8429998,0.9341125,46.45338,52.51662,,1.030006,40.59855,46.70802,,0.5242411,52.28123,58.35265,,1.60047,-6.063239,-17.76333,5.563696,1,2020-07-01,11:05:57 10 Aug 2020,40000
2020,President,Trump,Biden,,54,1.25e-05,0.0029337,0.99135,0.00865,,0.2372522,0.982659,0.9993626,0.0111618,65.37761,32.7818,,1.840592,57.52213,25.06509,,0.9251248,73.14107,40.62407,,2.881136,32.59581,16.90062,48.04143,1,2020-07-01,11:05:57 10 Aug 2020,40000
2020,President,Trump,Biden,,53,0.0017125,0.0671577,0.014725,0.985275,,0.8760611,0.7710538,0.054812,0.9976035,37.09802,60.68209,,2.219893,30.63448,54.07546,,1.110933,43.67348,67.18053,,3.48348,-23.58407,-36.48133,-10.44543,1,2020-07-01,11:05:57 10 Aug 2020,40000
2020,President,Trump,Biden,,51,0.0197375,0.6627413,0.066325,0.933675,,0.9664531,0.8133719,0.2723603,0.9972424,43.44206,55.53383,,1.024111,38.35786,50.38017,,0.5213022,48.59185,60.63581,,1.591183,-12.09177,-22.25694,-1.810616,1,2020-07-01,11:05:57 10 Aug 2020,40000
2020,President,Trump,Biden,,31,2.5e-05,0.0047105,0.973675,0.026325,,0.241559,0.994302,0.9993626,0.0343718,58.53315,39.61422,,1.852629,52.53407,33.67142,,0.9287406,64.49423,45.63554,,2.901161,18.91894,6.925896,30.79698,1,2020-07-01,11:05:57 10 Aug 2020,40000
2020,President,Trump,Biden,,49,0.0008875,0.1022169,0.9197,0.0803,,0.2545123,0.9834993,0.9945825,0.1037064,55.84291,40.85911,,3.297984,48.89169,34.11861,,1.633859,62.68378,47.77071,,5.204406,14.9838,1.302137,28.47725,1,2020-07-01,11:05:57 10 Aug 2020,40000
2020,President,Trump,Biden,,48,0.0097875,0.1463679,0.702275,0.297725,,0.3345912,0.9987404,0.9984066,0.3904665,51.8245,47.17736,,0.998138,46.04771,41.43974,,0.5083472,57.57343,52.96967,,1.550285,4.64713,-6.901022,16.10772,1,2020-07-01,11:05:57 10 Aug 2020,40000
2020,President,Trump,Biden,,47,0.0007625,0.0424654,0.92565,0.07435,,0.2531464,0.9862139,0.9956448,0.0962871,57.09824,41.79405,,1.107704,50.33794,35.06632,,0.5629386,63.83643,48.54868,,1.722817,15.30419,1.815405,28.75902,1,2020-07-01,11:05:57 10 Aug 2020,40000
2020,President,Trump,Biden,,46,0.000275,0.0990699,0.937275,0.062725,,0.2491531,0.9701076,0.9922456,0.0799055,59.1314,39.37832,,1.490279,51.03604,31.41421,,0.7526054,67.09402,47.4587,,2.326424,19.75308,3.575958,35.68696,1,2020-07-01,11:05:57 10 Aug 2020,40000
2020,President,Trump,Biden,,50,0.000175,0.0761736,0.008675,0.991325,,0.7492796,0.765995,0.0276184,0.9971439,30.83565,66.45306,,2.711287,22.45419,57.87462,,1.350104,39.41397,74.91512,,4.266281,-35.61742,-52.39652,-18.52094,1,2020-07-01,11:05:57 10 Aug 2020,40000
2020,President,Trump,Biden,,44,0.001175,0.3517879,0.03425,0.96575,,0.7824817,0.7808957,0.113873,0.9903155,37.10316,61.45609,,1.440759,28.96211,53.20265,,0.7281335,45.36887,69.60642,,2.248203,-24.35293,-40.63577,-7.853706,1,2020-07-01,11:05:57 10 Aug 2020,40000
2020,President,Trump,Biden,,35,0.0102625,1.779481,0.090075,0.909925,,0.9003608,0.8272935,0.3445932,0.9885099,42.58185,55.59329,,1.824853,36.4159,49.3628,,0.9173952,48.83463,61.81503,,2.856176,-13.01144,-25.34999,-0.5990715,1,2020-07-01,11:05:57 10 Aug 2020,40000
2020,President,Trump,Biden,,42,0.1794,4.064869,0.2153,0.7847,,0.8647236,0.9340194,0.7910559,0.9624438,46.39458,52.84005,,0.7653731,41.12679,47.5347,,0.3918107,51.68417,58.13407,,1.18501,-6.445471,-17.01544,4.146444,1,2020-07-01,11:05:57 10 Aug 2020,40000
2020,President,Trump,Biden,,32,0.0356,4.143345,0.21115,0.78885,,0.8022733,0.9137669,0.7197791,0.9465546,45.41839,52.8456,,1.736014,39.4286,46.80628,,0.8737282,51.47323,58.85339,,2.715404,-7.427212,-19.3884,4.63232,1,2020-07-01,11:05:57 10 Aug 2020,40000
2020,President,Trump,Biden,,33,0.018975,3.520125,0.264325,0.735675,,0.7165421,0.9346519,0.8047588,0.9029251,45.98344,52.94608,,1.07048,38.72158,45.54533,,0.5444084,53.39606,60.2459,,1.664152,-6.962641,-21.52657,7.880039,1,2020-07-01,11:05:57 10 Aug 2020,40000
2020,President,Trump,Biden,,34,0.0078625,0.2865076,0.044325,0.955675,,0.7151721,0.7837131,0.134693,0.9835199,39.77149,59.38124,,0.8472711,32.61315,52.24368,,0.4328994,46.93921,66.53678,,1.313452,-19.60974,-33.90825,-5.323143,1,2020-07-01,11:05:57 10 Aug 2020,40000
2020,President,Trump,Biden,,36,0.0026,0.0479366,0.008725,0.991275,,0.7879656,0.7663615,0.0292118,0.9975707,36.44594,62.45143,,1.102629,30.19998,56.15967,,0.5604134,42.724,68.68608,,1.714825,-26.0055,-38.46275,-13.4592,1,2020-07-01,11:05:57 10 Aug 2020,40000
2020,President,Trump,Biden,,37,0.053975,1.532507,0.413875,0.586125,,0.5424343,0.9811473,0.9538984,0.7551624,48.72379,50.48393,,0.7922814,43.24796,44.97122,,0.4053219,54.23106,55.96712,,1.227175,-1.760148,-12.71807,9.27951,1,2020-07-01,11:05:57 10 Aug 2020,40000
2020,President,Trump,Biden,,38,3.75e-05,0.0163259,0.9789,0.0211,,0.2402697,0.992891,0.9993626,0.0275106,60.37702,36.92834,,2.694633,53.28964,30.02377,,1.342022,67.36766,43.97865,,4.239698,23.44868,9.394522,37.24379,1,2020-07-01,11:05:57 10 Aug 2020,40000
2020,President,Trump,Biden,,39,0.03195,0.7988032,0.4933,0.5067,,0.4727346,0.9956582,0.9908647,0.6624864,49.42318,49.55663,,1.020186,43.78281,43.88729,,0.5193451,55.06818,55.218,,1.585,-0.133454,-11.41993,11.15992,1,2020-07-01,11:05:57 10 Aug 2020,40000
2020,President,Trump,Biden,,40,0.0001375,0.013848,0.988625,0.011375,,0.2377798,0.9758242,0.9988315,0.014576,62.68782,36.10912,,1.203056,55.97479,29.51394,,0.6103404,69.31459,42.8346,,1.873093,26.57871,13.16765,39.77688,1,2020-07-01,11:05:57 10 Aug 2020,40000
2020,President,Trump,Biden,,41,0.008425,0.5726581,0.095625,0.904375,,0.7108497,0.8116102,0.2888252,0.9638554,41.19497,56.40741,,2.397624,33.72053,48.91262,,1.197606,48.69329,63.918,,3.766305,-15.21244,-30.16963,-0.329052,1,2020-07-01,11:05:57 10 Aug 2020,40000
2020,President,Trump,Biden,,26,0.0627375,1.769263,0.140875,0.859125,,0.9446318,0.8774043,0.5651343,0.9900509,44.77777,54.03929,,1.182946,39.28683,48.47169,,0.6026692,50.33876,59.53631,,1.842482,-9.26152,-20.22911,1.852232,1,2020-06-30,11:08:25 10 Aug 2020,40000
2020,President,Trump,Biden,,25,0.000775,0.0329088,0.00715,0.99285,,0.7937063,0.7653976,0.0241002,0.9980956,33.74074,64.76087,,1.49839,26.50556,57.29345,,0.7595853,41.20016,72.03623,,2.340454,-31.02014,-45.53146,-16.09726,1,2020-06-30,11:08:25 10 Aug 2020,40000
2020,President,Trump,Biden,,24,0.0004875,0.0244923,0.00285,0.99715,,0.7543859,0.7628491,0.0091305,0.9990806,35.19896,63.43795,,1.363089,29.50355,57.64996,,0.69241,40.95161,69.13913,,2.126659,-28.23899,-39.63945,-16.74032,1,2020-06-30,11:08:25 10 Aug 2020,40000
2020,President,Trump,Biden,,23,0.0045125,0.8526296,0.18155,0.81845,,0.72542,0.8699676,0.5592951,0.935183,44.11183,54.49761,,1.390561,36.70374,47.07077,,0.7057663,51.55621,61.94039,,2.170612,-10.38578,-25.22344,4.471848,1,2020-06-30,11:08:25 10 Aug 2020,40000
2020,President,Trump,Biden,,22,0.001725,0.1192136,0.9026,0.0974,,0.2578662,0.9709959,0.9884276,0.1242161,57.0267,42.15533,,0.8179728,49.67016,34.81776,,0.4197714,64.36638,49.49361,,1.268425,14.87138,0.2063046,29.55331,1,2020-06-30,11:08:25 10 Aug 2020,40000
2020,President,Trump,Biden,,21,0.0001375,0.010052,0.973225,0.026775,,0.2417992,0.9943978,0.999363,0.0349696,59.71854,39.0737,,1.207757,53.17163,32.62961,,0.6150557,66.16367,45.59798,,1.881616,20.64484,7.613461,33.52485,1,2020-06-30,11:08:25 10 Aug 2020,40000
2020,President,Trump,Biden,,20,0.0001125,0.0127748,0.913025,0.086975,,0.2578243,0.9985628,0.9996815,0.1140699,55.51729,42.67103,,1.811679,49.44701,36.6392,,0.9144866,61.57337,48.72166,,2.837252,12.84626,0.7826443,24.8875,1,2020-06-30,11:08:25 10 Aug 2020,40000
2020,President,Trump,Biden,,19,0.003875,0.3548151,0.628575,0.371425,,0.3726683,0.9965,0.9947978,0.4861271,50.90766,47.72834,,1.363994,44.62817,41.42365,,0.6928601,57.20185,54.0237,,2.128088,3.179319,-9.33308,15.79389,1,2020-06-30,11:08:25 10 Aug 2020,40000
2020,President,Trump,Biden,,18,0.0003625,0.0184262,0.8906,0.1094,,0.2642601,0.9988574,0.9994692,0.1435232,54.88219,43.65325,,1.464563,49.00293,37.8079,,0.7428065,60.74227,49.53489,,2.286913,11.22893,-0.5140285,22.87743,1,2020-06-30,11:08:25 10 Aug 2020,40000
2020,President,Trump,Biden,,17,0.00495,0.1254956,0.0182,0.9818,,0.7884616,0.7716694,0.0609407,0.9950747,38.36903,60.09399,,1.53698,32.11378,53.76601,,0.7787144,44.66668,66.34499,,2.401551,-21.72497,-34.21629,-9.125837,1,2020-06-30,11:08:25 10 Aug 2020,40000
2020,President,Trump,Biden,,16,3.75e-05,0.0068385,0.9817,0.0183,,0.239508,0.9808743,0.9985136,0.0235758,62.16743,34.71446,,3.118116,54.31596,27.04745,,1.553129,69.94108,42.49652,,4.920568,27.45297,12.00825,42.76756,1,2020-06-30,11:08:25 10 Aug 2020,40000
2020,President,Trump,Biden,,28,0.00225,0.2655392,0.86045,0.13955,,0.269423,0.9734862,0.9844994,0.1784272,55.07488,44.1253,,0.7998143,48.55159,37.58519,,0.4106274,61.60614,50.64803,,1.239938,10.94958,-2.076216,24.00145,1,2020-06-30,11:08:25 10 Aug 2020,40000
2020,President,Trump,Biden,,15,0.0004375,0.1367303,0.007725,0.992275,,0.5760518,0.7640271,0.018898,0.9957314,29.35737,69.01887,,1.623762,20.48854,59.8175,,0.821685,38.51236,77.923,,2.5391,-39.6615,-57.38221,-21.35303,1,2020-06-30,11:08:25 10 Aug 2020,40000
2020,President,Trump,Biden,,13,0.021125,0.696731,0.56115,0.43885,,0.4134367,0.9918537,0.9852426,0.5716959,50.17841,49.02921,,0.7923798,45.21613,44.06178,,0.4068822,55.13626,53.99411,,1.22826,1.149206,-8.796846,11.05981,1,2020-06-30,11:08:25 10 Aug 2020,40000
2020,President,Trump,Biden,,12,0.262875,3.674121,0.294675,0.705325,,0.7624502,0.9839436,0.9541352,0.9115088,47.28431,51.8847,,0.8309903,41.71455,46.24773,,0.4263237,52.90874,57.46889,,1.288812,-4.60038,-15.75807,6.646349,1,2020-06-30,11:08:25 10 Aug 2020,40000
2020,President,Trump,Biden,,11,0.0,0.0,2.5e-05,0.999975,,0.0,0.761369,0.0,0.9999672,5.841016,90.61866,,3.540322,2.003531,85.83165,,1.757411,10.03443,94.95103,,5.597862,-84.77765,-92.71989,-76.14183,1,2020-06-30,11:08:25 10 Aug 2020,40000
2020,President,Trump,Biden,,10,0.0001,0.0294034,0.003675,0.996325,,0.9251701,0.7639074,0.0144389,0.9996388,37.37555,61.46405,,1.160401,32.08577,56.10428,,0.5914084,42.74673,66.78436,,1.806931,-24.0885,-34.69548,-13.36787,1,2020-06-30,11:08:25 10 Aug 2020,40000
2020,President,Trump,Biden,,09,0.001875,0.1636508,0.0305,0.9695,,0.8836066,0.7816916,0.1144495,0.9953702,39.49015,59.59078,,0.9190674,32.95583,52.95376,,0.470609,46.13235,66.13783,,1.427212,-20.10063,-33.17611,-6.851761,1,2020-06-30,11:08:25 10 Aug 2020,40000
2020,President,Trump,Biden,,08,0.02765,1.348108,0.130875,0.869125,,0.8905444,0.8600317,0.494957,0.9817436,43.81578,54.32513,,1.85909,37.81397,48.23499,,0.9378556,49.86092,60.31176,,2.912609,-10.50934,-22.41805,1.597176,1,2020-06-30,11:08:25 10 Aug 2020,40000
2020,President,Trump,Biden,,06,0.002575,0.0251382,0.004075,0.995925,,0.7361963,0.7634109,0.0127402,0.9985881,34.63721,63.45864,,1.904149,28.46212,57.1916,,0.9600484,40.90831,69.65179,,2.984255,-28.82143,-41.14188,-16.35512,1,2020-06-30,11:08:25 10 Aug 2020,40000
2020,President,Trump,Biden,,05,0.0004125,0.0517243,0.898225,0.101775,,0.2611261,0.99042,0.9960718,0.132392,56.05587,42.31037,,1.633761,49.12221,35.43372,,0.8266317,62.96199,49.26666,,2.554959,13.74549,-0.1194496,27.49135,1,2020-06-30,11:08:25 10 Aug 2020,40000
2020,President,Trump,Biden,,04,0.0451375,2.291973,0.421925,0.578075,,0.5317888,0.9797171,0.9528612,0.7438516,48.39316,50.23338,,1.373459,42.44802,44.2627,,0.6975646,54.35625,56.1797,,2.143028,-1.840225,-13.727,10.05308,1,2020-06-30,11:08:25 10 Aug 2020,40000
2020,President,Trump,Biden,,02,0.001925,0.8675828,0.79735,0.20265,,0.2875149,0.9686652,0.9735641,0.257823,53.88403,43.58109,,2.534885,45.78751,35.54531,,1.269311,61.98746,51.6397,,3.988649,10.30294,-5.70805,26.34106,1,2020-06-30,11:08:25 10 Aug 2020,40000
2020,President,Trump,Biden,,01,0.0001625,0.0100728,0.970825,0.029175,,0.2420622,0.9837189,0.9979828,0.037695,59.38707,39.80759,,0.8053422,53.12202,33.58614,,0.4134116,65.59867,46.08484,,1.248623,19.57947,7.058165,32.02008,1,2020-06-30,11:08:25 10 Aug 2020,40000
2020,President,Trump,Biden,,27,0.0537875,2.498159,0.1675,0.8325,,0.8564179,0.8862162,0.6091942,0.9690034,45.09609,53.54304,,1.360869,39.49812,47.84036,,0.6913064,50.78586,59.1972,,2.123156,-8.446944,-19.65807,2.927412,1,2020-06-30,11:08:25 10 Aug 2020,40000
2020,President,Trump,Biden,,41,0.0095875,0.6476676,0.0957,0.9043,,0.7202194,0.8127005,0.2927062,0.9652602,41.16733,56.43112,,2.401551,33.78083,48.89247,,1.204172,48.66525,63.8546,,3.775757,-15.26379,-30.01822,-0.3426132,1,2020-06-30,11:08:25 10 Aug 2020,40000
2020,President,Trump,Biden,,29,0.00125,0.062225,0.820125,0.179875,,0.2861759,0.9952745,0.9967088,0.2351338,53.63258,44.91741,,1.450006,47.46549,38.76398,,0.7355829,59.81974,51.09915,,2.263933,8.715176,-3.585491,21.0109,1,2020-06-30,11:08:25 10 Aug 2020,40000
2020,President,Trump,Biden,,44,0.001025,0.3037697,0.034,0.966,,0.7794118,0.7804607,0.1125385,0.9902151,37.09415,61.46278,,1.443071,29.04801,53.24392,,0.7321406,45.28776,69.55663,,2.252986,-24.36864,-40.48618,-8.013462,1,2020-06-30,11:08:25 10 Aug 2020,40000
2020,President,Trump,Biden,,56,6.25e-05,0.0351425,0.996475,0.003525,,0.2362076,0.9716312,0.9995753,0.0044984,68.06105,28.53016,,3.408791,60.51746,21.26642,,1.693869,75.48628,35.95325,,5.386517,39.5309,24.72016,54.16458,1,2020-06-30,11:08:25 10 Aug 2020,40000
2020,President,Trump,Biden,,55,0.10835,5.056918,0.25195,0.74805,,0.7893431,0.9489673,0.8445695,0.9323592,46.46514,52.50323,,1.031628,40.67548,46.64262,,0.5270249,52.32492,58.31941,,1.604112,-6.038101,-17.64149,5.676392,1,2020-06-30,11:08:25 10 Aug 2020,40000
2020,President,Trump,Biden,,54,2.5e-05,0.0041184,0.990475,0.009525,,0.237588,0.984252,0.999363,0.0123132,65.42765,32.72916,,1.843185,57.56995,25.09334,,0.9300182,73.08444,40.56868,,2.887326,32.69849,17.0449,47.93167,1,2020-06-30,11:08:25 10 Aug 2020,40000
2020,President,Trump,Biden,,53,0.0014,0.0566427,0.013575,0.986425,,0.8526704,0.7698254,0.049156,0.9973732,37.06107,60.71651,,2.222417,30.65115,54.1899,,1.116487,43.56968,67.16528,,3.490127,-23.65545,-36.46259,-10.70741,1,2020-06-30,11:08:25 10 Aug 2020,40000
2020,President,Trump,Biden,,51,0.0192,0.6498489,0.066125,0.933875,,0.9595463,0.8124481,0.2694553,0.9965194,43.45557,55.51945,,1.024978,38.40472,50.39841,,0.5236961,48.55008,60.59388,,1.593647,-12.06389,-22.17043,-1.849976,1,2020-06-30,11:08:25 10 Aug 2020,40000
2020,President,Trump,Biden,,50,0.0001125,0.0487266,0.0081,0.9919,,0.6820987,0.7649965,0.0234632,0.996618,30.90038,66.38358,,2.716042,22.63499,57.884,,1.357685,39.36688,74.71198,,4.277823,-35.48319,-52.01257,-18.60563,1,2020-06-30,11:08:25 10 Aug 2020,40000
2020,President,Trump,Biden,,49,0.0007625,0.0889925,0.916975,0.083025,,0.255405,0.9846432,0.9945854,0.1073715,55.82046,40.87639,,3.303152,48.84733,34.00158,,1.642766,62.74636,47.77618,,5.217162,14.94407,1.24041,28.62226,1,2020-06-30,11:08:25 10 Aug 2020,40000
2020,President,Trump,Biden,,48,0.008175,0.1224608,0.701625,0.298375,,0.3346873,0.9977378,0.9972396,0.3910031,51.84032,47.15987,,0.9998025,46.10293,41.39532,,0.51109,57.61184,52.88784,,1.55407,4.680455,-6.773584,16.21986,1,2020-06-30,11:08:25 10 Aug 2020,40000
2020,President,Trump,Biden,,47,0.000725,0.0405405,0.92515,0.07485,,0.2539048,0.991984,0.9975581,0.0975209,57.11399,41.77698,,1.109026,50.36801,35.12925,,0.565731,63.79041,48.47698,,1.72595,15.33702,1.905998,28.65416,1,2020-06-30,11:08:25 10 Aug 2020,40000
2020,President,Trump,Biden,,46,0.000325,0.1172415,0.93805,0.06195,,0.2497202,0.9794189,0.9947978,0.0796914,59.17482,39.33251,,1.492673,51.13832,31.35312,,0.7567502,67.15349,47.36192,,2.331402,19.8423,3.793695,35.79835,1,2020-06-30,11:08:25 10 Aug 2020,40000
2020,President,Trump,Biden,,45,0.00095,0.061116,0.849875,0.150125,,0.2767172,0.9980017,0.998726,0.1967821,53.90874,45.19534,,0.8959233,48.45945,39.7762,,0.4589887,59.3401,50.65104,,1.390782,8.713395,-2.163944,19.54415,1,2020-06-30,11:08:25 10 Aug 2020,40000
2020,President,Trump,Biden,,30,0.000575,0.1552127,0.888125,0.111875,,0.2637298,0.9886034,0.9946916,0.1452635,55.43896,42.13839,,2.422648,48.35099,35.12379,,1.214485,62.43552,49.23579,,3.809429,13.30057,-0.7977905,27.22843,1,2020-06-30,11:08:25 10 Aug 2020,40000
2020,President,Trump,Biden,,42,0.176,3.988881,0.218925,0.781075,,0.8588558,0.9364977,0.7984924,0.9607289,46.41697,52.81656,,0.7664732,41.13219,47.49083,,0.3938248,51.73751,58.09334,,1.187624,-6.399585,-16.95148,4.233644,1,2020-06-30,11:08:25 10 Aug 2020,40000
2020,President,Trump,Biden,,39,0.030375,0.7608342,0.498025,0.501975,,0.4691029,0.9961652,0.9921435,0.6567723,49.44621,49.53244,,1.021349,43.75245,43.85642,,0.5218798,55.12029,55.20757,,1.587941,-0.0862372,-11.45337,11.23874,1,2020-06-30,11:08:25 10 Aug 2020,40000
2020,President,Trump,Biden,,38,7.5e-05,0.0294522,0.978975,0.021025,,0.240379,0.9928656,0.999363,0.0274175,60.394,36.90709,,2.698909,53.34907,30.01955,,1.349331,67.3214,43.90279,,4.250464,23.48691,9.530512,37.20492,1,2020-06-30,11:08:25 10 Aug 2020,40000
2020,President,Trump,Biden,,37,0.0556625,1.583886,0.4176,0.5824,,0.5381944,0.980898,0.9544538,0.7503201,48.73805,50.46841,,0.7935376,43.31461,44.98862,,0.4074655,54.24054,55.88103,,1.230078,-1.730367,-12.57793,9.229971,1,2020-06-30,11:08:25 10 Aug 2020,40000
2020,President,Trump,Biden,,36,0.0028375,0.0522302,0.008175,0.991825,,0.7737003,0.7658105,0.0268606,0.997603,36.40821,62.48754,,1.104255,30.30039,56.21603,,0.5633469,42.674,68.60341,,1.718436,-26.07933,-38.28065,-13.55034,1,2020-06-30,11:08:25 10 Aug 2020,40000
2020,President,Trump,Biden,,35,0.0102625,1.794006,0.090825,0.909175,,0.8995321,0.8277009,0.3469583,0.9883763,42.59953,55.5733,,1.827173,36.41189,49.31376,,0.9221256,48.82647,61.74676,,2.861875,-12.97377,-25.30356,-0.5301037,1,2020-06-30,11:08:25 10 Aug 2020,40000
2020,President,Trump,Biden,,34,0.0076875,0.2812632,0.04535,0.95465,,0.7227122,0.7845284,0.1391868,0.9836808,39.72383,59.42814,,0.8480278,32.68973,52.22658,,0.4348956,46.92963,66.49863,,1.315531,-19.70431,-33.81153,-5.297461,1,2020-06-30,11:08:25 10 Aug 2020,40000
2020,President,Trump,Biden,,33,0.0198625,3.688469,0.27025,0.72975,,0.7139686,0.9386091,0.8194076,0.8996224,46.00612,52.92217,,1.071709,38.67943,45.63346,,0.5470757,53.2891,60.24194,,1.667196,-6.916057,-21.54819,7.642914,1,2020-06-30,11:08:25 10 Aug 2020,40000
2020,President,Trump,Biden,,32,0.0343875,4.012393,0.20825,0.79175,,0.8076831,0.9119672,0.7143009,0.94835,45.40671,52.85543,,1.737865,39.52438,46.85387,,0.8780689,51.38601,58.76618,,2.720154,-7.448719,-19.1892,4.474161,1,2020-06-30,11:08:25 10 Aug 2020,40000
2020,President,Trump,Biden,,31,0.0,0.0,0.974475,0.025525,,0.2416173,0.9980412,0.9998938,0.0334592,58.57925,39.56536,,1.855397,52.54216,33.65178,,0.935139,64.52158,45.59574,,2.90861,19.01389,7.000515,30.78631,1,2020-06-30,11:08:25 10 Aug 2020,40000
2020,President,Trump,Biden,,40,7.5e-05,0.0075331,0.989175,0.010825,,0.2377992,0.9769053,0.9989383,0.0138893,62.74102,36.05448,,1.204504,56.01132,29.46033,,0.6134324,69.35975,42.78131,,1.876483,26.68654,13.27418,39.89225,1,2020-06-30,11:08:25 10 Aug 2020,40000
2020,President,Trump,Biden,,21,0.00015,0.0112522,0.973325,0.026675,,0.2150361,0.9915651,0.9989262,0.0335724,59.49575,39.30009,,1.204156,53.14103,33.0067,,0.6152732,65.78299,45.64671,,1.868552,20.19565,7.53264,32.73809,1,2020-06-29,11:09:55 10 Aug 2020,40000
2020,President,Trump,Biden,,17,0.00495,0.1263448,0.016375,0.983625,,0.7923664,0.7975092,0.0619258,0.9956844,38.1759,60.29554,,1.528561,32.07247,54.18923,,0.7767352,44.28159,66.39565,,2.379126,-22.11965,-34.30823,-9.943756,1,2020-06-29,11:09:55 10 Aug 2020,40000
2020,President,Trump,Biden,,18,0.00045,0.0235504,0.886975,0.113025,,0.235886,0.9973457,0.9985682,0.1430793,54.6444,43.89569,,1.459906,48.95307,38.20218,,0.7426539,60.3557,49.59666,,2.270877,10.74871,-0.6096573,22.12011,1,2020-06-29,11:09:55 10 Aug 2020,40000
2020,President,Trump,Biden,,19,0.0040125,0.3626884,0.611925,0.388075,,0.3411774,0.9978741,0.9964205,0.4915276,50.64698,47.9935,,1.359527,44.58207,41.9117,,0.6927404,56.71101,54.0568,,2.112984,2.653477,-9.458004,14.79134,1,2020-06-29,11:09:55 10 Aug 2020,40000
2020,President,Trump,Biden,,20,7.5e-05,0.0088359,0.9121,0.0879,,0.2296623,0.9994312,0.9997613,0.111506,55.29806,42.89632,,1.805624,49.43509,37.07372,,0.9139588,61.09354,48.74859,,2.816118,12.40175,0.7373295,23.9633,1,2020-06-29,11:09:55 10 Aug 2020,40000
2020,President,Trump,Biden,,26,0.0622625,1.760422,0.11935,0.88065,,0.944491,0.8872424,0.5380026,0.9917497,44.54116,54.27929,,1.17955,39.22184,48.96662,,0.6029784,49.85539,59.58501,,1.829851,-9.738132,-20.32438,0.8568897,1,2020-06-29,11:09:55 10 Aug 2020,40000
2020,President,Trump,Biden,,22,0.0015875,0.1107822,0.89865,0.10135,,0.2304012,0.975333,0.9881876,0.125468,56.81178,42.37445,,0.8137689,49.54102,35.16795,,0.4191118,64.03853,49.6592,,1.256256,14.43732,-0.1426888,28.87123,1,2020-06-29,11:09:55 10 Aug 2020,40000
2020,President,Trump,Biden,,23,0.003475,0.6506046,0.1644,0.8356,,0.7004258,0.884185,0.5495764,0.9377737,43.86582,54.7483,,1.385884,36.71288,47.57048,,0.7063909,51.07413,61.9317,,2.153653,-10.88248,-25.19315,3.484175,1,2020-06-29,11:09:55 10 Aug 2020,40000
2020,President,Trump,Biden,,24,0.00045,0.0232142,0.002575,0.997425,,0.7475728,0.7892323,0.0091874,0.999175,35.01606,63.62542,,1.358516,29.51184,58.02846,,0.6922368,40.61158,69.14711,,2.111394,-28.60936,-39.6204,-17.41868,1,2020-06-29,11:09:55 10 Aug 2020,40000
2020,President,Trump,Biden,,25,0.0003625,0.0162142,0.007075,0.992925,,0.689046,0.7912481,0.0232669,0.9972076,33.52882,64.97697,,1.494207,26.43667,57.70544,,0.759688,40.78253,72.04735,,2.324923,-31.44815,-45.60472,-16.93886,1,2020-06-29,11:09:55 10 Aug 2020,40000
2020,President,Trump,Biden,,15,0.0005,0.1612905,0.0076,0.9924,,0.5361842,0.7903567,0.0194488,0.9955575,29.17356,69.2117,,1.614743,20.47168,60.21325,,0.8194519,38.12724,77.9212,,2.514996,-40.03814,-57.41944,-22.10848,1,2020-06-29,11:09:55 10 Aug 2020,40000
2020,President,Trump,Biden,,16,0.0001125,0.022188,0.9826,0.0174,,0.2129554,0.9841954,0.9986875,0.0217364,61.99912,34.90112,,3.099759,54.3238,27.39185,,1.547653,69.6201,42.56448,,4.874025,27.098,11.88301,42.10425,1,2020-06-29,11:09:55 10 Aug 2020,40000
2020,President,Trump,Biden,,09,0.002025,0.1755505,0.024975,0.975025,,0.8378378,0.8039024,0.0998688,0.9948912,39.27353,59.81034,,0.9161341,32.97759,53.41199,,0.4707506,45.68544,66.10745,,1.416516,-20.53681,-33.12031,-7.731783,1,2020-06-29,11:09:55 10 Aug 2020,40000
2020,President,Trump,Biden,,13,0.020625,0.6798818,0.5396,0.4604,,0.3823202,0.9926151,0.9846081,0.5800596,49.97858,49.23112,,0.7902935,45.17641,44.43866,,0.4072514,54.77348,54.0519,,1.219552,0.7474608,-8.87146,10.3164,1,2020-06-29,11:09:55 10 Aug 2020,40000
2020,President,Trump,Biden,,12,0.26745,3.737802,0.26935,0.73065,,0.7384444,0.9851844,0.94929,0.9136574,47.04585,52.12564,,0.8285133,41.67812,46.72823,,0.4265569,52.43294,57.49945,,1.279323,-5.079794,-15.81061,5.711157,1,2020-06-29,11:09:55 10 Aug 2020,40000
2020,President,Trump,Biden,,11,0.0,0.0,2.5e-05,0.999975,,0.0,0.7878447,0.0,0.9999683,5.847092,90.63089,,3.522017,2.032206,85.91869,,1.75216,10.05027,94.92964,,5.549373,-84.7838,-92.61664,-76.1785,1,2020-06-29,11:09:55 10 Aug 2020,40000
2020,President,Trump,Biden,,10,0.0001,0.031941,0.003475,0.996525,,0.9496403,0.7904217,0.0157499,0.9997779,37.16545,61.67805,,1.156502,32.04474,56.4427,,0.5914425,42.3739,66.82484,,1.793643,-24.51259,-34.73061,-14.10607,1,2020-06-29,11:09:55 10 Aug 2020,40000
2020,President,Trump,Biden,,08,0.02325,1.136982,0.10775,0.89225,,0.8849188,0.8695153,0.455077,0.9847369,43.44129,54.6599,,1.898813,37.66738,48.83076,,0.9599614,49.26665,60.47951,,2.963737,-11.21861,-22.78534,0.3753357,1,2020-06-29,11:09:55 10 Aug 2020,40000
2020,President,Trump,Biden,,06,0.0022125,0.0221649,0.004025,0.995975,,0.7080745,0.7898542,0.0136022,0.9985086,34.42112,63.68062,,1.898262,28.35688,57.54718,,0.9596894,40.50609,69.78963,,2.962864,-29.25951,-41.36964,-17.07486,1,2020-06-29,11:09:55 10 Aug 2020,40000
2020,President,Trump,Biden,,05,0.00065,0.0788051,0.89715,0.10285,,0.2329042,0.9944093,0.9972557,0.1298153,55.83443,42.53711,,1.628456,49.07316,35.83544,,0.8262451,62.54879,49.28898,,2.5366,13.29732,-0.1939831,26.70587,1,2020-06-29,11:09:55 10 Aug 2020,40000
2020,President,Trump,Biden,,04,0.0425875,2.172842,0.39865,0.60135,,0.4987458,0.9816663,0.9489321,0.7492861,48.17249,50.45795,,1.369568,42.38047,44.69228,,0.6977377,53.93319,56.2584,,2.128757,-2.285464,-13.86043,9.169922,1,2020-06-29,11:09:55 10 Aug 2020,40000
2020,President,Trump,Biden,,02,0.001825,0.8030745,0.7981,0.2019,,0.2564215,0.9756067,0.9767331,0.2500159,53.72701,43.75323,,2.519761,45.73198,35.93868,,1.265001,61.6076,51.74117,,3.949506,9.973783,-5.896294,25.63264,1,2020-06-29,11:09:55 10 Aug 2020,40000
2020,President,Trump,Biden,,01,0.000275,0.0185792,0.97065,0.02935,,0.2154227,0.9855196,0.9979716,0.0367138,59.21233,39.98438,,0.8032925,53.08754,33.92822,,0.4138199,65.29765,46.14476,,1.239874,19.22796,6.939287,31.35845,1,2020-06-29,11:09:55 10 Aug 2020,40000
2020,President,Trump,Biden,,28,0.0015875,0.1879579,0.8571,0.1429,,0.2408704,0.9783065,0.985324,0.1774449,54.87633,44.3259,,0.7977681,48.436,37.99442,,0.4110287,61.20581,50.76046,,1.231237,10.55043,-2.316317,23.20035,1,2020-06-29,11:09:55 10 Aug 2020,40000
2020,President,Trump,Biden,,27,0.0557,2.589962,0.146475,0.853525,,0.8542413,0.8984506,0.5971841,0.9733452,44.87417,53.76963,,1.356203,39.47372,48.32524,,0.6910858,50.32178,59.15665,,2.107762,-8.895455,-19.62534,1.973528,1,2020-06-29,11:09:55 10 Aug 2020,40000
2020,President,Trump,Biden,,29,0.00155,0.0783456,0.816325,0.183675,,0.256148,0.9976861,0.9979716,0.232595,53.40381,45.15086,,1.445326,47.44192,39.21416,,0.7354099,59.34442,51.12394,,2.247946,8.252945,-3.642698,20.10423,1,2020-06-29,11:09:55 10 Aug 2020,40000
2020,President,Trump,Biden,,56,2.5e-05,0.01359,0.997125,0.002875,,0.2100288,0.9652174,0.9995227,0.0035222,67.91816,28.69289,,3.388946,60.51854,21.54146,,1.687826,75.19522,35.99147,,5.3365,39.22527,24.64845,53.51181,1,2020-06-29,11:09:55 10 Aug 2020,40000
2020,President,Trump,Biden,,42,0.178925,4.055912,0.191,0.809,,0.8543194,0.9401112,0.7787853,0.9653487,46.19613,53.0397,,0.7641738,41.15326,47.95292,,0.3940468,51.28875,58.10082,,1.17873,-6.843573,-16.95793,3.312288,1,2020-06-29,11:09:55 10 Aug 2020,40000
2020,President,Trump,Biden,,30,0.000375,0.1074405,0.8877,0.1123,,0.2349048,0.9910953,0.9952273,0.1412705,55.26013,42.32392,,2.415951,48.38809,35.55352,,1.214195,62.10661,49.17742,,3.784339,12.93621,-0.7153187,26.51037,1,2020-06-29,11:09:55 10 Aug 2020,40000
2020,President,Trump,Biden,,55,0.10995,5.136292,0.22335,0.77665,,0.7801657,0.9530677,0.831643,0.9395189,46.21468,52.75682,,1.028498,40.64682,47.11716,,0.5272617,51.84887,58.34425,,1.592664,-6.542143,-17.67785,4.723749,1,2020-06-29,11:09:55 10 Aug 2020,40000
2020,President,Trump,Biden,,54,0.0,0.0,0.991425,0.008575,,0.2111859,0.9825073,0.9992841,0.0106937,65.22372,32.93868,,1.837606,57.54881,25.50961,,0.9297543,72.69975,40.54909,,2.866778,32.28504,17.02216,47.12663,1,2020-06-29,11:09:55 10 Aug 2020,40000
2020,President,Trump,Biden,,53,0.0015625,0.0606429,0.0115,0.9885,,0.7956522,0.7946383,0.0436702,0.9970172,36.84821,60.93753,,2.214256,30.61628,54.64361,,1.11525,43.13269,67.21658,,3.463909,-24.08933,-36.51277,-11.60631,1,2020-06-29,11:09:55 10 Aug 2020,40000
2020,President,Trump,Biden,,51,0.0191625,0.6420921,0.054725,0.945275,,0.957058,0.8310016,0.2499702,0.9970489,43.25678,55.72163,,1.021588,38.34348,50.7958,,0.5237917,48.19114,60.63636,,1.581815,-12.46485,-22.26721,-2.601528,1,2020-06-29,11:09:55 10 Aug 2020,40000
2020,President,Trump,Biden,,50,0.0002125,0.0929673,0.0066,0.9934,,0.7424242,0.7913731,0.0233862,0.9978423,30.61905,66.68066,,2.700292,22.61739,58.42797,,1.353194,38.80089,74.71358,,4.237137,-36.0616,-52.0564,-19.69054,1,2020-06-29,11:09:55 10 Aug 2020,40000
2020,President,Trump,Biden,,49,0.0007375,0.0866063,0.919325,0.080675,,0.2267968,0.9869848,0.995108,0.1010662,55.64295,41.06425,,3.292797,48.91706,34.36932,,1.641286,62.34458,47.7533,,5.182605,14.57869,1.368933,27.80317,1,2020-06-29,11:09:55 10 Aug 2020,40000
2020,President,Trump,Biden,,47,0.000625,0.0336591,0.92395,0.07605,,0.2261757,0.9927679,0.997375,0.0958304,56.9017,41.99228,,1.106023,50.32802,35.51472,,0.5661556,63.39681,48.57744,,1.714375,14.90941,1.757338,27.88169,1,2020-06-29,11:09:55 10 Aug 2020,40000
2020,President,Trump,Biden,,46,0.0001875,0.0671952,0.937225,0.062775,,0.2221452,0.9784946,0.9936762,0.0779653,58.9629,39.55277,,1.484335,51.0573,31.81689,,0.7547868,66.7175,47.4542,,2.309359,19.41013,3.599388,34.86397,1,2020-06-29,11:09:55 10 Aug 2020,40000
2020,President,Trump,Biden,,45,0.000825,0.0532876,0.84655,0.15345,,0.2470025,0.9972304,0.9979716,0.1942311,53.69571,45.41077,,0.893527,48.42114,40.11492,,0.4593571,58.99654,50.70125,,1.381133,8.284936,-2.240341,18.87338,1,2020-06-29,11:09:55 10 Aug 2020,40000
2020,President,Trump,Biden,,44,0.0012375,0.3704227,0.027225,0.972775,,0.7438017,0.8027807,0.0966472,0.9912103,36.80172,61.76323,,1.43505,28.96724,53.86667,,0.7303033,44.68655,69.60902,,2.231786,-24.96151,-40.61908,-9.189833,1,2020-06-29,11:09:55 10 Aug 2020,40000
2020,President,Trump,Biden,,48,0.008575,0.1271471,0.689925,0.310075,,0.3030764,0.9986294,0.9979716,0.3930317,51.60812,47.39516,,0.9967175,46.06471,41.84824,,0.5112967,57.14856,52.93742,,1.542776,4.212965,-6.869015,15.30297,1,2020-06-29,11:09:55 10 Aug 2020,40000
2020,President,Trump,Biden,,41,0.0092875,0.6297512,0.082025,0.917975,,0.6869857,0.8304693,0.2689416,0.9676334,40.94492,56.66787,,2.387205,33.70694,49.42212,,1.20011,48.20572,63.92981,,3.738655,-15.72295,-30.15953,-1.287041,1,2020-06-29,11:09:55 10 Aug 2020,40000
2020,President,Trump,Biden,,35,0.009325,1.622766,0.07565,0.92435,,0.88731,0.8433494,0.3203675,0.989465,42.34197,55.83796,,1.820078,36.39238,49.78132,,0.9210985,48.37939,61.82928,,2.839002,-13.49599,-25.37885,-1.471308,1,2020-06-29,11:09:55 10 Aug 2020,40000
2020,President,Trump,Biden,,40,0.0001,0.0097099,0.988775,0.011225,,0.2117266,0.9844098,0.9991648,0.0140255,62.54478,36.25416,,1.201059,55.91705,29.77837,,0.613726,69.04292,42.83066,,1.863676,26.29062,13.11478,39.25188,1,2020-06-29,11:09:55 10 Aug 2020,40000
2020,President,Trump,Biden,,32,0.0351875,4.105032,0.18515,0.81485,,0.7907102,0.9199239,0.6987233,0.9514502,45.15586,53.11232,,1.731818,39.43218,47.31545,,0.8774515,50.91685,58.85138,,2.699636,-7.956449,-19.3945,3.568224,1,2020-06-29,11:09:55 10 Aug 2020,40000
2020,President,Trump,Biden,,33,0.019575,3.620017,0.24365,0.75635,,0.689411,0.9423547,0.8016943,0.9046773,45.72046,53.21143,,1.068118,38.76738,46.19785,,0.547148,52.74586,60.19691,,1.654883,-7.490973,-21.42044,6.558407,1,2020-06-29,11:09:55 10 Aug 2020,40000
2020,President,Trump,Biden,,34,0.007675,0.2774427,0.03795,0.96205,,0.6693017,0.8059353,0.1212266,0.984134,39.51209,59.64252,,0.8453835,32.62769,52.6474,,0.4350714,46.48308,66.5293,,1.305745,-20.13043,-33.916,-6.166252,1,2020-06-29,11:09:55 10 Aug 2020,40000
2020,President,Trump,Biden,,31,2.5e-05,0.0039617,0.97435,0.02565,,0.2148868,0.9941521,0.9992841,0.0323666,58.36367,39.78978,,1.846556,52.5545,34.03804,,0.9332964,64.13583,45.59084,,2.88338,18.5739,6.995565,30.04528,1,2020-06-29,11:09:55 10 Aug 2020,40000
2020,President,Trump,Biden,,36,0.0026125,0.0479556,0.0067,0.9933,,0.7201493,0.7912766,0.0230283,0.9976201,36.18942,62.70986,,1.100725,30.16484,56.59372,,0.5634997,42.303,68.73047,,1.706057,-26.52044,-38.54123,-14.32131,1,2020-06-29,11:09:55 10 Aug 2020,40000
2020,President,Trump,Biden,,37,0.0552375,1.570574,0.393525,0.606475,,0.5090528,0.9844182,0.9560912,0.7577902,48.52453,50.6841,,0.7913699,43.24729,45.39999,,0.4077953,53.82365,55.96741,,1.221235,-2.159567,-12.69232,8.425463,1,2020-06-29,11:09:55 10 Aug 2020,40000
2020,President,Trump,Biden,,38,3.75e-05,0.0155364,0.97885,0.02115,,0.2137713,0.9869977,0.9986875,0.0264962,60.18799,37.12102,,2.690995,53.34752,30.37807,,1.348658,66.98512,43.8936,,4.222336,23.06697,9.582756,36.56592,1,2020-06-29,11:09:55 10 Aug 2020,40000
2020,President,Trump,Biden,,39,0.0291625,0.7297511,0.473775,0.526225,,0.4387104,0.9967219,0.9920057,0.6657358,49.21385,49.76811,,1.018041,43.7559,44.34748,,0.5220102,54.6379,55.22725,,1.576247,-0.5542638,-11.46087,10.26474,1,2020-06-29,11:09:55 10 Aug 2020,40000
2020,President,Trump,Biden,,15,0.0003875,0.1290318,0.0068,0.9932,,0.5110294,0.7877567,0.0164439,0.995895,29.21396,69.17183,,1.614207,20.61625,60.27863,,0.8156178,38.07559,77.82998,,2.518773,-39.95787,-57.19754,-22.17124,1,2020-06-28,11:10:24 10 Aug 2020,40000
2020,President,Trump,Biden,,26,0.0588375,1.659185,0.120275,0.879725,,0.9415922,0.8852767,0.5359044,0.9913126,44.56417,54.25834,,1.177488,39.25999,48.92827,,0.5989661,49.88382,59.54929,,1.829688,-9.694172,-20.25239,0.9770298,1,2020-06-28,11:10:24 10 Aug 2020,40000
2020,President,Trump,Biden,,25,0.0005875,0.025026,0.00675,0.99325,,0.7518519,0.789328,0.0240151,0.9979316,33.53732,64.97189,,1.490792,26.45526,57.71452,,0.7546649,40.77745,72.05983,,2.324114,-31.43458,-45.5677,-16.91321,1,2020-06-28,11:10:24 10 Aug 2020,40000
2020,President,Trump,Biden,,24,0.0004375,0.0226443,0.0022,0.9978,,0.7386364,0.7867809,0.0076896,0.9992681,35.05202,63.59272,,1.355258,29.54618,58.00465,,0.6874303,40.60731,69.11179,,2.109943,-28.5407,-39.53423,-17.42623,1,2020-06-28,11:10:24 10 Aug 2020,40000
2020,President,Trump,Biden,,23,0.0043,0.8015885,0.163725,0.836275,,0.6984273,0.8809602,0.5411097,0.9377565,43.87255,54.7447,,1.382749,36.80449,47.5927,,0.7010363,51.05061,61.84672,,2.153216,-10.87214,-24.99717,3.404507,1,2020-06-28,11:10:24 10 Aug 2020,40000
2020,President,Trump,Biden,,22,0.0014125,0.0979932,0.89875,0.10125,,0.2324618,0.9753087,0.9886431,0.1256961,56.79631,42.39019,,0.8134995,49.52983,35.2288,,0.4170259,63.9844,49.63618,,1.258085,14.40612,-0.0937557,28.75114,1,2020-06-28,11:10:24 10 Aug 2020,40000
2020,President,Trump,Biden,,21,8.75e-05,0.0068223,0.97525,0.02475,,0.2166111,0.9959596,0.9996451,0.0313763,59.5168,39.28138,,1.201824,53.19371,33.0068,,0.6110883,65.79581,45.59922,,1.868007,20.23542,7.624599,32.81429,1,2020-06-28,11:10:24 10 Aug 2020,40000
2020,President,Trump,Biden,,20,0.0001375,0.0175796,0.91415,0.08585,,0.2309522,0.9973791,0.9990536,0.1089897,55.28912,42.90916,,1.801721,49.472,37.11863,,0.9080403,61.11333,48.72445,,2.815781,12.37995,0.8150845,23.93277,1,2020-06-28,11:10:24 10 Aug 2020,40000
2020,President,Trump,Biden,,19,0.0038,0.3473584,0.61325,0.38675,,0.3430085,0.9971558,0.9953862,0.4908831,50.66347,47.97998,,1.356552,44.57193,41.94834,,0.6880733,56.70564,54.06657,,2.111985,2.683487,-9.470873,14.7322,1,2020-06-28,11:10:24 10 Aug 2020,40000
2020,President,Trump,Biden,,18,0.0002625,0.0129588,0.886125,0.113875,,0.2383975,0.9993414,0.9996451,0.1448528,54.65014,43.89324,,1.456618,48.90928,38.2515,,0.7377456,60.31398,49.60959,,2.270133,10.7569,-0.6762714,22.0492,1,2020-06-28,11:10:24 10 Aug 2020,40000
2020,President,Trump,Biden,,17,0.00475,0.120324,0.016475,0.983525,,0.7905918,0.7953789,0.0616349,0.9957359,38.1732,60.29877,,1.528028,32.0695,54.14908,,0.7730728,44.33401,66.4084,,2.382819,-22.12557,-34.31632,-9.826572,1,2020-06-28,11:10:24 10 Aug 2020,40000
2020,President,Trump,Biden,,16,0.0001125,0.0209257,0.98205,0.01795,,0.2147548,0.9763231,0.9979889,0.0223071,61.94655,34.95488,,3.098569,54.25264,27.55117,,1.54079,69.51564,42.5765,,4.883088,26.99167,11.83849,41.84268,1,2020-06-28,11:10:24 10 Aug 2020,40000
2020,President,Trump,Biden,,28,0.0017125,0.1966983,0.85615,0.14385,,0.2426561,0.9742787,0.983083,0.178393,54.87155,44.33213,,0.7963178,48.39265,37.9363,,0.4083947,61.25582,50.82499,,1.231189,10.53942,-2.401928,23.3102,1,2020-06-28,11:10:24 10 Aug 2020,40000
2020,President,Trump,Biden,,13,0.0193,0.6357602,0.543525,0.456475,,0.3831471,0.9930446,0.985449,0.5769929,50.01177,49.19926,,0.7889647,45.21723,44.36723,,0.4046994,54.83981,53.98158,,1.219685,0.8125064,-8.75559,10.47487,1,2020-06-28,11:10:24 10 Aug 2020,40000
2020,President,Trump,Biden,,12,0.2671625,3.738598,0.270875,0.729125,,0.742132,0.9852563,0.9512599,0.9143994,47.07277,52.1001,,0.8271384,41.71388,46.73586,,0.4238739,52.41753,57.44429,,1.279449,-5.027332,-15.71927,5.702726,1,2020-06-28,11:10:24 10 Aug 2020,40000
2020,President,Trump,Biden,,11,0.0,0.0,0.0,1.0,,,0.785625,0.0,1.0,5.871167,90.60928,,3.51955,2.086178,85.95155,,1.744077,10.02302,94.86333,,5.558418,-84.73811,-92.56105,-76.23019,1,2020-06-28,11:10:24 10 Aug 2020,40000
2020,President,Trump,Biden,,10,0.0001375,0.0444448,0.003125,0.996875,,0.976,0.7880376,0.0144327,0.9999363,37.21032,61.63598,,1.153704,32.08119,56.43941,,0.5871202,42.39081,66.77496,,1.79231,-24.42566,-34.67161,-14.06897,1,2020-06-28,11:10:24 10 Aug 2020,40000
2020,President,Trump,Biden,,09,0.001925,0.165102,0.0247,0.9753,,0.8623482,0.8020865,0.1007926,0.9957359,39.29539,59.79066,,0.9139444,32.95145,53.39056,,0.4673941,45.7047,66.14315,,1.415598,-20.49526,-33.21038,-7.678648,1,2020-06-28,11:10:24 10 Aug 2020,40000
2020,President,Trump,Biden,,08,0.02455,1.20199,0.106825,0.893175,,0.8804119,0.8657038,0.4450491,0.9842164,43.452,54.65393,,1.894064,37.72263,48.84177,,0.9534494,49.23065,60.3903,,2.962191,-11.20193,-22.60647,0.4087219,1,2020-06-28,11:10:24 10 Aug 2020,40000
2020,President,Trump,Biden,,06,0.0027,0.0267406,0.003325,0.996675,,0.6616541,0.7871423,0.0104105,0.9985998,34.47998,63.62542,,1.894608,28.44263,57.55543,,0.9537166,40.53854,69.68501,,2.963053,-29.14544,-41.17952,-17.0711,1,2020-06-28,11:10:24 10 Aug 2020,40000
2020,President,Trump,Biden,,05,0.000625,0.078245,0.897475,0.102525,,0.2342962,0.9890271,0.9950314,0.1290692,55.82039,42.55422,,1.625394,49.11896,35.87075,,0.8211399,62.51902,49.26942,,2.536458,13.26617,-0.1656399,26.58106,1,2020-06-28,11:10:24 10 Aug 2020,40000
2020,President,Trump,Biden,,04,0.0476375,2.410659,0.386725,0.613275,,0.5172927,0.9807183,0.9466462,0.7655688,48.01867,50.60836,,1.372973,42.21519,44.80442,,0.6962314,53.79226,56.40008,,2.137902,-2.589689,-14.15397,8.974873,1,2020-06-28,11:10:24 10 Aug 2020,40000
2020,President,Trump,Biden,,02,0.001875,0.8574136,0.795925,0.204075,,0.2584729,0.9719466,0.9735005,0.2524742,53.69228,43.7887,,2.519025,45.8131,35.9343,,1.259116,61.54363,51.64254,,3.956749,9.903576,-5.784418,25.59458,1,2020-06-28,11:10:24 10 Aug 2020,40000
2020,President,Trump,Biden,,01,0.0004375,0.02867,0.96885,0.03115,,0.2177324,0.9871589,0.9982255,0.0391408,59.16496,40.03321,,0.8018388,53.01244,33.96412,,0.4111686,65.25294,46.20964,,1.239826,19.13175,6.817636,31.26618,1,2020-06-28,11:10:24 10 Aug 2020,40000
2020,President,Trump,Biden,,27,0.0537,2.493926,0.147225,0.852775,,0.8478519,0.8956055,0.5906779,0.9721559,44.8873,53.75972,,1.352978,39.42931,48.33043,,0.6862974,50.35578,59.20908,,2.106345,-8.872416,-19.74846,1.999027,1,2020-06-28,11:10:24 10 Aug 2020,40000
2020,President,Trump,Biden,,29,0.001175,0.0594682,0.81415,0.18585,,0.258644,0.99583,0.996451,0.2355768,53.39259,45.16504,,1.442371,47.41636,39.24691,,0.7306803,59.30875,51.12812,,2.247597,8.227558,-3.707371,20.03843,1,2020-06-28,11:10:24 10 Aug 2020,40000
2020,President,Trump,Biden,,56,5e-05,0.030218,0.99725,0.00275,,0.2118075,0.9636363,0.9995268,0.0033731,67.86356,28.74897,,3.387469,60.49814,21.61573,,1.680395,75.15265,36.04098,,5.34634,39.1146,24.60813,53.38507,1,2020-06-28,11:10:24 10 Aug 2020,40000
2020,President,Trump,Biden,,42,0.1832625,4.147978,0.193725,0.806275,,0.8499161,0.9391026,0.7791317,0.9637868,46.20468,53.03246,,0.7628609,41.08335,47.91698,,0.3915719,51.32214,58.14865,,1.178798,-6.827785,-17.06608,3.407986,1,2020-06-28,11:10:24 10 Aug 2020,40000
2020,President,Trump,Biden,,55,0.108475,5.068194,0.229225,0.770775,,0.7702039,0.9530019,0.835443,0.9349881,46.25919,52.71405,,1.026761,40.64508,47.11411,,0.5238167,51.86897,58.30663,,1.592896,-6.454854,-17.66242,4.731598,1,2020-06-28,11:10:24 10 Aug 2020,40000
2020,President,Trump,Biden,,54,1.25e-05,0.0024871,0.991025,0.008975,,0.2131127,0.9860724,0.9994085,0.0112649,65.20125,32.965,,1.833753,57.60397,25.62762,,0.9237996,72.589,40.54958,,2.86657,32.23625,17.12414,46.94793,1,2020-06-28,11:10:24 10 Aug 2020,40000
2020,President,Trump,Biden,,53,0.001675,0.0661026,0.0118,0.9882,,0.8220339,0.7929063,0.0459009,0.9973588,36.924,60.86733,,2.208671,30.70059,54.5206,,1.107622,43.23031,67.11789,,3.461955,-23.94333,-36.34206,-11.36424,1,2020-06-28,11:10:24 10 Aug 2020,40000
2020,President,Trump,Biden,,51,0.0206,0.6953416,0.055025,0.944975,,0.9541118,0.8287521,0.2484325,0.9968497,43.27184,55.70907,,1.019089,38.38042,50.73582,,0.5199848,48.22948,60.58804,,1.580847,-12.43723,-22.18422,-2.52626,1,2020-06-28,11:10:24 10 Aug 2020,40000
2020,President,Trump,Biden,,50,0.0001625,0.0737512,0.007075,0.992925,,0.6855124,0.7890324,0.0229504,0.9972315,30.70289,66.59784,,2.699273,22.61707,58.26421,,1.346873,39.04472,74.75781,,4.244468,-35.89495,-52.0457,-19.28757,1,2020-06-28,11:10:24 10 Aug 2020,40000
2020,President,Trump,Biden,,49,0.000825,0.095369,0.919175,0.080825,,0.2292273,0.991958,0.9970425,0.1020525,55.65871,41.05508,,3.28621,48.93927,34.4246,,1.631514,62.3543,47.76044,,5.183869,14.60364,1.350645,27.74487,1,2020-06-28,11:10:24 10 Aug 2020,40000
2020,President,Trump,Biden,,48,0.0099875,0.1492708,0.670025,0.329975,,0.3143166,0.9978029,0.9965693,0.4190931,51.39142,47.6083,,1.000278,45.84583,42.0537,,0.5105855,56.95266,53.14603,,1.551306,3.783118,-7.289576,14.84343,1,2020-06-28,11:10:24 10 Aug 2020,40000
2020,President,Trump,Biden,,47,0.00105,0.0569801,0.924325,0.075675,,0.2279501,0.9910803,0.9970425,0.0954654,56.87352,42.02266,,1.103823,50.33134,35.51115,,0.5622684,63.3819,48.57005,,1.713968,14.85086,1.7694,27.81403,1,2020-06-28,11:10:24 10 Aug 2020,40000
2020,President,Trump,Biden,,46,0.00045,0.1603162,0.938625,0.061375,,0.223918,0.9800407,0.9945582,0.0765632,58.92271,39.5934,,1.483891,51.10497,31.87119,,0.7512492,66.64462,47.4008,,2.313237,19.32931,3.759892,34.78809,1,2020-06-28,11:10:24 10 Aug 2020,40000
2020,President,Trump,Biden,,45,0.00095,0.0614564,0.845575,0.154425,,0.2494161,0.9972479,0.9979889,0.1960223,53.71658,45.39159,,0.8918251,48.42085,40.1012,,0.4563149,59.01778,50.66305,,1.380884,8.324995,-2.234058,18.90284,1,2020-06-28,11:10:24 10 Aug 2020,40000
2020,President,Trump,Biden,,44,0.00095,0.2887339,0.026975,0.973025,,0.7701576,0.8010842,0.0983083,0.9921718,36.83775,61.72763,,1.434616,29.03217,53.82362,,0.7268331,44.72988,69.56221,,2.235331,-24.88989,-40.53197,-9.114319,1,2020-06-28,11:10:24 10 Aug 2020,40000
2020,President,Trump,Biden,,30,0.00035,0.0942812,0.889275,0.110725,,0.2364567,0.9896139,0.9950314,0.1394749,55.26263,42.326,,2.411364,48.44548,35.57345,,1.206635,62.01408,49.14368,,3.784981,12.93663,-0.6081161,26.39473,1,2020-06-28,11:10:24 10 Aug 2020,40000
2020,President,Trump,Biden,,41,0.010225,0.693248,0.085725,0.914275,,0.6803733,0.8295918,0.2759967,0.9654415,41.00446,56.60899,,2.386551,33.80339,49.30682,,1.194529,48.29884,63.85619,,3.74538,-15.60453,-29.97445,-1.03013,1,2020-06-28,11:10:24 10 Aug 2020,40000
2020,President,Trump,Biden,,39,0.0280625,0.7025827,0.475625,0.524375,,0.440841,0.9966627,0.9921921,0.6652347,49.25808,49.7261,,1.015819,43.84532,44.3233,,0.5183508,54.66295,55.14364,,1.57571,-0.4680121,-11.28868,10.29819,1,2020-06-28,11:10:24 10 Aug 2020,40000
2020,President,Trump,Biden,,38,3.75e-05,0.0167192,0.97975,0.02025,,0.2156162,0.9962963,0.9996451,0.0256802,60.17551,37.13856,,2.685925,53.31023,30.464,,1.340374,66.93866,43.91547,,4.223149,23.03695,9.552404,36.36057,1,2020-06-28,11:10:24 10 Aug 2020,40000
2020,President,Trump,Biden,,37,0.050675,1.449076,0.39765,0.60235,,0.5070414,0.9834399,0.9540991,0.7540175,48.5491,50.66081,,0.7900915,43.28038,45.36444,,0.4052657,53.85204,55.93365,,1.221448,-2.111716,-12.64368,8.478416,1,2020-06-28,11:10:24 10 Aug 2020,40000
2020,President,Trump,Biden,,36,0.002,0.036807,0.00645,0.99355,,0.7674419,0.7892658,0.0234236,0.9981543,36.23765,62.66384,,1.098514,30.23414,56.62543,,0.5596217,42.28034,68.66057,,1.705632,-26.42619,-38.40228,-14.36922,1,2020-06-28,11:10:24 10 Aug 2020,40000
2020,President,Trump,Biden,,35,0.0093875,1.627026,0.074475,0.925525,,0.8875462,0.8399287,0.3127884,0.9894988,42.33429,55.84933,,1.816385,36.39047,49.8848,,0.9152561,48.29452,61.82735,,2.839022,-13.51504,-25.42051,-1.632063,1,2020-06-28,11:10:24 10 Aug 2020,40000
2020,President,Trump,Biden,,34,0.0075625,0.2745199,0.036775,0.963225,,0.7110809,0.8047185,0.123743,0.9866349,39.56238,59.59418,,0.8434404,32.7064,52.69121,,0.4320554,46.46042,66.43057,,1.304989,-20.0318,-33.6854,-6.247751,1,2020-06-28,11:10:24 10 Aug 2020,40000
2020,President,Trump,Biden,,33,0.019775,3.675204,0.244325,0.755675,,0.6921109,0.9412777,0.8001893,0.9053938,45.72977,53.20456,,1.065668,38.7472,46.16224,,0.5432392,52.78741,60.18955,,1.653981,-7.47479,-21.40665,6.603516,1,2020-06-28,11:10:24 10 Aug 2020,40000
2020,President,Trump,Biden,,32,0.0345875,4.017798,0.185425,0.814575,,0.7947958,0.9187306,0.6973855,0.9525855,45.15919,53.11278,,1.728025,39.40873,47.32447,,0.8717517,50.94879,58.85551,,2.699045,-7.953591,-19.42163,3.610321,1,2020-06-28,11:10:24 10 Aug 2020,40000
2020,President,Trump,Biden,,31,2.5e-05,0.0039047,0.975425,0.024575,,0.2165723,0.9969481,0.9996451,0.0311854,58.33783,39.81761,,1.844561,52.48978,34.13385,,0.9288772,64.0405,45.59361,,2.886761,18.52022,6.92272,29.83192,1,2020-06-28,11:10:24 10 Aug 2020,40000
2020,President,Trump,Biden,,40,7.5e-05,0.006838,0.988325,0.011675,,0.2136696,0.987152,0.9992902,0.0146698,62.5033,36.29787,,1.198838,55.93898,29.83688,,0.6096013,68.99162,42.8653,,1.863304,26.20543,13.09718,39.1007,1,2020-06-28,11:10:24 10 Aug 2020,40000
2020,President,Trump,Biden,,22,0.00195,0.1366486,0.8989,0.1011,,0.229169,0.9789812,0.9899087,0.1255351,56.81039,42.37611,,0.8134959,49.55259,35.27085,,0.4161022,63.9106,49.62516,,1.257332,14.43428,-0.0743027,28.63459,1,2020-06-27,11:09:37 10 Aug 2020,40000
2020,President,Trump,Biden,,18,0.000375,0.0189926,0.888075,0.111925,,0.2341018,0.9982131,0.9990389,0.1417066,54.65086,43.89191,,1.457233,48.94809,38.26674,,0.736233,60.29938,49.58858,,2.269402,10.75895,-0.6063976,21.99747,1,2020-06-27,11:09:37 10 Aug 2020,40000
2020,President,Trump,Biden,,19,0.0038875,0.3483741,0.6159,0.3841,,0.3367836,0.9982426,0.9967564,0.4863177,50.6613,47.97933,,1.359363,44.59628,41.94331,,0.6878486,56.70093,53.9917,,2.115024,2.681971,-9.358122,14.71377,1,2020-06-27,11:09:37 10 Aug 2020,40000
2020,President,Trump,Biden,,20,0.0001,0.0112655,0.91385,0.08615,,0.2276358,0.9991294,0.9996396,0.1091734,55.29909,42.89768,,1.80323,49.45825,37.12606,,0.9066293,61.08487,48.70566,,2.816446,12.40141,0.8151703,23.90685,1,2020-06-27,11:09:37 10 Aug 2020,40000
2020,President,Trump,Biden,,21,6.25e-05,0.0046124,0.9752,0.0248,,0.213187,0.9919355,0.9990389,0.0312014,59.49603,39.29918,,1.204803,53.16179,33.0863,,0.6113142,65.70169,45.61496,,1.871555,20.19685,7.578363,32.64584,1,2020-06-27,11:09:37 10 Aug 2020,40000
2020,President,Trump,Biden,,27,0.05575,2.589335,0.1434,0.8566,,0.8539051,0.8966846,0.588419,0.9742208,44.87857,53.76705,,1.354382,39.44693,48.33646,,0.6853834,50.31612,59.2036,,2.107171,-8.888475,-19.71986,1.952579,1,2020-06-27,11:09:37 10 Aug 2020,40000
2020,President,Trump,Biden,,23,0.00395,0.7456427,0.159525,0.840475,,0.7108604,0.8836967,0.5449303,0.9420363,43.85011,54.76404,,1.385846,36.80028,47.65986,,0.7007566,50.95478,61.86543,,2.157098,-10.91393,-25.06224,3.298712,1,2020-06-27,11:09:37 10 Aug 2020,40000
2020,President,Trump,Biden,,24,0.000525,0.0261573,0.0023,0.9977,,0.6847826,0.7895159,0.0075685,0.9990804,35.07759,63.56913,,1.353284,29.61745,58.05912,,0.6848403,40.59895,69.05186,,2.105441,-28.49154,-39.40426,-17.49066,1,2020-06-27,11:09:37 10 Aug 2020,40000
2020,President,Trump,Biden,,25,0.0004625,0.0190442,0.006575,0.993425,,0.756654,0.7920326,0.0239068,0.9979706,33.52791,64.98225,,1.489839,26.40437,57.80209,,0.7523319,40.71427,72.11836,,2.320823,-31.45434,-45.69427,-17.11897,1,2020-06-27,11:09:37 10 Aug 2020,40000
2020,President,Trump,Biden,,26,0.053575,1.515233,0.11275,0.88725,,0.9498891,0.8824176,0.5146564,0.9930241,44.44531,54.37646,,1.178226,39.20721,49.09386,,0.5981188,49.71006,59.61053,,1.829754,-9.931156,-20.36584,0.5840225,1,2020-06-27,11:09:37 10 Aug 2020,40000
2020,President,Trump,Biden,,16,0.0001375,0.0269688,0.98315,0.01685,,0.2113869,0.9836795,0.9986785,0.0210229,61.90821,34.99374,,3.098058,54.30428,27.6258,,1.536394,69.39378,42.48151,,4.873762,26.91447,11.90553,41.61739,1,2020-06-27,11:09:37 10 Aug 2020,40000
2020,President,Trump,Biden,,17,0.0047375,0.1200967,0.01555,0.98445,,0.7909968,0.7976027,0.0591062,0.9959096,38.19865,60.27347,,1.527882,32.14737,54.15039,,0.7710887,44.28041,66.29579,,2.380922,-22.07482,-34.13395,-9.890469,1,2020-06-27,11:09:37 10 Aug 2020,40000
2020,President,Trump,Biden,,09,0.002025,0.1771755,0.0243,0.9757,,0.8652263,0.8047556,0.1010332,0.9959096,39.28991,59.7983,,0.9117908,33.00887,53.42822,,0.4653174,45.65151,66.08319,,1.411378,-20.50839,-33.07143,-7.780087,1,2020-06-27,11:09:37 10 Aug 2020,40000
2020,President,Trump,Biden,,15,0.00025,0.0811534,0.0071,0.9929,,0.528169,0.7907392,0.0180202,0.9958144,29.22279,69.16328,,1.613931,20.5926,60.37762,,0.8135235,37.95478,77.80197,,2.516838,-39.94048,-57.1891,-22.41732,1,2020-06-27,11:09:37 10 Aug 2020,40000
2020,President,Trump,Biden,,13,0.01935,0.6395609,0.544825,0.455175,,0.3763594,0.9931895,0.9853436,0.57339,50.01807,49.1912,,0.7907292,45.25332,44.45291,,0.4046759,54.77469,53.9451,,1.221651,0.8268642,-8.686741,10.30026,1,2020-06-27,11:09:37 10 Aug 2020,40000
2020,President,Trump,Biden,,12,0.269075,3.757634,0.266975,0.733025,,0.7369604,0.9838341,0.9454589,0.9147034,47.04609,52.12313,,0.8307712,41.70271,46.79497,,0.4247636,52.39633,57.4481,,1.284412,-5.077041,-15.72389,5.602146,1,2020-06-27,11:09:37 10 Aug 2020,40000
2020,President,Trump,Biden,,11,2.5e-05,0.0122803,0.0,1.0,,,0.788425,0.0,1.0,5.875716,90.60123,,3.523057,2.147871,85.97042,,1.740895,9.96257,94.85656,,5.553098,-84.72551,-92.46271,-76.3484,1,2020-06-27,11:09:37 10 Aug 2020,40000
2020,President,Trump,Biden,,10,0.0001875,0.0576397,0.002775,0.997225,,0.9369369,0.7904435,0.012494,0.999778,37.23587,61.61255,,1.151587,32.17151,56.47164,,0.5848849,42.41949,66.69623,,1.787839,-24.37668,-34.50159,-14.07413,1,2020-06-27,11:09:37 10 Aug 2020,40000
2020,President,Trump,Biden,,08,0.023475,1.143056,0.105975,0.894025,,0.8848785,0.8688515,0.4506247,0.9852237,43.46045,54.64988,,1.889676,37.69881,48.90254,,0.9490472,49.23984,60.389,,2.953165,-11.18943,-22.61166,0.2965183,1,2020-06-27,11:09:37 10 Aug 2020,40000
2020,President,Trump,Biden,,06,0.002,0.0197104,0.00365,0.99635,,0.6986302,0.7902093,0.0122537,0.9986048,34.46827,63.63724,,1.894489,28.53743,57.5986,,0.9514072,40.49181,69.61455,,2.960777,-29.16896,-41.0469,-17.17231,1,2020-06-27,11:09:37 10 Aug 2020,40000
2020,President,Trump,Biden,,05,0.0004625,0.0558492,0.89925,0.10075,,0.230442,0.9913151,0.9957953,0.1266766,55.83504,42.53435,,1.630615,49.13807,35.89144,,0.8217462,62.49709,49.21949,,2.543204,13.30069,-0.0367832,26.56656,1,2020-06-27,11:09:37 10 Aug 2020,40000
2020,President,Trump,Biden,,04,0.045875,2.314681,0.39495,0.60505,,0.5017091,0.982646,0.9521865,0.7540984,48.11124,50.49628,,1.392484,42.40887,44.75182,,0.7042331,53.86433,56.22868,,2.167251,-2.385037,-13.80703,9.082945,1,2020-06-27,11:09:37 10 Aug 2020,40000
2020,President,Trump,Biden,,02,0.00145,0.6503576,0.79535,0.20465,,0.2551393,0.9743465,0.9751322,0.2529093,53.68536,43.79675,,2.517893,45.73978,36.02541,,1.255609,61.49205,51.72586,,3.949922,9.888604,-5.881226,25.38721,1,2020-06-27,11:09:37 10 Aug 2020,40000
2020,President,Trump,Biden,,01,0.000425,0.0282776,0.9706,0.0294,,0.2137853,0.9795918,0.9971167,0.0365285,59.19263,40.00416,,0.8032106,53.09818,33.95473,,0.4109423,65.24228,46.06535,,1.24121,19.18848,7.045923,31.29141,1,2020-06-27,11:09:37 10 Aug 2020,40000
2020,President,Trump,Biden,,28,0.0021,0.2422974,0.85695,0.14305,,0.2386662,0.9746592,0.9828207,0.1768399,54.91106,44.29085,,0.7980877,48.50265,37.9139,,0.4083707,61.29181,50.70895,,1.233181,10.62021,-2.182981,23.38075,1,2020-06-27,11:09:37 10 Aug 2020,40000
2020,President,Trump,Biden,,29,0.0013,0.064761,0.817325,0.182675,,0.2534488,0.9946626,0.9954349,0.2304595,53.38919,45.16582,,1.444992,47.43182,39.24332,,0.7301862,59.32595,51.09512,,2.250084,8.22337,-3.615236,20.08419,1,2020-06-27,11:09:37 10 Aug 2020,40000
2020,President,Trump,Biden,,35,0.0102875,1.783154,0.073975,0.926025,,0.8952349,0.8431738,0.3182364,0.9903288,42.33733,55.84637,,1.816292,36.44203,49.87435,,0.9130422,48.32437,61.76736,,2.837125,-13.50904,-25.32497,-1.551743,1,2020-06-27,11:09:37 10 Aug 2020,40000
2020,President,Trump,Biden,,30,0.00045,0.126056,0.88945,0.11055,,0.2328124,0.9907282,0.9950745,0.1389162,55.22285,42.35791,,2.41923,48.39566,35.60481,,1.207644,61.99096,49.15359,,3.793001,12.86494,-0.6933632,26.30632,1,2020-06-27,11:09:37 10 Aug 2020,40000
2020,President,Trump,Biden,,44,0.00105,0.3144079,0.02645,0.97355,,0.794896,0.8042987,0.1010332,0.9931509,36.7979,61.76785,,1.434247,29.06073,53.92039,,0.7248774,44.67268,69.5235,,2.23313,-24.96995,-40.46066,-9.248344,1,2020-06-27,11:09:37 10 Aug 2020,40000
2020,President,Trump,Biden,,56,1.25e-05,0.0078294,0.996675,0.003325,,0.208719,0.9774436,0.9996396,0.0041221,67.83578,28.77673,,3.387484,60.45436,21.70921,,1.675785,75.00426,36.02773,,5.336169,39.05905,24.62604,53.1459,1,2020-06-27,11:09:37 10 Aug 2020,40000
2020,President,Trump,Biden,,55,0.1111,5.187191,0.2258,0.7742,,0.7773472,0.9560514,0.8434647,0.9388021,46.25718,52.70365,,1.039163,40.75095,47.13614,,0.5289407,51.83294,58.22272,,1.611233,-6.446469,-17.45619,4.685188,1,2020-06-27,11:09:37 10 Aug 2020,40000
2020,President,Trump,Biden,,54,2.5e-05,0.0040899,0.991975,0.008025,,0.2097583,0.9968848,0.9998798,0.0101468,65.17571,32.98901,,1.835281,57.64342,25.61504,,0.9223629,72.56078,40.51143,,2.867155,32.1867,17.12209,46.93072,1,2020-06-27,11:09:37 10 Aug 2020,40000
2020,President,Trump,Biden,,53,0.0015125,0.0599773,0.0119,0.9881,,0.8004202,0.7955925,0.0457713,0.9970828,36.91082,60.88523,,2.203955,30.72184,54.57279,,1.10276,43.14578,67.09241,,3.451149,-23.97441,-36.30959,-11.51789,1,2020-06-27,11:09:37 10 Aug 2020,40000
2020,President,Trump,Biden,,51,0.0187125,0.6294495,0.054375,0.945625,,0.9604598,0.8315665,0.2509611,0.9973682,43.2875,55.69501,,1.017488,38.40606,50.82252,,0.5181338,48.19448,60.55465,,1.577216,-12.40751,-22.14731,-2.610865,1,2020-06-27,11:09:37 10 Aug 2020,40000
2020,President,Trump,Biden,,50,0.0003125,0.1377807,0.006575,0.993425,,0.6920152,0.7916048,0.0218645,0.9974316,30.69788,66.60324,,2.698879,22.71258,58.48235,,1.343436,38.81199,74.61485,,4.237939,-35.90535,-51.83309,-19.76415,1,2020-06-27,11:09:37 10 Aug 2020,40000
2020,President,Trump,Biden,,31,1.25e-05,0.0021011,0.975325,0.024675,,0.2132622,0.9959473,0.9995195,0.0311697,58.35028,39.80623,,1.843491,52.49966,34.13552,,0.9241617,64.07118,45.6472,,2.883475,18.54404,6.959393,29.92576,1,2020-06-27,11:09:37 10 Aug 2020,40000
2020,President,Trump,Biden,,48,0.010125,0.1531977,0.673925,0.326075,,0.3082316,0.9987733,0.998198,0.4130704,51.40257,47.59612,,1.001315,45.85825,42.15293,,0.5100645,56.87872,53.11176,,1.551833,3.806451,-7.258047,14.72517,1,2020-06-27,11:09:37 10 Aug 2020,40000
2020,President,Trump,Biden,,47,0.0005625,0.0320102,0.926125,0.073875,,0.2237549,0.9878173,0.9957953,0.0925579,56.90661,41.98743,,1.105953,50.34135,35.53724,,0.5621949,63.36217,48.53093,,1.716084,14.91918,1.833515,27.81775,1,2020-06-27,11:09:37 10 Aug 2020,40000
2020,President,Trump,Biden,,46,0.000275,0.102085,0.940125,0.059875,,0.2199441,0.9770355,0.9936329,0.0741986,58.90792,39.6086,,1.483481,51.14756,31.98201,,0.7491938,66.56213,47.39067,,2.310783,19.29932,3.746614,34.5389,1,2020-06-27,11:09:37 10 Aug 2020,40000
2020,President,Trump,Biden,,45,0.000875,0.0570601,0.846775,0.153225,,0.2452245,0.9969,0.9978376,0.1937407,53.73287,45.37336,,0.8937681,48.4687,40.17154,,0.4562955,58.94747,50.64352,,1.383137,8.359511,-2.17136,18.75693,1,2020-06-27,11:09:37 10 Aug 2020,40000
2020,President,Trump,Biden,,49,0.0007125,0.0830983,0.9206,0.0794,,0.225315,0.9911839,0.9967564,0.0998193,55.64491,41.06959,,3.285497,48.9726,34.4458,,1.626701,62.28558,47.72581,,5.173182,14.57532,1.365677,27.63589,1,2020-06-27,11:09:37 10 Aug 2020,40000
2020,President,Trump,Biden,,42,0.18505,4.197011,0.190325,0.809675,,0.8555103,0.9406861,0.7824363,0.9660399,46.22532,53.0094,,0.765275,41.20757,47.96785,,0.3918885,51.26027,58.01979,,1.181789,-6.784081,-16.7984,3.287914,1,2020-06-27,11:09:37 10 Aug 2020,40000
2020,President,Trump,Biden,,40,7.5e-05,0.007408,0.989425,0.010575,,0.2101473,0.9834515,0.999159,0.0131909,62.52164,36.27716,,1.201192,56.0546,29.87595,,0.6095217,68.94932,42.75346,,1.865874,26.24448,13.30863,39.07322,1,2020-06-27,11:09:37 10 Aug 2020,40000
2020,President,Trump,Biden,,39,0.030075,0.7562307,0.47255,0.52745,,0.4367792,0.9965873,0.9918308,0.6667089,49.21486,49.76775,,1.017385,43.83218,44.33982,,0.5180826,54.61892,55.1492,,1.577055,-0.5528912,-11.31558,10.26166,1,2020-06-27,11:09:37 10 Aug 2020,40000
2020,President,Trump,Biden,,38,3.75e-05,0.014989,0.979875,0.020125,,0.2122975,0.9962733,0.9996396,0.0254304,60.16522,37.14163,,2.693149,53.35715,30.49411,,1.340658,66.89163,43.87387,,4.228817,23.02359,9.600679,36.27325,1,2020-06-27,11:09:37 10 Aug 2020,40000
2020,President,Trump,Biden,,37,0.0485875,1.380787,0.404875,0.595125,,0.4927447,0.9848351,0.9586737,0.7433808,48.65755,50.54446,,0.7979901,43.42318,45.26797,,0.4083218,53.93151,55.78639,,1.233028,-1.886911,-12.36318,8.674757,1,2020-06-27,11:09:37 10 Aug 2020,40000
2020,President,Trump,Biden,,36,0.00235,0.0430366,0.007775,0.992225,,0.7073955,0.7923102,0.0264296,0.9971145,36.2434,62.65773,,1.098869,30.25792,56.66186,,0.5586703,42.25308,68.64048,,1.704953,-26.41432,-38.38329,-14.43416,1,2020-06-27,11:09:37 10 Aug 2020,40000
2020,President,Trump,Biden,,34,0.0076,0.2781252,0.0384,0.9616,,0.6796875,0.8071963,0.1254205,0.9844944,39.55862,59.59938,,0.8420016,32.68922,52.7118,,0.4303883,46.45757,66.4283,,1.302009,-20.04075,-33.71857,-6.227655,1,2020-06-27,11:09:37 10 Aug 2020,40000
2020,President,Trump,Biden,,33,0.0208875,3.857416,0.2388,0.7612,,0.6963987,0.9419995,0.799135,0.9094714,45.7044,53.22826,,1.067338,38.77139,46.27176,,0.5429757,52.68474,60.17258,,1.655426,-7.523866,-21.40638,6.373899,1,2020-06-27,11:09:37 10 Aug 2020,40000
2020,President,Trump,Biden,,32,0.0354875,4.121764,0.182325,0.817675,,0.7991225,0.9205369,0.7001442,0.9546881,45.16866,53.10691,,1.724437,39.45841,47.42536,,0.8679306,50.87921,58.79047,,2.691661,-7.938253,-19.23578,3.378006,1,2020-06-27,11:09:37 10 Aug 2020,40000
2020,President,Trump,Biden,,41,0.009475,0.6420731,0.082625,0.917375,,0.6768532,0.8306309,0.268741,0.9664838,40.96973,56.64491,,2.385356,33.81039,49.39361,,1.191168,48.2089,63.84287,,3.7392,-15.67518,-29.96993,-1.298742,1,2020-06-27,11:09:37 10 Aug 2020,40000
2020,President,Trump,Biden,,21,0.0001,0.0076645,0.9736,0.0264,,0.2118426,0.9952651,0.9993943,0.0332364,59.47969,39.31963,,1.200689,53.1011,33.07954,,0.6135724,65.72314,45.6694,,1.870761,20.16006,7.455357,32.59852,1,2020-06-26,11:12:25 10 Aug 2020,40000
2020,President,Trump,Biden,,17,0.0046875,0.118238,0.01605,0.98395,,0.7990654,0.8002439,0.0621442,0.9960154,38.14948,60.33024,,1.520289,32.06069,54.18528,,0.7729746,44.26544,66.47006,,2.37616,-22.18076,-34.3959,-9.91888,1,2020-06-26,11:12:25 10 Aug 2020,40000
2020,President,Trump,Biden,,18,0.00035,0.0168017,0.88395,0.11605,,0.233356,0.9991383,0.9995155,0.14667,54.6133,43.93549,,1.451207,48.82862,38.24378,,0.7386097,60.31168,49.67926,,2.266889,10.6778,-0.8390846,22.05108,1,2020-06-26,11:12:25 10 Aug 2020,40000
2020,President,Trump,Biden,,19,0.0041625,0.3773515,0.608925,0.391075,,0.337521,0.9977626,0.9958813,0.4935804,50.60545,48.04016,,1.354392,44.4593,41.91502,,0.6903739,56.72261,54.17946,,2.113809,2.565293,-9.68891,14.79873,1,2020-06-26,11:12:25 10 Aug 2020,40000
2020,President,Trump,Biden,,20,5e-05,0.0056063,0.912175,0.087825,,0.2261627,0.999146,0.9996366,0.1109987,55.2688,42.93639,,1.794814,49.42098,37.13512,,0.9091069,61.09127,48.78093,,2.811783,12.33241,0.6630611,23.90613,1,2020-06-26,11:12:25 10 Aug 2020,40000
2020,President,Trump,Biden,,26,0.0491875,1.388988,0.108425,0.891575,,0.9554992,0.8815299,0.5019988,0.9941813,44.27889,54.54406,,1.177054,38.94661,49.17284,,0.6017387,49.649,59.88537,,1.833451,-10.26517,-20.91433,0.4531403,1,2020-06-26,11:12:25 10 Aug 2020,40000
2020,President,Trump,Biden,,22,0.0019625,0.1351872,0.89495,0.10505,,0.2276105,0.973822,0.9870381,0.1294036,56.72175,42.46837,,0.8098834,49.42061,35.24086,,0.4170656,63.93677,49.79215,,1.25562,14.25338,-0.3526268,28.7009,1,2020-06-26,11:12:25 10 Aug 2020,40000
2020,President,Trump,Biden,,23,0.0040625,0.7632643,0.16005,0.83995,,0.7010309,0.8846657,0.5436705,0.9399469,43.79922,54.82114,,1.379649,36.6116,47.65742,,0.7027228,50.9818,61.9903,,2.153492,-11.02192,-25.34384,3.314871,1,2020-06-26,11:12:25 10 Aug 2020,40000
2020,President,Trump,Biden,,24,0.000375,0.019625,0.002275,0.997725,,0.7362638,0.7917512,0.0081163,0.9992411,35.03972,63.61469,,1.345596,29.49692,57.93764,,0.6859869,40.7077,69.19717,,2.099884,-28.57497,-39.68281,-17.26181,1,2020-06-26,11:12:25 10 Aug 2020,40000
2020,President,Trump,Biden,,25,0.000425,0.0174905,0.007175,0.992825,,0.7804878,0.7947271,0.0271351,0.998071,33.51171,65.00558,,1.482699,26.33608,57.70073,,0.7542804,40.76876,72.20045,,2.316652,-31.49387,-45.81177,-16.97035,1,2020-06-26,11:12:25 10 Aug 2020,40000
2020,President,Trump,Biden,,15,0.000225,0.0751568,0.005925,0.994075,,0.5991561,0.7928979,0.0172017,0.9970274,29.18434,69.20994,,1.605717,20.5831,60.31982,,0.815412,38.01274,77.83141,,2.511813,-40.0256,-57.21953,-22.30556,1,2020-06-26,11:12:25 10 Aug 2020,40000
2020,President,Trump,Biden,,16,0.0001125,0.0213891,0.9827,0.0173,,0.209652,0.9797688,0.9983041,0.0214408,61.88429,35.03532,,3.080394,54.25257,27.52779,,1.539466,69.46124,42.61826,,4.863693,26.84897,11.73881,41.78945,1,2020-06-26,11:12:25 10 Aug 2020,40000
2020,President,Trump,Biden,,28,0.0018,0.2107461,0.856675,0.143325,,0.2359413,0.9701727,0.9794064,0.1758902,54.86929,44.33585,,0.7948613,48.40678,37.92832,,0.4094725,61.28329,50.78716,,1.232054,10.53345,-2.374582,23.34511,1,2020-06-26,11:12:25 10 Aug 2020,40000
2020,President,Trump,Biden,,13,0.0177125,0.5848577,0.545025,0.454975,,0.3727352,0.9924721,0.9843731,0.5711846,49.99868,49.21315,,0.7881652,45.17061,44.40705,,0.4060867,54.79707,54.05983,,1.221551,0.7855341,-8.878748,10.39704,1,2020-06-26,11:12:25 10 Aug 2020,40000
2020,President,Trump,Biden,,12,0.2689375,3.763664,0.26665,0.73335,,0.7364523,0.9857844,0.9515445,0.9144583,47.02013,52.15142,,0.8284563,41.59858,46.70393,,0.4264489,52.44954,57.57323,,1.284763,-5.131294,-15.96206,5.726643,1,2020-06-26,11:12:25 10 Aug 2020,40000
2020,President,Trump,Biden,,11,1.25e-05,0.0038838,0.0,1.0,,,0.79055,0.0,1.0,5.893598,90.59985,,3.506552,2.112086,86.0131,,1.746256,9.975891,94.8392,,5.546958,-84.70625,-92.49503,-76.3267,1,2020-06-26,11:12:25 10 Aug 2020,40000
2020,President,Trump,Biden,,10,0.0001375,0.0410309,0.0035,0.9965,,0.9642857,0.7932012,0.0163537,0.9998419,37.18774,61.6668,,1.145462,31.99789,56.45764,,0.5859119,42.3876,66.85174,,1.783597,-24.47906,-34.84214,-14.0855,1,2020-06-26,11:12:25 10 Aug 2020,40000
2020,President,Trump,Biden,,09,0.001575,0.1358661,0.0251,0.9749,,0.8565737,0.8073136,0.1041793,0.9955727,39.26131,59.8321,,0.9065878,32.84565,53.36953,,0.4658577,45.72462,66.2362,,1.407434,-20.5708,-33.38502,-7.653858,1,2020-06-26,11:12:25 10 Aug 2020,40000
2020,President,Trump,Biden,,08,0.023825,1.160087,0.10705,0.89295,,0.8872023,0.8721933,0.4602059,0.9851686,43.41685,54.70413,,1.879026,37.61395,48.8429,,0.9507481,49.26474,60.51344,,2.945638,-11.28728,-22.87214,0.3622627,1,2020-06-26,11:12:25 10 Aug 2020,40000
2020,President,Trump,Biden,,06,0.003,0.0295581,0.003375,0.996625,,0.7703704,0.7924495,0.0125984,0.9990197,34.4342,63.68003,,1.885778,28.38675,57.5332,,0.9540845,40.56461,69.73714,,2.956369,-29.24583,-41.29021,-17.03358,1,2020-06-26,11:12:25 10 Aug 2020,40000
2020,President,Trump,Biden,,05,0.0007,0.0873923,0.89515,0.10485,,0.2294029,0.9902241,0.9950333,0.1313326,55.79073,42.58406,,1.625207,49.00493,35.91417,,0.8250846,62.49857,49.35727,,2.54277,13.20667,-0.3227882,26.53308,1,2020-06-26,11:12:25 10 Aug 2020,40000
2020,President,Trump,Biden,,04,0.05075,2.574227,0.372575,0.627425,,0.5249279,0.98195,0.9476681,0.7793308,47.88861,50.71616,,1.395227,42.08648,44.89933,,0.7107296,53.69712,56.50539,,2.178429,-2.827556,-14.36445,8.773912,1,2020-06-26,11:12:25 10 Aug 2020,40000
2020,President,Trump,Biden,,02,0.001575,0.691169,0.7928,0.2072,,0.2540363,0.9749035,0.9758934,0.2555183,53.61787,43.87878,,2.503353,45.74851,36.18606,,1.257889,61.34136,51.76114,,3.940055,9.739088,-5.959465,25.11494,1,2020-06-26,11:12:25 10 Aug 2020,40000
2020,President,Trump,Biden,,01,0.0003625,0.0231912,0.969275,0.030725,,0.2121431,0.9755899,0.9963658,0.0379166,59.19113,40.00898,,0.7998939,53.0467,33.89809,,0.4120165,65.31847,46.15374,,1.239948,19.18215,6.893888,31.43326,1,2020-06-26,11:12:25 10 Aug 2020,40000
2020,President,Trump,Biden,,27,0.0528125,2.462077,0.14365,0.85635,,0.8473721,0.8981141,0.5898244,0.972867,44.83413,53.81555,,1.350321,39.37484,48.29902,,0.6883436,50.33667,59.25374,,2.107364,-8.981417,-19.86326,2.016813,1,2020-06-26,11:12:25 10 Aug 2020,40000
2020,President,Trump,Biden,,29,0.0012125,0.0602872,0.812825,0.187175,,0.2528527,0.9953252,0.9958813,0.2356587,53.35235,45.20718,,1.440466,47.33895,39.21197,,0.7332624,59.32342,51.19231,,2.249918,8.145165,-3.844139,20.08044,1,2020-06-26,11:12:25 10 Aug 2020,40000
2020,President,Trump,Biden,,30,0.0005125,0.1399602,0.885825,0.114175,,0.2318178,0.9903657,0.9950333,0.1430333,55.17841,42.4075,,2.414085,48.31008,35.6404,,1.214178,61.99952,49.30737,,3.797557,12.77091,-0.9290886,26.32224,1,2020-06-26,11:12:25 10 Aug 2020,40000
2020,President,Trump,Biden,,42,0.1847125,4.182802,0.189525,0.810475,,0.852658,0.9417934,0.7830406,0.9655303,46.19524,53.04132,,0.7634466,41.04475,47.93239,,0.3935814,51.3141,58.19525,,1.182732,-6.846077,-17.13677,3.378052,1,2020-06-26,11:12:25 10 Aug 2020,40000
2020,President,Trump,Biden,,55,0.112525,5.248794,0.2259,0.7741,,0.7711377,0.9566916,0.8440945,0.9367845,46.23715,52.72529,,1.037561,40.59455,47.11486,,0.5317652,51.86795,58.33453,,1.613571,-6.488137,-17.72912,4.758656,1,2020-06-26,11:12:25 10 Aug 2020,40000
2020,President,Trump,Biden,,54,0.0,0.0,0.991625,0.008375,,0.2078659,0.9701493,0.9987886,0.0102777,65.13841,33.03433,,1.827252,57.53355,25.62597,,0.9251533,72.58484,40.62225,,2.863349,32.10408,16.90995,46.9264,1,2020-06-26,11:12:25 10 Aug 2020,40000
2020,President,Trump,Biden,,53,0.0019875,0.0787568,0.01155,0.98845,,0.8571429,0.7981688,0.0479709,0.9979761,36.84695,60.96183,,2.191224,30.51538,54.65337,,1.104718,43.15822,67.28381,,3.442314,-24.11487,-36.69612,-11.57202,1,2020-06-26,11:12:25 10 Aug 2020,40000
2020,President,Trump,Biden,,51,0.02025,0.6831837,0.0547,0.9453,,0.9652651,0.8343118,0.255845,0.9976282,43.25419,55.73397,,1.011832,38.29978,50.75972,,0.5188333,48.20744,60.67945,,1.57299,-12.47978,-22.3666,-2.549667,1,2020-06-26,11:12:25 10 Aug 2020,40000
2020,President,Trump,Biden,,50,0.0001625,0.0707987,0.006125,0.993875,,0.6857143,0.7935354,0.0203513,0.9976282,30.603,66.71309,,2.683916,22.53046,58.54281,,1.346159,38.70605,74.8419,,4.228742,-36.11009,-52.22921,-19.88952,1,2020-06-26,11:12:25 10 Aug 2020,40000
2020,President,Trump,Biden,,49,0.0006125,0.0728037,0.9166,0.0834,,0.2241163,0.9883093,0.9953967,0.1042629,55.60435,41.12458,,3.271062,48.84128,34.45704,,1.632108,62.29847,47.84263,,5.169273,14.47977,1.13689,27.68781,1,2020-06-26,11:12:25 10 Aug 2020,40000
2020,President,Trump,Biden,,48,0.0095125,0.1431666,0.670625,0.329375,,0.307288,0.9990133,0.9985464,0.4162292,51.37463,47.62691,,0.9984665,45.75134,42.05901,,0.5121123,56.93867,53.23647,,1.551939,3.747717,-7.467335,14.87626,1,2020-06-26,11:12:25 10 Aug 2020,40000
2020,President,Trump,Biden,,47,0.0005875,0.0322948,0.9231,0.0769,,0.2225111,0.9873212,0.9952756,0.0960407,56.85438,42.04425,,1.101371,50.27395,35.52953,,0.5638046,63.38755,48.63511,,1.71412,14.81014,1.64748,27.83146,1,2020-06-26,11:12:25 10 Aug 2020,40000
2020,President,Trump,Biden,,46,0.00035,0.1253161,0.93775,0.06225,,0.2184751,0.9751004,0.9927317,0.076782,58.88316,39.64095,,1.475882,51.03967,31.83823,,0.7508894,66.6745,47.47231,,2.30588,19.24221,3.592762,34.81441,1,2020-06-26,11:12:25 10 Aug 2020,40000
2020,President,Trump,Biden,,45,0.00095,0.0601836,0.841925,0.158075,,0.2445883,0.9971532,0.9978195,0.1993865,53.68854,45.42142,,0.8900442,48.33395,40.10264,,0.457525,59.0074,50.76691,,1.381454,8.267118,-2.415907,18.88349,1,2020-06-26,11:12:25 10 Aug 2020,40000
2020,President,Trump,Biden,,44,0.0010125,0.3105659,0.028475,0.971525,,0.7778753,0.8073647,0.1073289,0.992189,36.79189,61.78115,,1.426965,28.95138,53.84094,,0.7265401,44.7334,69.64214,,2.22859,-24.98927,-40.66824,-9.154068,1,2020-06-26,11:12:25 10 Aug 2020,40000
2020,President,Trump,Biden,,56,0.0,0.0,0.9974,0.0026,,0.2067876,0.9519231,0.9993943,0.0031307,67.83558,28.79599,,3.36843,60.52198,21.67503,,1.679358,75.05165,35.97676,,5.325377,39.03959,24.72567,53.252,1,2020-06-26,11:12:25 10 Aug 2020,40000
2020,President,Trump,Biden,,41,0.00935,0.6275097,0.083625,0.916375,,0.6887892,0.8345655,0.2791036,0.9673961,40.93436,56.69405,,2.371585,33.72287,49.42104,,1.193329,48.21646,63.9485,,3.729659,-15.75969,-30.12148,-1.245974,1,2020-06-26,11:12:25 10 Aug 2020,40000
2020,President,Trump,Biden,,39,0.0308375,0.7775428,0.4706,0.5294,,0.4347641,0.9963638,0.9913992,0.6672254,49.17166,49.81417,,1.014166,43.71307,44.35459,,0.5200065,54.62814,55.28259,,1.57667,-0.642516,-11.55147,10.26375,1,2020-06-26,11:12:25 10 Aug 2020,40000
2020,President,Trump,Biden,,38,3.75e-05,0.0165829,0.979975,0.020025,,0.2105156,0.9962547,0.9996366,0.0252356,60.12744,37.18979,,2.682771,53.2804,30.52214,,1.345599,66.88669,43.97536,,4.22691,22.93765,9.443378,36.28249,1,2020-06-26,11:12:25 10 Aug 2020,40000
2020,President,Trump,Biden,,37,0.0481625,1.365422,0.40555,0.59445,,0.4868697,0.9843974,0.9567535,0.7402125,48.63254,50.5708,,0.7966583,43.29407,45.26545,,0.4103809,53.92199,55.91833,,1.234873,-1.938261,-12.60443,8.64076,1,2020-06-26,11:12:25 10 Aug 2020,40000
2020,President,Trump,Biden,,36,0.0029,0.0534103,0.0073,0.9927,,0.7705479,0.7947769,0.0272562,0.9980077,36.24637,62.65842,,1.095215,30.20655,56.53756,,0.5607159,42.36627,68.71362,,1.70443,-26.41205,-38.51101,-14.19827,1,2020-06-26,11:12:25 10 Aug 2020,40000
2020,President,Trump,Biden,,35,0.0102875,1.794519,0.07685,0.92315,,0.8880937,0.8472891,0.3307087,0.9894061,42.29916,55.89214,,1.808702,36.24897,49.80625,,0.9159776,48.33623,61.89893,,2.833858,-13.59298,-25.61748,-1.538822,1,2020-06-26,11:12:25 10 Aug 2020,40000
2020,President,Trump,Biden,,34,0.0070625,0.2544298,0.038575,0.961425,,0.6902139,0.8099956,0.1290127,0.9850737,39.54613,59.61655,,0.8373227,32.6312,52.60889,,0.4309266,46.56713,66.54301,,1.298663,-20.07043,-33.91383,-6.033424,1,2020-06-26,11:12:25 10 Aug 2020,40000
2020,President,Trump,Biden,,33,0.0201875,3.744364,0.240775,0.759225,,0.6865331,0.9427376,0.8009691,0.9053823,45.65751,53.2788,,1.063691,38.55922,46.18393,,0.5448911,52.76619,60.37032,,1.654798,-7.621294,-21.79066,6.579512,1,2020-06-26,11:12:25 10 Aug 2020,40000
2020,President,Trump,Biden,,32,0.03635,4.245799,0.18285,0.81715,,0.794367,0.9223215,0.7038159,0.9533553,45.12642,53.15821,,1.71537,39.34253,47.35401,,0.8697728,50.92204,58.9594,,2.685771,-8.031801,-19.60191,3.538063,1,2020-06-26,11:12:25 10 Aug 2020,40000
2020,President,Trump,Biden,,31,0.0,0.0,0.974125,0.025875,,0.2118055,0.9980676,0.9997577,0.0326671,58.31077,39.85496,,1.83427,52.48022,34.12375,,0.9266067,64.06476,45.66382,,2.878304,18.45581,6.881571,29.90479,1,2020-06-26,11:12:25 10 Aug 2020,40000
2020,President,Trump,Biden,,40,5e-05,0.0053673,0.98905,0.01095,,0.2084576,0.9817352,0.9990309,0.0135981,62.48421,36.31931,,1.196479,55.98618,29.9411,,0.6114647,68.881,42.82758,,1.864114,26.16489,13.14378,38.90042,1,2020-06-26,11:12:25 10 Aug 2020,40000
2020,President,Trump,Biden,,21,8.75e-05,0.0067004,0.9756,0.0244,,0.2223247,0.9979508,0.9997695,0.031238,59.61319,39.18861,,1.1982,53.20423,32.93644,,0.6057742,65.88675,45.58894,,1.869071,20.42459,7.640646,32.92167,1,2020-06-25,11:14:55 10 Aug 2020,40000
2020,President,Trump,Biden,,17,0.0051625,0.1299639,0.01705,0.98295,,0.7917889,0.7894095,0.0622263,0.9954458,38.24953,60.2313,,1.519167,32.18871,54.08587,,0.7643231,44.39652,66.36033,,2.376966,-21.98178,-34.16051,-9.728374,1,2020-06-25,11:14:55 10 Aug 2020,40000
2020,President,Trump,Biden,,18,0.0004,0.020089,0.888925,0.111075,,0.2439745,0.9993248,0.9996543,0.142399,54.73318,43.81773,,1.449089,48.97623,38.10257,,0.7297864,60.46297,49.59002,,2.26586,10.91544,-0.5637569,22.31815,1,2020-06-25,11:14:55 10 Aug 2020,40000
2020,President,Trump,Biden,,19,0.0041625,0.3780275,0.6212,0.3788,,0.3480763,0.9978881,0.9966582,0.4849262,50.74429,47.90335,,1.352359,44.57079,41.73943,,0.6820434,56.90985,54.06178,,2.112811,2.840931,-9.440588,15.1362,1,2020-06-25,11:14:55 10 Aug 2020,40000
2020,President,Trump,Biden,,20,0.0001,0.0114072,0.91375,0.08625,,0.2374008,0.9997101,0.9998848,0.1106158,55.38844,42.81987,,1.791686,49.48553,36.97285,,0.8981854,61.23547,48.70435,,2.809886,12.56857,0.8010445,24.21612,1,2020-06-25,11:14:55 10 Aug 2020,40000
2020,President,Trump,Biden,,26,0.0490125,1.386388,0.114475,0.885525,,0.9539201,0.8745095,0.5033418,0.9934573,44.38755,54.43724,,1.175212,39.03233,49.06923,,0.5943807,49.74929,59.78732,,1.832694,-10.04969,-20.70849,0.6338806,1,2020-06-25,11:14:55 10 Aug 2020,40000
2020,President,Trump,Biden,,22,0.00195,0.1352344,0.9009,0.0991,,0.2378177,0.9727548,0.9875547,0.123669,56.87551,42.31535,,0.809137,49.62976,35.13467,,0.4122917,64.05713,49.57017,,1.255824,14.56016,0.0518055,28.9133,1,2020-06-25,11:14:55 10 Aug 2020,40000
2020,President,Trump,Biden,,23,0.00425,0.7990648,0.1661,0.8339,,0.7170379,0.8786725,0.5489744,0.9399936,43.94387,54.67935,,1.376785,36.80933,47.42681,,0.6946849,51.20609,61.80709,,2.151235,-10.73548,-25.00872,3.73201,1,2020-06-25,11:14:55 10 Aug 2020,40000
2020,President,Trump,Biden,,24,0.0004375,0.0221894,0.00225,0.99775,,0.7555556,0.7807066,0.0078359,0.9992944,35.10504,63.55105,,1.343909,29.52283,57.87736,,0.6778687,40.75606,69.14383,,2.099467,-28.44601,-39.59031,-17.15443,1,2020-06-25,11:14:55 10 Aug 2020,40000
2020,President,Trump,Biden,,25,0.000525,0.0222202,0.0068,0.9932,,0.7794118,0.7833266,0.0244296,0.9980757,33.57297,64.94643,,1.480597,26.35549,57.63015,,0.7453198,40.89747,72.19313,,2.315783,-31.37347,-45.82437,-16.73991,1,2020-06-25,11:14:55 10 Aug 2020,40000
2020,President,Trump,Biden,,15,0.0002875,0.092979,0.00745,0.99255,,0.5671141,0.7821016,0.0194745,0.9958627,29.2512,69.14415,,1.604651,20.58152,60.18117,,0.8063953,38.19705,77.82556,,2.512685,-39.89294,-57.21209,-22.03729,1,2020-06-25,11:14:55 10 Aug 2020,40000
2020,President,Trump,Biden,,16,1.25e-05,0.0021313,0.982725,0.017275,,0.2205602,0.9884226,0.9990782,0.0219051,62.04574,34.87528,,3.078977,54.38229,27.37327,,1.523649,69.64525,42.45355,,4.866104,27.17046,12.07398,42.19209,1,2020-06-25,11:14:55 10 Aug 2020,40000
2020,President,Trump,Biden,,09,0.0016875,0.146697,0.0257,0.9743,,0.8638132,0.7964949,0.1023277,0.995542,39.34427,59.74974,,0.905995,32.91912,53.24485,,0.4606141,45.85189,66.23271,,1.408174,-20.40547,-33.30333,-7.390259,1,2020-06-25,11:14:55 10 Aug 2020,40000
2020,President,Trump,Biden,,13,0.02085,0.6846533,0.548225,0.451775,,0.3890738,0.9916441,0.9831759,0.5747274,50.04296,49.16889,,0.7881539,45.2432,44.37761,,0.4017916,54.83828,53.94661,,1.222865,0.8740674,-8.685362,10.43916,1,2020-06-25,11:14:55 10 Aug 2020,40000
2020,President,Trump,Biden,,12,0.2713375,3.79479,0.280525,0.719475,,0.7390607,0.9862052,0.955635,0.910263,47.14445,52.02809,,0.827463,41.73721,46.60214,,0.4214522,52.58699,57.43268,,1.284608,-4.883644,-15.69194,5.967321,1,2020-06-25,11:14:55 10 Aug 2020,40000
2020,President,Trump,Biden,,11,0.0,0.0,5e-05,0.99995,,0.0,0.779489,0.0,0.9999359,5.898947,90.59914,,3.501909,2.092413,85.98386,,1.726952,9.999289,94.8436,,5.545393,-84.7002,-92.50185,-76.29587,1,2020-06-25,11:14:55 10 Aug 2020,40000
2020,President,Trump,Biden,,10,0.0001125,0.0341764,0.00345,0.99655,,0.942029,0.7819979,0.0149804,0.9997434,37.26902,61.58652,,1.14446,32.08571,56.35538,,0.5791305,42.48724,66.79446,,1.784208,-24.31751,-34.69317,-13.89696,1,2020-06-25,11:14:55 10 Aug 2020,40000
2020,President,Trump,Biden,,08,0.0257375,1.253171,0.1128,0.8872,,0.8911791,0.8651375,0.4633556,0.9846697,43.54993,54.57202,,1.878051,37.71461,48.67149,,0.9404746,49.42432,60.41605,,2.947122,-11.02208,-22.64837,0.6889515,1,2020-06-25,11:14:55 10 Aug 2020,40000
2020,President,Trump,Biden,,06,0.0033625,0.0336055,0.003975,0.996025,,0.7735849,0.7817073,0.0141738,0.9988454,34.53914,63.57816,,1.882695,28.47033,57.40519,,0.9427468,40.71008,69.66052,,2.954504,-29.03902,-41.15635,-16.72617,1,2020-06-25,11:14:55 10 Aug 2020,40000
2020,President,Trump,Biden,,05,0.000575,0.0714706,0.89915,0.10085,,0.2405327,0.9933069,0.9968887,0.1285119,55.94672,42.43121,,1.622073,49.15548,35.74357,,0.8149627,62.63828,49.22442,,2.540369,13.51552,-0.0723991,26.87284,1,2020-06-25,11:14:55 10 Aug 2020,40000
2020,President,Trump,Biden,,04,0.0519125,2.623858,0.3851,0.6149,,0.5312906,0.9787364,0.9430745,0.7720654,48.01057,50.59584,,1.393597,42.23546,44.78742,,0.7024076,53.82423,56.36577,,2.177993,-2.585268,-14.0937,9.034428,1,2020-06-25,11:14:55 10 Aug 2020,40000
2020,President,Trump,Biden,,02,0.0020625,0.9167421,0.799725,0.200275,,0.2638094,0.9697915,0.9724591,0.2491661,53.82226,43.67516,,2.502579,45.83749,35.81529,,1.244883,61.69209,51.63238,,3.942557,10.1471,-5.699574,25.81589,1,2020-06-25,11:14:55 10 Aug 2020,40000
2020,President,Trump,Biden,,01,0.0003375,0.023075,0.970725,0.029275,,0.2231322,0.9880444,0.9983867,0.0371071,59.30654,39.89512,,0.7983391,53.07654,33.79815,,0.4068891,65.39832,46.1291,,1.238866,19.41142,6.931473,31.5951,1,2020-06-25,11:14:55 10 Aug 2020,40000
2020,President,Trump,Biden,,29,0.0011625,0.0586018,0.820325,0.179675,,0.2638588,0.9972172,0.9976953,0.2298589,53.49805,45.06411,,1.437841,47.49883,39.11441,,0.7242392,59.48388,51.07659,,2.248043,8.433931,-3.567358,20.34395,1,2020-06-25,11:14:55 10 Aug 2020,40000
2020,President,Trump,Biden,,27,0.0528875,2.464521,0.150325,0.849675,,0.8518211,0.8917527,0.5902281,0.9720334,44.95832,53.69371,,1.347974,39.45712,48.22285,,0.6798771,50.44038,59.19218,,2.105886,-8.73539,-19.67575,2.223526,1,2020-06-25,11:14:55 10 Aug 2020,40000
2020,President,Trump,Biden,,28,0.002025,0.2396992,0.862075,0.137925,,0.2474843,0.9737176,0.9834063,0.1722899,54.98957,44.21709,,0.793344,48.57966,37.856,,0.4043894,61.35186,50.63989,,1.231018,10.77248,-2.047882,23.48052,1,2020-06-25,11:14:55 10 Aug 2020,40000
2020,President,Trump,Biden,,56,0.0,0.0,0.99735,0.00265,,0.2175014,0.990566,0.9998848,0.0033675,67.9515,28.68196,,3.366538,60.51574,21.61434,,1.662005,75.19524,35.9501,,5.327814,39.26953,24.69549,53.49204,1,2020-06-25,11:14:55 10 Aug 2020,40000
2020,President,Trump,Biden,,42,0.181375,4.105513,0.201875,0.798125,,0.8437152,0.9381989,0.7850887,0.9606158,46.30117,52.93652,,0.7623076,41.15079,47.77521,,0.388849,51.45602,58.07139,,1.182269,-6.635358,-16.92716,3.669075,1,2020-06-25,11:14:55 10 Aug 2020,40000
2020,President,Trump,Biden,,30,0.0005125,0.1474488,0.884325,0.115675,,0.2441693,0.9909229,0.9952754,0.1470494,55.13961,42.32278,,2.537611,48.1883,35.46278,,1.261879,62.07106,49.2281,,3.99853,12.81683,-0.9755535,26.48146,1,2020-06-25,11:14:55 10 Aug 2020,40000
2020,President,Trump,Biden,,55,0.1094375,5.108103,0.234575,0.765425,,0.7750186,0.9518241,0.8379811,0.9346376,46.34491,52.61963,,1.035466,40.68953,46.97588,,0.5250019,51.98937,58.26388,,1.612194,-6.274724,-17.56287,5.007931,1,2020-06-25,11:14:55 10 Aug 2020,40000
2020,President,Trump,Biden,,54,5e-05,0.0095542,0.992275,0.007725,,0.2185886,0.9935275,0.9997695,0.0098461,65.29829,32.87756,,1.824152,57.64714,25.37852,,0.9140892,72.8423,40.51924,,2.861464,32.42074,17.15941,47.41692,1,2020-06-25,11:14:55 10 Aug 2020,40000
2020,President,Trump,Biden,,53,0.00145,0.05829,0.012675,0.987325,,0.8284023,0.7873294,0.0483982,0.9972418,36.98975,60.82105,,2.189198,30.73286,54.42245,,1.092432,43.38533,67.11355,,3.442307,-23.83131,-36.35314,-11.12046,1,2020-06-25,11:14:55 10 Aug 2020,40000
2020,President,Trump,Biden,,51,0.0209375,0.7037482,0.058075,0.941925,,0.9651313,0.8254638,0.2583545,0.9974663,43.36755,55.6214,,1.011052,38.40888,50.67036,,0.5128673,48.33672,60.54923,,1.573681,-12.25384,-22.1317,-2.368811,1,2020-06-25,11:14:55 10 Aug 2020,40000
2020,President,Trump,Biden,,50,0.0001625,0.0724,0.00705,0.99295,,0.7056738,0.7829447,0.0229316,0.9973381,30.74792,66.56957,,2.682513,22.69989,58.31849,,1.33209,38.93669,74.64231,,4.230529,-35.82166,-51.93524,-19.47005,1,2020-06-25,11:14:55 10 Aug 2020,40000
2020,President,Trump,Biden,,49,0.000525,0.058705,0.91985,0.08015,,0.2347394,0.9872115,0.9952754,0.1015074,55.75108,40.98272,,3.266206,48.97808,34.27039,,1.61379,62.55003,47.72659,,5.166713,14.76836,1.387314,28.15662,1,2020-06-25,11:14:55 10 Aug 2020,40000
2020,President,Trump,Biden,,47,0.000775,0.0414128,0.92605,0.07395,,0.2336807,0.9925625,0.9974648,0.0941629,57.01466,41.88589,,1.099444,50.37867,35.35741,,0.5567886,63.53373,48.51533,,1.713141,15.12877,1.87891,28.16418,1,2020-06-25,11:14:55 10 Aug 2020,40000
2020,President,Trump,Biden,,46,0.000325,0.1206085,0.938275,0.061725,,0.2300498,0.981774,0.9949297,0.0777421,58.99107,39.53394,,1.474989,51.09659,31.81746,,0.7425557,66.7598,47.4667,,2.306896,19.45712,3.634302,34.91015,1,2020-06-25,11:14:55 10 Aug 2020,40000
2020,President,Trump,Biden,,45,0.00085,0.0544819,0.849425,0.150575,,0.2550254,0.9978416,0.998502,0.1927518,53.8126,45.29898,,0.8884251,48.47731,40.04088,,0.4518614,59.074,50.63525,,1.380495,8.513615,-2.147041,19.03586,1,2020-06-25,11:14:55 10 Aug 2020,40000
2020,President,Trump,Biden,,44,0.0011375,0.3458306,0.028575,0.971425,,0.7742782,0.7958669,0.101982,0.9918217,36.88395,61.68998,,1.426069,29.04481,53.65477,,0.7184322,44.90905,69.5551,,2.229397,-24.80603,-40.50555,-8.746868,1,2020-06-25,11:14:55 10 Aug 2020,40000
2020,President,Trump,Biden,,48,0.0092125,0.1377413,0.68175,0.31825,,0.3178585,0.9992145,0.9988477,0.4079538,51.51297,47.49044,,0.9965898,45.91161,41.87878,,0.5056781,57.14113,53.07056,,1.55088,4.022528,-7.170383,15.24897,1,2020-06-25,11:14:55 10 Aug 2020,40000
2020,President,Trump,Biden,,41,0.0087625,0.5890476,0.090025,0.909975,,0.6956401,0.8266436,0.288661,0.9650096,41.07581,56.55328,,2.370905,33.80769,49.1656,,1.180912,48.46074,63.81807,,3.732266,-15.47748,-29.95741,-0.7243576,1,2020-06-25,11:14:55 10 Aug 2020,40000
2020,President,Trump,Biden,,35,0.010325,1.808248,0.08095,0.91905,,0.8885114,0.8386649,0.331528,0.9888069,42.44601,55.74784,,1.80614,36.40591,49.67976,,0.9052669,48.53568,61.77765,,2.832846,-13.30183,-25.31208,-1.189919,1,2020-06-25,11:14:55 10 Aug 2020,40000
2020,President,Trump,Biden,,40,3.75e-05,0.0034293,0.989925,0.010075,,0.2191075,0.9950372,0.9997695,0.0128608,62.61897,36.1868,,1.19423,56.10469,29.77955,,0.6038066,69.01984,42.70424,,1.862787,26.43217,13.41358,39.2552,1,2020-06-25,11:14:55 10 Aug 2020,40000
2020,President,Trump,Biden,,32,0.0354625,4.140411,0.195775,0.804225,,0.7864896,0.9185551,0.7097257,0.9476908,45.27413,53.01176,,1.714117,39.48331,47.2052,,0.8601538,51.09612,58.80557,,2.686568,-7.737628,-19.30225,3.819036,1,2020-06-25,11:14:55 10 Aug 2020,40000
2020,President,Trump,Biden,,33,0.0204625,3.793289,0.24945,0.75055,,0.6980357,0.939611,0.8026043,0.9047146,45.81289,53.12478,,1.062338,38.73346,46.01334,,0.5383561,52.90876,60.20577,,1.654584,-7.311892,-21.46545,6.894672,1,2020-06-25,11:14:55 10 Aug 2020,40000
2020,President,Trump,Biden,,34,0.0073625,0.2688971,0.0386,0.9614,,0.7189119,0.7995111,0.1279097,0.9860808,39.57483,59.58865,,0.8365162,32.59856,52.60153,,0.4259744,46.53423,66.56238,,1.29883,-20.01383,-33.96002,-6.102938,1,2020-06-25,11:14:55 10 Aug 2020,40000
2020,President,Trump,Biden,,31,1.25e-05,0.0020687,0.97565,0.02435,,0.222339,0.9989733,0.9998848,0.0312059,58.41171,39.75559,,1.832698,52.52679,34.01991,,0.9182004,64.17628,45.61442,,2.875959,18.65612,6.982492,30.10649,1,2020-06-25,11:14:55 10 Aug 2020,40000
2020,President,Trump,Biden,,36,0.0025,0.0459951,0.007475,0.992525,,0.7591973,0.7835571,0.0261581,0.9976909,36.2658,62.64083,,1.09337,30.17809,56.50099,,0.5537727,42.42384,68.73622,,1.703553,-26.37502,-38.56853,-14.08417,1,2020-06-25,11:14:55 10 Aug 2020,40000
2020,President,Trump,Biden,,37,0.04785,1.36031,0.4169,0.5831,,0.4998801,0.9847797,0.96059,0.7366581,48.76328,50.44169,,0.795022,43.49431,45.15822,,0.4052291,54.06252,55.69714,,1.233654,-1.67841,-12.19147,8.89435,1,2020-06-25,11:14:55 10 Aug 2020,40000
2020,President,Trump,Biden,,38,2.5e-05,0.0105782,0.97945,0.02055,,0.2214253,0.9963503,0.9996543,0.0262668,60.2672,37.05534,,2.677458,53.3356,30.32814,,1.329641,67.06404,43.93274,,4.222438,23.21186,9.475382,36.61723,1,2020-06-25,11:14:55 10 Aug 2020,40000
2020,President,Trump,Biden,,39,0.028575,0.719659,0.48475,0.51525,,0.4436823,0.9962154,0.9913574,0.6584991,49.30873,49.67864,,1.012636,43.79984,44.18958,,0.5136548,54.82199,55.201,,1.57618,-0.3699124,-11.38097,10.63524,1,2020-06-25,11:14:55 10 Aug 2020,40000
2020,President,Trump,Biden,,16,0.0001125,0.0208888,0.982175,0.017825,,0.2136839,0.9747546,0.9978604,0.0220852,61.93774,34.98769,,3.07457,54.16835,27.4651,,1.527569,69.53851,42.67194,,4.857333,26.95004,11.62558,41.95774,1,2020-06-24,11:16:09 10 Aug 2020,40000
2020,President,Trump,Biden,,27,0.0586125,2.728502,0.14725,0.85275,,0.8521222,0.8975081,0.5965768,0.9728304,44.86765,53.77969,,1.352661,39.33965,48.27835,,0.6852605,50.38682,59.3159,,2.112358,-8.912034,-19.94996,2.083044,1,2020-06-24,11:16:09 10 Aug 2020,40000
2020,President,Trump,Biden,,26,0.0513625,1.452268,0.11165,0.88835,,0.9473802,0.8792143,0.5029122,0.9927865,44.33447,54.48549,,1.180037,38.90836,49.13635,,0.5995281,49.68235,59.88544,,1.839557,-10.15102,-20.98559,0.5500431,1,2020-06-24,11:16:09 10 Aug 2020,40000
2020,President,Trump,Biden,,25,0.00045,0.0190543,0.007125,0.992875,,0.7614035,0.7906584,0.0257934,0.9978392,33.5628,64.95137,,1.485831,26.32461,57.6757,,0.7511618,40.8338,72.21065,,2.323199,-31.38857,-45.861,-16.86869,1,2020-06-24,11:16:09 10 Aug 2020,40000
2020,President,Trump,Biden,,24,0.000275,0.0137893,0.0027,0.9973,,0.7592593,0.7882031,0.0097468,0.9991738,35.07075,63.58199,,1.347266,29.53427,57.99793,,0.6825856,40.64481,69.13203,,2.10382,-28.51124,-39.57529,-17.38917,1,2020-06-24,11:16:09 10 Aug 2020,40000
2020,President,Trump,Biden,,23,0.0043,0.810032,0.159925,0.840075,,0.7104893,0.881707,0.5402353,0.941498,43.7708,54.84841,,1.380795,36.55944,47.66899,,0.698992,50.97567,62.07483,,2.1558,-11.07761,-25.50458,3.248215,1,2020-06-24,11:16:09 10 Aug 2020,40000
2020,President,Trump,Biden,,22,0.0018125,0.1249378,0.897,0.103,,0.2319955,0.9776699,0.9894211,0.127999,56.81262,42.37895,,0.8084315,49.47425,35.15947,,0.4137781,64.02649,49.70156,,1.253888,14.43367,-0.2495556,28.86968,1,2020-06-24,11:16:09 10 Aug 2020,40000
2020,President,Trump,Biden,,21,7.5e-05,0.0051602,0.9743,0.0257,,0.2157959,0.9970817,0.9996434,0.0325717,59.52136,39.27511,,1.203528,53.17337,32.96966,,0.6112126,65.83237,45.63173,,1.876653,20.24625,7.563198,32.84074,1,2020-06-24,11:16:09 10 Aug 2020,40000
2020,President,Trump,Biden,,20,7.5e-05,0.008623,0.911325,0.088675,,0.2307629,0.9997181,0.9998811,0.1126823,55.30823,42.89418,,1.797588,49.37102,37.0665,,0.9049317,61.17825,48.79522,,2.817984,12.41405,0.5993996,24.06504,1,2020-06-24,11:16:09 10 Aug 2020,40000
2020,President,Trump,Biden,,19,0.004025,0.3638374,0.610075,0.389925,,0.3435233,0.9980124,0.9964341,0.4946455,50.63526,48.00751,,1.357234,44.40554,41.88344,,0.6875275,56.8297,54.20485,,2.119595,2.627748,-9.772726,14.94083,1,2020-06-24,11:16:09 10 Aug 2020,40000
2020,President,Trump,Biden,,18,0.0002375,0.0127,0.885975,0.114025,,0.2371681,0.998246,0.9990491,0.1446821,54.66892,43.87701,,1.454066,48.88835,38.15386,,0.7354577,60.42754,49.67241,,2.272865,10.79191,-0.7644958,22.25364,1,2020-06-24,11:16:09 10 Aug 2020,40000
2020,President,Trump,Biden,,17,0.0048,0.1198537,0.01675,0.98325,,0.7656717,0.7961861,0.0609771,0.9950745,38.20922,60.27325,,1.517526,32.02254,54.09344,,0.7668195,44.36234,66.47197,,2.373462,-22.06403,-34.43069,-9.738266,1,2020-06-24,11:16:09 10 Aug 2020,40000
2020,President,Trump,Biden,,28,0.001825,0.2125617,0.860875,0.139125,,0.2408886,0.9786164,0.9859741,0.1730592,54.93665,44.26641,,0.7969423,48.57116,37.89615,,0.4080052,61.31508,50.62162,,1.235834,10.67025,-2.041395,23.40546,1,2020-06-24,11:16:09 10 Aug 2020,40000
2020,President,Trump,Biden,,15,0.0003375,0.1190721,0.005975,0.994025,,0.543933,0.7887126,0.0154523,0.9965363,29.19177,69.20551,,1.602726,20.53283,60.3933,,0.8089014,38.0107,77.86681,,2.508639,-40.01374,-57.31996,-22.40064,1,2020-06-24,11:16:09 10 Aug 2020,40000
2020,President,Trump,Biden,,13,0.0181,0.5965475,0.54205,0.45795,,0.3825293,0.9931215,0.9858552,0.5780928,50.01798,49.19038,,0.7916453,45.17197,44.34243,,0.4053431,54.85411,54.00734,,1.22751,0.827606,-8.838675,10.49508,1,2020-06-24,11:16:09 10 Aug 2020,40000
2020,President,Trump,Biden,,12,0.253525,3.539002,0.276525,0.723475,,0.726155,0.9864542,0.9547129,0.9071467,47.09711,52.07225,,0.8306319,41.6331,46.6313,,0.4249249,52.56006,57.50298,,1.288785,-4.975144,-15.86456,5.90641,1,2020-06-24,11:16:09 10 Aug 2020,40000
2020,President,Trump,Biden,,11,0.0,0.0,0.0,1.0,,,0.786725,0.0,1.0,5.896296,90.60134,,3.502365,2.093922,85.92871,,1.734113,10.06611,94.87915,,5.543963,-84.70504,-92.55049,-76.23796,1,2020-06-24,11:16:09 10 Aug 2020,40000
2020,President,Trump,Biden,,10,0.0001,0.0305086,0.002775,0.997225,,0.9459459,0.7887638,0.0124807,0.9998093,37.19749,61.655,,1.147511,31.9841,56.44366,,0.5833394,42.38552,66.89024,,1.788224,-24.45752,-34.89923,-14.06859,1,2020-06-24,11:16:09 10 Aug 2020,40000
2020,President,Trump,Biden,,09,0.0020125,0.1718931,0.025975,0.974025,,0.8431184,0.8035471,0.1041246,0.9948521,39.32757,59.7641,,0.9083337,32.85157,53.2984,,0.4638931,45.7998,66.23709,,1.411046,-20.43652,-33.38834,-7.50141,1,2020-06-24,11:16:09 10 Aug 2020,40000
2020,President,Trump,Biden,,08,0.02685,1.313145,0.1099,0.8901,,0.8864877,0.8702674,0.4632117,0.9846198,43.48543,54.63251,,1.882055,37.61126,48.75664,,0.9464302,49.33239,60.48493,,2.95239,-11.14708,-22.79567,0.5199127,1,2020-06-24,11:16:09 10 Aug 2020,40000
2020,President,Trump,Biden,,06,0.002425,0.0241092,0.004375,0.995625,,0.7428572,0.7890521,0.0154523,0.99857,34.49098,63.61949,,1.889531,28.43065,57.5146,,0.9500996,40.59971,69.69518,,2.964283,-29.12851,-41.23203,-16.98001,1,2020-06-24,11:16:09 10 Aug 2020,40000
2020,President,Trump,Biden,,05,0.00035,0.0445532,0.897325,0.102675,,0.2334996,0.9922084,0.9961964,0.1294925,55.87278,42.49734,,1.629884,49.09087,35.79845,,0.8223033,62.60248,49.27225,,2.5517,13.37544,-0.1486797,26.75116,1,2020-06-24,11:16:09 10 Aug 2020,40000
2020,President,Trump,Biden,,04,0.0482125,2.438986,0.382575,0.617425,,0.5194407,0.9804835,0.9448473,0.7694874,47.96275,50.6388,,1.39845,42.13331,44.84424,,0.707945,53.74828,56.48014,,2.184808,-2.676051,-14.32223,8.90167,1,2020-06-24,11:16:09 10 Aug 2020,40000
2020,President,Trump,Biden,,02,0.001775,0.8116543,0.796075,0.203925,,0.2568539,0.9709452,0.9721859,0.2516763,53.68321,43.81858,,2.498215,45.74176,35.9783,,1.247718,61.51574,51.71854,,3.934866,9.864631,-5.919909,25.47857,1,2020-06-24,11:16:09 10 Aug 2020,40000
2020,President,Trump,Biden,,01,0.0003,0.0202383,0.971725,0.028275,,0.2159304,0.9823166,0.9976227,0.0353046,59.23154,39.96664,,0.8018228,53.11699,33.84552,,0.4104578,65.35037,46.08274,,1.243503,19.26491,7.039122,31.49078,1,2020-06-24,11:16:09 10 Aug 2020,40000
2020,President,Trump,Biden,,29,0.001125,0.0570677,0.8149,0.1851,,0.2574856,0.9970286,0.9976227,0.2345801,53.41462,45.14166,,1.443725,47.39726,39.16906,,0.7303456,59.39809,51.14678,,2.256489,8.272955,-3.672867,20.20596,1,2020-06-24,11:16:09 10 Aug 2020,40000
2020,President,Trump,Biden,,35,0.011325,1.974718,0.078175,0.921825,,0.8947873,0.8448458,0.3325805,0.9899266,42.37939,55.80892,,1.811689,36.3106,49.73676,,0.9118693,48.47427,61.87024,,2.840391,-13.42954,-25.53763,-1.263124,1,2020-06-24,11:16:09 10 Aug 2020,40000
2020,President,Trump,Biden,,30,0.0004875,0.1360824,0.878625,0.121375,,0.2378717,0.9890834,0.9937002,0.1525946,54.98632,42.46546,,2.548223,48.03464,35.65359,,1.272066,61.81824,49.40339,,4.014675,12.52086,-1.323069,26.10036,1,2020-06-24,11:16:09 10 Aug 2020,40000
2020,President,Trump,Biden,,44,0.0010125,0.3001796,0.0266,0.9734,,0.7650376,0.8018543,0.096755,0.9921193,36.81481,61.76096,,1.424232,28.97125,53.81949,,0.7207033,44.74698,69.61674,,2.225624,-24.94615,-40.63829,-9.06406,1,2020-06-24,11:16:09 10 Aug 2020,40000
2020,President,Trump,Biden,,31,1.25e-05,0.0023017,0.972925,0.027075,,0.2161266,0.9981533,0.9997623,0.0343513,58.30032,39.86754,,1.832144,52.36699,34.04848,,0.9220631,64.13129,45.73624,,2.87265,18.43277,6.687342,30.04346,1,2020-06-24,11:16:09 10 Aug 2020,40000
2020,President,Trump,Biden,,55,0.10105,4.715079,0.1984,0.8016,,0.828377,0.9404317,0.7814097,0.9582129,45.78807,53.17896,,1.03298,40.11549,47.5223,,0.5262418,51.40755,58.86511,,1.607441,-7.390889,-18.73452,3.853521,1,2020-06-24,11:16:09 10 Aug 2020,40000
2020,President,Trump,Biden,,54,7.5e-05,0.0146718,0.991075,0.008925,,0.211992,0.9747899,0.9989302,0.0110585,65.1595,33.00972,,1.830785,57.49358,25.56936,,0.9212545,72.63078,40.63847,,2.870766,32.14978,16.93167,47.01767,1,2020-06-24,11:16:09 10 Aug 2020,40000
2020,President,Trump,Biden,,53,0.001475,0.0592425,0.01195,0.98805,,0.8200837,0.7940894,0.0465946,0.997299,36.89455,60.91107,,2.194383,30.63959,54.56133,,1.099469,43.17487,67.19566,,3.449827,-24.01653,-36.46987,-11.43256,1,2020-06-24,11:16:09 10 Aug 2020,40000
2020,President,Trump,Biden,,51,0.022675,0.7672473,0.05815,0.94185,,0.9617369,0.8329883,0.265898,0.9972354,43.32125,55.66498,,1.013771,38.33834,50.66343,,0.5166507,48.32462,60.65981,,1.57715,-12.34373,-22.28547,-2.368151,1,2020-06-24,11:16:09 10 Aug 2020,40000
2020,President,Trump,Biden,,50,0.000175,0.078222,0.00625,0.99375,,0.712,0.7898868,0.0211577,0.9977438,30.57195,66.74915,,2.678892,22.54712,58.52481,,1.335614,38.74339,74.89479,,4.223313,-36.1772,-52.27967,-19.84374,1,2020-06-24,11:16:09 10 Aug 2020,40000
2020,President,Trump,Biden,,49,0.0009,0.1030597,0.9145,0.0855,,0.2289776,0.9891813,0.9956021,0.1075026,55.66814,41.05465,,3.277207,48.78223,34.37872,,1.625548,62.41056,47.89841,,5.182444,14.6135,0.9794083,27.89863,1,2020-06-24,11:16:09 10 Aug 2020,40000
2020,President,Trump,Biden,,47,0.0005375,0.0287887,0.927075,0.072925,,0.2262492,0.9917724,0.9972661,0.0919317,56.94948,41.94656,,1.103957,50.33292,35.45733,,0.5616438,63.4649,48.55064,,1.719435,15.00292,1.82881,28.00424,1,2020-06-24,11:16:09 10 Aug 2020,40000
2020,President,Trump,Biden,,46,0.000275,0.1009313,0.936975,0.063025,,0.2228715,0.9754066,0.9928682,0.0781404,58.89721,39.62975,,1.473039,51.00713,31.86994,,0.7448411,66.6913,47.51991,,2.302916,19.26747,3.547577,34.78207,1,2020-06-24,11:16:09 10 Aug 2020,40000
2020,President,Trump,Biden,,45,0.000975,0.0622116,0.844625,0.155375,,0.2484535,0.9969429,0.9977416,0.1968922,53.74274,45.36503,,0.8922324,48.38598,40.08704,,0.4558218,59.05262,50.71865,,1.385686,8.377707,-2.31654,18.94834,1,2020-06-24,11:16:09 10 Aug 2020,40000
2020,President,Trump,Biden,,48,0.0099375,0.1489403,0.674675,0.325325,,0.311298,0.999001,0.9985737,0.413105,51.41997,47.5833,,0.9967271,45.80993,41.97577,,0.5081361,57.05347,53.196,,1.550279,3.836668,-7.363625,15.06172,1,2020-06-24,11:16:09 10 Aug 2020,40000
2020,President,Trump,Biden,,42,0.2029,4.59042,0.1995,0.8005,,0.8487469,0.94594,0.8050636,0.9625028,46.25254,52.98214,,0.7653272,41.077,47.82364,,0.3921097,51.40676,58.1408,,1.186169,-6.729602,-17.05911,3.594074,1,2020-06-24,11:16:09 10 Aug 2020,40000
2020,President,Trump,Biden,,40,0.0001125,0.0124677,0.98935,0.01065,,0.2123616,0.9788733,0.9989302,0.0132511,62.55504,36.24571,,1.199249,56.02403,29.81131,,0.6090848,69.01125,42.78438,,1.869896,26.30932,13.27242,39.18803,1,2020-06-24,11:16:09 10 Aug 2020,40000
2020,President,Trump,Biden,,39,0.02745,0.6860666,0.478775,0.521225,,0.4363219,0.9972181,0.9932248,0.660682,49.23755,49.74618,,1.01627,43.70438,44.24341,,0.5178984,54.71027,55.26681,,1.58109,-0.5086349,-11.49719,10.45063,1,2020-06-24,11:16:09 10 Aug 2020,40000
2020,President,Trump,Biden,,38,1.25e-05,0.0056827,0.9787,0.0213,,0.2147492,0.9929578,0.9992868,0.0268836,60.11195,37.19958,,2.688466,53.16579,30.46228,,1.340266,66.92296,44.07621,,4.238605,22.91236,9.189108,36.37687,1,2020-06-24,11:16:09 10 Aug 2020,40000
2020,President,Trump,Biden,,37,0.0465125,1.322164,0.410325,0.589675,,0.4955218,0.9872811,0.9667182,0.7399981,48.68095,50.5229,,0.7961597,43.35112,45.20596,,0.407612,53.9817,55.83589,,1.234604,-1.84195,-12.47137,8.764618,1,2020-06-24,11:16:09 10 Aug 2020,40000
2020,President,Trump,Biden,,36,0.0024,0.0442727,0.006,0.994,,0.75,0.7899648,0.0213955,0.9980934,35.95078,62.96433,,1.084891,29.95234,56.8877,,0.5521397,42.01255,68.96472,,1.689334,-27.01356,-38.99612,-14.86434,1,2020-06-24,11:16:09 10 Aug 2020,40000
2020,President,Trump,Biden,,56,8.75e-05,0.0520383,0.996675,0.003325,,0.2108511,0.9473684,0.999168,0.0040039,67.81424,28.82337,,3.362392,60.37943,21.70216,,1.666683,75.05403,36.10787,,5.319222,38.99087,24.41789,53.21951,1,2020-06-24,11:16:09 10 Aug 2020,40000
2020,President,Trump,Biden,,34,0.0068125,0.2471564,0.038925,0.961075,,0.701991,0.8066488,0.129918,0.9854142,39.5929,59.56796,,0.8391433,32.68834,52.64268,,0.4291952,46.49699,66.47256,,1.302168,-19.97506,-33.77726,-6.166008,1,2020-06-24,11:16:09 10 Aug 2020,40000
2020,President,Trump,Biden,,33,0.0227125,4.208302,0.245875,0.754125,,0.6915099,0.9443063,0.8083917,0.9051765,45.69177,53.24277,,1.065459,38.58585,46.17982,,0.5424491,52.77922,60.35252,,1.658672,-7.550992,-21.75847,6.554733,1,2020-06-24,11:16:09 10 Aug 2020,40000
2020,President,Trump,Biden,,41,0.008975,0.6085393,0.08175,0.91825,,0.7100918,0.8312279,0.2760014,0.9701929,40.92978,56.70358,,2.366651,33.71275,49.45536,,1.183587,48.16498,63.93197,,3.724524,-15.7738,-30.13173,-1.423882,1,2020-06-24,11:16:09 10 Aug 2020,40000
2020,President,Trump,Biden,,32,0.0375625,4.372102,0.189275,0.810725,,0.7947431,0.9238336,0.7152027,0.9520163,45.2065,53.07505,,1.718447,39.36517,47.26682,,0.8659667,51.05552,58.9352,,2.692215,-7.868558,-19.5282,3.763464,1,2020-06-24,11:16:09 10 Aug 2020,40000
2020,President,Trump,Biden,,22,0.0014375,0.0989451,0.897275,0.102725,,0.2391686,0.9749331,0.9884846,0.1283851,56.83705,42.33998,,0.8229676,49.47703,34.9978,,0.4199822,64.15208,49.68702,,1.278022,14.49707,-0.209898,29.15164,1,2020-06-23,11:16:41 10 Aug 2020,40000
2020,President,Trump,Biden,,18,0.0004,0.0205037,0.88485,0.11515,,0.245098,0.998046,0.9989636,0.1473256,54.6982,43.83386,,1.46794,48.86794,38.07354,,0.7399901,60.47899,49.64019,,2.297432,10.86434,-0.7593594,22.36007,1,2020-06-23,11:16:41 10 Aug 2020,40000
2020,President,Trump,Biden,,19,0.0045875,0.4140912,0.61545,0.38455,,0.3518157,0.9985048,0.9973515,0.4922283,50.70724,47.92414,,1.368616,44.48759,41.714,,0.6910088,56.95801,54.13784,,2.139971,2.783098,-9.622957,15.16527,1,2020-06-23,11:16:41 10 Aug 2020,40000
2020,President,Trump,Biden,,20,0.0002,0.0224052,0.910325,0.089675,,0.2384313,0.9994425,0.9997697,0.1148928,55.35435,42.83082,,1.814829,49.33713,36.91016,,0.9105125,61.2739,48.785,,2.848248,12.52353,0.6315289,24.30912,1,2020-06-23,11:16:41 10 Aug 2020,40000
2020,President,Trump,Biden,,21,0.0001,0.006991,0.97305,0.02695,,0.2229844,0.9953618,0.9994242,0.0343877,59.57779,39.21177,,1.210447,53.12016,32.77108,,0.6127887,65.98574,45.65924,,1.889391,20.36602,7.455769,33.23347,1,2020-06-23,11:16:41 10 Aug 2020,40000
2020,President,Trump,Biden,,26,0.0532625,1.503843,0.119475,0.880525,,0.950408,0.8792482,0.5230309,0.9924687,44.41455,54.39767,,1.18778,38.97679,48.91273,,0.6015462,49.86239,59.82137,,1.85351,-9.98313,-20.83298,0.9253597,1,2020-06-23,11:16:41 10 Aug 2020,40000
2020,President,Trump,Biden,,23,0.004225,0.7896423,0.167475,0.832525,,0.729064,0.8827363,0.5624136,0.9420889,43.86773,54.73849,,1.393778,36.5966,47.4258,,0.7036966,51.19414,62.03268,,2.180207,-10.87076,-25.37104,3.784313,1,2020-06-23,11:16:41 10 Aug 2020,40000
2020,President,Trump,Biden,,24,0.0004625,0.0238545,0.00295,0.99705,,0.7881356,0.7817562,0.0107094,0.9991988,35.10787,63.52995,,1.362178,29.40289,57.75574,,0.6878312,40.8593,69.22758,,2.129759,-28.42208,-39.78887,-16.9533,1,2020-06-23,11:16:41 10 Aug 2020,40000
2020,President,Trump,Biden,,25,0.0005375,0.0225469,0.007175,0.992825,,0.7839721,0.7842016,0.0259097,0.9980771,33.61603,64.88346,,1.50051,26.39132,57.4804,,0.7560447,41.02427,72.14589,,2.349055,-31.26743,-45.75883,-16.48823,1,2020-06-23,11:16:41 10 Aug 2020,40000
2020,President,Trump,Biden,,16,2.5e-05,0.0045646,0.9814,0.0186,,0.2208834,0.9825269,0.998503,0.0234272,61.95349,34.90494,,3.141565,54.19728,27.29792,,1.554654,69.62398,42.59286,,4.971413,27.04855,11.74994,42.21968,1,2020-06-23,11:16:41 10 Aug 2020,40000
2020,President,Trump,Biden,,17,0.0051625,0.1313081,0.017725,0.982275,,0.7983075,0.7905373,0.0651773,0.9954491,38.24112,60.21156,,1.547315,32.01044,53.90673,,0.7790992,44.53198,66.41306,,2.423334,-21.97044,-34.39898,-9.395555,1,2020-06-23,11:16:41 10 Aug 2020,40000
2020,President,Trump,Biden,,01,0.0002375,0.0151827,0.9695,0.0305,,0.2232852,0.9795082,0.9971212,0.0382976,59.2695,39.92386,,0.8066417,53.07341,33.81428,,0.4118187,65.389,46.12056,,1.252307,19.34563,6.952065,31.58098,1,2020-06-23,11:16:41 10 Aug 2020,40000
2020,President,Trump,Biden,,15,0.0003625,0.1161212,0.0072,0.9928,,0.5416667,0.7824084,0.0179641,0.9957696,29.21468,69.1503,,1.635023,20.49349,60.12178,,0.8222503,38.20698,77.8756,,2.562621,-39.93562,-57.33788,-21.93087,1,2020-06-23,11:16:41 10 Aug 2020,40000
2020,President,Trump,Biden,,13,0.0198625,0.6577133,0.548275,0.451725,,0.3904519,0.9930267,0.9860663,0.5750409,50.06498,49.13903,,0.7959858,45.13453,44.23629,,0.4064846,54.96008,54.06647,,1.235528,0.9259551,-8.923763,10.69638,1,2020-06-23,11:16:41 10 Aug 2020,40000
2020,President,Trump,Biden,,12,0.2562875,3.581359,0.283525,0.716475,,0.732916,0.9864964,0.9571626,0.9060667,47.1692,51.99408,,0.836718,41.63098,46.5007,,0.4268533,52.66721,57.51352,,1.299686,-4.824883,-15.86882,6.158445,1,2020-06-23,11:16:41 10 Aug 2020,40000
2020,President,Trump,Biden,,11,0.0,0.0,2.5e-05,0.999975,,1.0,0.7800945,0.0001152,1.0,5.885028,90.55673,,3.558237,2.08246,85.85564,,1.754616,9.962071,94.84719,,5.640692,-84.67171,-92.49182,-76.27151,1,2020-06-23,11:16:41 10 Aug 2020,40000
2020,President,Trump,Biden,,10,0.0002375,0.0718327,0.0035,0.9965,,0.95,0.7826393,0.0153155,0.9997756,37.2634,61.57472,,1.161886,32.01921,56.21581,,0.588697,42.59176,66.84332,,1.812601,-24.31132,-34.84117,-13.65538,1,2020-06-23,11:16:41 10 Aug 2020,40000
2020,President,Trump,Biden,,09,0.0018375,0.159035,0.02735,0.97265,,0.8628885,0.7982317,0.1087057,0.9952889,39.36893,59.71064,,0.9204373,32.87637,53.13037,,0.4686149,45.95419,66.19841,,1.431591,-20.34171,-33.32943,-7.172132,1,2020-06-23,11:16:41 10 Aug 2020,40000
2020,President,Trump,Biden,,08,0.02725,1.327598,0.116525,0.883475,,0.8920832,0.8690681,0.4788116,0.9842643,43.54473,54.54482,,1.910452,37.66619,48.58396,,0.9573311,49.48738,60.44584,,3.000361,-11.00009,-22.71374,0.8613262,1,2020-06-23,11:16:41 10 Aug 2020,40000
2020,President,Trump,Biden,,06,0.003475,0.0347328,0.00425,0.99575,,0.7764706,0.7824504,0.0152004,0.9987822,34.54141,63.55224,,1.906345,28.42139,57.32388,,0.9553226,40.75479,69.66675,,2.993824,-29.01083,-41.16093,-16.65035,1,2020-06-23,11:16:41 10 Aug 2020,40000
2020,President,Trump,Biden,,05,0.0005875,0.0738619,0.89495,0.10505,,0.2413543,0.9895288,0.9949332,0.1332564,55.93532,42.42652,,1.63816,49.01476,35.62688,,0.8237925,62.72895,49.33504,,2.567605,13.5088,-0.2952614,27.06312,1,2020-06-23,11:16:41 10 Aug 2020,40000
2020,President,Trump,Biden,,04,0.044475,2.245572,0.387025,0.612975,,0.5312318,0.9800155,0.947029,0.7700862,48.02259,50.56616,,1.411246,42.17207,44.64437,,0.7120403,53.93273,56.43124,,2.207544,-2.543566,-14.24942,9.236359,1,2020-06-23,11:16:41 10 Aug 2020,40000
2020,President,Trump,Biden,,02,0.0018875,0.8553957,0.793575,0.206425,,0.2658854,0.9702071,0.9719024,0.2567381,53.70538,43.73957,,2.555052,45.65865,35.79549,,1.271121,61.60456,51.77356,,4.029917,9.965812,-5.956532,25.74666,1,2020-06-23,11:16:41 10 Aug 2020,40000
2020,President,Trump,Biden,,28,0.0015,0.1752757,0.85785,0.14215,,0.2486449,0.9729159,0.9824966,0.1772906,54.97204,44.22662,,0.8013335,48.44692,37.85194,,0.4091618,61.37931,50.74996,,1.243948,10.74542,-2.32346,23.51738,1,2020-06-23,11:16:41 10 Aug 2020,40000
2020,President,Trump,Biden,,27,0.0567,2.638644,0.155725,0.844275,,0.8534275,0.8978413,0.6121603,0.9717335,44.93663,53.69951,,1.363858,39.37726,48.10499,,0.6886604,50.53958,59.25011,,2.132423,-8.762881,-19.87333,2.402115,1,2020-06-23,11:16:41 10 Aug 2020,40000
2020,President,Trump,Biden,,35,0.0115375,2.001343,0.08295,0.91705,,0.8921037,0.8410119,0.3408568,0.988687,42.44744,55.72191,,1.830652,36.37608,49.59348,,0.9182671,48.56198,61.83679,,2.873398,-13.27447,-25.41712,-1.097506,1,2020-06-23,11:16:41 10 Aug 2020,40000
2020,President,Trump,Biden,,29,0.0012375,0.0611025,0.81765,0.18235,,0.264294,0.994516,0.9953938,0.2324777,53.47572,45.07076,,1.453525,47.38734,39.0555,,0.7328815,59.52314,51.15089,,2.27459,8.404966,-3.735397,20.43273,1,2020-06-23,11:16:41 10 Aug 2020,40000
2020,President,Trump,Biden,,44,0.00115,0.343173,0.0301,0.9699,,0.7948505,0.7980204,0.1102027,0.9922123,36.8979,61.64888,,1.453223,28.95625,53.56709,,0.732733,44.96303,69.6249,,2.274112,-24.75099,-40.65301,-8.632549,1,2020-06-23,11:16:41 10 Aug 2020,40000
2020,President,Trump,Biden,,56,0.0,0.0,0.996875,0.003125,,0.2176802,0.968,0.9995394,0.0038778,67.82796,28.7386,,3.433436,60.28529,21.45744,,1.694838,75.23028,36.1578,,5.439867,39.08936,24.28771,53.6203,1,2020-06-23,11:16:41 10 Aug 2020,40000
2020,President,Trump,Biden,,55,0.101025,4.71107,0.20615,0.79385,,0.8288867,0.9395981,0.7870797,0.9561901,45.87259,53.08829,,1.039118,40.17405,47.33977,,0.5276984,51.62212,58.79218,,1.618812,-7.215705,-18.61845,4.280079,1,2020-06-23,11:16:41 10 Aug 2020,40000
2020,President,Trump,Biden,,54,7.5e-05,0.0146359,0.99105,0.00895,,0.2189597,0.9888268,0.9995394,0.0113451,65.23508,32.91884,,1.846087,57.53759,25.35991,,0.9258299,72.81625,40.64482,,2.897944,32.31624,16.93744,47.4351,1,2020-06-23,11:16:41 10 Aug 2020,40000
2020,President,Trump,Biden,,53,0.0014125,0.0551811,0.0129,0.9871,,0.8682171,0.7885473,0.0515891,0.9978207,36.96566,60.81036,,2.223978,30.65837,54.32554,,1.110286,43.43343,67.12624,,3.500393,-23.8447,-36.44672,-10.93446,1,2020-06-23,11:16:41 10 Aug 2020,40000
2020,President,Trump,Biden,,51,0.0217,0.729955,0.062875,0.937125,,0.9586481,0.8297185,0.277637,0.9967631,43.35086,55.62236,,1.026769,38.28909,50.545,,0.5215617,48.41823,60.68982,,1.599319,-12.2715,-22.38065,-2.172337,1,2020-06-23,11:16:41 10 Aug 2020,40000
2020,President,Trump,Biden,,50,0.0001375,0.0585022,0.007075,0.992925,,0.7031802,0.7835436,0.0229157,0.99734,30.69119,66.57281,,2.735996,22.52575,58.11234,,1.358797,39.09309,74.86327,,4.319791,-35.88163,-52.24663,-19.09799,1,2020-06-23,11:16:41 10 Aug 2020,40000
2020,President,Trump,Biden,,30,0.0004375,0.1230425,0.88365,0.11635,,0.2443841,0.990116,0.9947029,0.1476781,55.06637,42.36846,,2.565177,48.14449,35.47216,,1.276032,61.96855,49.2818,,4.046128,12.69791,-1.047937,26.41265,1,2020-06-23,11:16:41 10 Aug 2020,40000
2020,President,Trump,Biden,,48,0.0105,0.158731,0.675725,0.324275,,0.3203966,0.9980726,0.9972363,0.414896,51.47314,47.5213,,1.005558,45.78929,41.85273,,0.5110161,57.12873,53.21504,,1.56582,3.951841,-7.402298,15.26192,1,2020-06-23,11:16:41 10 Aug 2020,40000
2020,President,Trump,Biden,,47,0.0007375,0.0411359,0.923225,0.076775,,0.2343957,0.9908825,0.9967757,0.0975227,56.9748,41.91343,,1.111775,50.28304,35.27747,,0.5638099,63.63522,48.58598,,1.733467,15.06136,1.700819,28.33118,1,2020-06-23,11:16:41 10 Aug 2020,40000
2020,President,Trump,Biden,,46,0.0004375,0.1604286,0.934725,0.065275,,0.2304956,0.9743393,0.9923998,0.0815306,58.9096,39.58712,,1.503274,50.92645,31.70379,,0.7574066,66.80745,47.58003,,2.353438,19.32248,3.364843,35.06475,1,2020-06-23,11:16:41 10 Aug 2020,40000
2020,President,Trump,Biden,,45,0.000625,0.0402715,0.8448,0.1552,,0.2564512,0.9969394,0.9979272,0.1983463,53.79103,45.31086,,0.8981081,48.37755,39.93087,,0.4574867,59.1744,50.72123,,1.396423,8.480168,-2.315762,19.24641,1,2020-06-23,11:16:41 10 Aug 2020,40000
2020,President,Trump,Biden,,49,0.000875,0.1003259,0.9172,0.0828,,0.2354448,0.9858092,0.9947029,0.1046374,55.7177,40.97108,,3.311221,48.8457,34.20042,,1.636219,62.54956,47.78648,,5.243537,14.74662,1.235464,28.12166,1,2020-06-23,11:16:41 10 Aug 2020,40000
2020,President,Trump,Biden,,42,0.2007625,4.54889,0.204525,0.795475,,0.8517296,0.9437129,0.8023952,0.9623433,46.3202,52.90977,,0.7700263,41.11452,47.68752,,0.393482,51.54805,58.1019,,1.194662,-6.589576,-16.96947,3.850481,1,2020-06-23,11:16:41 10 Aug 2020,40000
2020,President,Trump,Biden,,40,2.5e-05,0.0029847,0.987925,0.012075,,0.2196523,0.9917184,0.9995394,0.0153511,62.58364,36.20935,,1.207008,55.95769,29.71739,,0.6110834,69.11005,42.8446,,1.883946,26.37428,13.1438,39.3827,1,2020-06-23,11:16:41 10 Aug 2020,40000
2020,President,Trump,Biden,,39,0.02725,0.6818398,0.48295,0.51705,,0.4457501,0.996422,0.9915937,0.6604493,49.29919,49.67591,,1.024902,43.76186,44.08578,,0.5206333,54.89573,55.2146,,1.596368,-0.376722,-11.42146,10.78126,1,2020-06-23,11:16:41 10 Aug 2020,40000
2020,President,Trump,Biden,,38,2.5e-05,0.0105601,0.9781,0.0219,,0.2218331,0.9942923,0.9994242,0.027914,60.18594,37.10786,,2.706196,53.22874,30.29508,,1.34437,67.09932,44.01266,,4.272025,23.07808,9.327148,36.72955,1,2020-06-23,11:16:41 10 Aug 2020,40000
2020,President,Trump,Biden,,37,0.0470375,1.3396,0.416125,0.583875,,0.5023731,0.9855705,0.9629203,0.7376855,48.73782,50.4631,,0.7990804,43.33552,45.05196,,0.4080338,54.1763,55.85633,,1.2404,-1.725292,-12.49962,9.114895,1,2020-06-23,11:16:41 10 Aug 2020,40000
2020,President,Trump,Biden,,36,0.0017875,0.0337378,0.006275,0.993725,,0.7848606,0.7836675,0.0226854,0.9983014,35.98881,62.91389,,1.097306,29.90881,56.72829,,0.5566188,42.19263,69.00569,,1.710625,-26.92508,-39.09605,-14.53568,1,2020-06-23,11:16:41 10 Aug 2020,40000
2020,President,Trump,Biden,,34,0.0074625,0.2707801,0.04025,0.95975,,0.7136646,0.8009117,0.1323123,0.985386,39.645,59.50611,,0.848884,32.75204,52.5303,,0.4329287,46.64614,66.42299,,1.318849,-19.86111,-33.65375,-5.882133,1,2020-06-23,11:16:41 10 Aug 2020,40000
2020,President,Trump,Biden,,33,0.0224875,4.182896,0.253375,0.746625,,0.696004,0.9430772,0.8122985,0.9026375,45.79317,53.13145,,1.075386,38.60222,45.90996,,0.5457227,53.02684,60.33375,,1.676031,-7.338283,-21.67044,7.105558,1,2020-06-23,11:16:41 10 Aug 2020,40000
2020,President,Trump,Biden,,32,0.0375,4.355251,0.19325,0.80675,,0.8021992,0.9203904,0.7140719,0.9518636,45.24802,53.01019,,1.741795,39.38284,47.1235,,0.8746938,51.13632,58.88993,,2.732209,-7.762166,-19.4984,3.991411,1,2020-06-23,11:16:41 10 Aug 2020,40000
2020,President,Trump,Biden,,31,0.0,0.0,0.97285,0.02715,,0.2230046,0.9944751,0.9993091,0.0346121,58.35481,39.77908,,1.866109,52.43008,33.88711,,0.9339364,64.28375,45.69695,,2.928069,18.57573,6.831406,30.37512,1,2020-06-23,11:16:41 10 Aug 2020,40000
2020,President,Trump,Biden,,41,0.0086125,0.5809906,0.0884,0.9116,,0.7013575,0.8268703,0.2855827,0.9662853,41.01541,56.56378,,2.42081,33.74364,49.17297,,1.205984,48.37115,63.86098,,3.814928,-15.54836,-30.01775,-0.8698483,1,2020-06-23,11:16:41 10 Aug 2020,40000
2020,President,Trump,Biden,,21,0.000175,0.0129251,0.97325,0.02675,,0.2211919,0.9953271,0.9994197,0.0340647,59.54304,39.2463,,1.210661,53.09122,32.90945,,0.615202,65.88658,45.68626,,1.890628,20.29674,7.436897,32.96676,1,2020-06-22,11:15:47 10 Aug 2020,40000
2020,President,Trump,Biden,,17,0.0059,0.1496699,0.0175,0.9825,,0.7885714,0.7917812,0.0640668,0.9952981,38.16251,60.30365,,1.53384,31.99612,54.063,,0.7756174,44.39415,66.52684,,2.402632,-22.14114,-34.49705,-9.692289,1,2020-06-22,11:15:47 10 Aug 2020,40000
2020,President,Trump,Biden,,18,0.0003125,0.0158041,0.88315,0.11685,,0.2437015,0.9985024,0.9991875,0.1492771,54.66371,43.87152,,1.464775,48.78289,38.08685,,0.7413863,60.47509,49.71787,,2.292977,10.79219,-0.8889179,22.34008,1,2020-06-22,11:15:47 10 Aug 2020,40000
2020,President,Trump,Biden,,19,0.00365,0.32793,0.616375,0.383625,,0.3485703,0.9985663,0.9974466,0.4901164,50.67382,47.96039,,1.365789,44.40269,41.74852,,0.6922711,56.88083,54.22221,,2.136055,2.713435,-9.797045,15.10943,1,2020-06-22,11:15:47 10 Aug 2020,40000
2020,President,Trump,Biden,,20,8.75e-05,0.0097675,0.908775,0.091225,,0.2369398,0.9991779,0.9996518,0.1166198,55.30413,42.88634,,1.809531,49.32482,36.96781,,0.9118719,61.22154,48.85115,,2.840775,12.41778,0.5269642,24.18941,1,2020-06-22,11:15:47 10 Aug 2020,40000
2020,President,Trump,Biden,,15,0.000225,0.0741634,0.006625,0.993375,,0.5584906,0.7838933,0.0171773,0.9962897,29.08785,69.29181,,1.62034,20.42319,60.34816,,0.8184488,38.00545,77.95473,,2.539938,-40.20396,-57.5031,-22.3663,1,2020-06-22,11:15:47 10 Aug 2020,40000
2020,President,Trump,Biden,,22,0.00205,0.1406627,0.89755,0.10245,,0.2368949,0.9729136,0.987117,0.1275269,56.81784,42.36562,,0.8165396,49.49976,35.15461,,0.4181739,64.01503,49.6731,,1.268584,14.45221,-0.1744499,28.86239,1,2020-06-22,11:15:47 10 Aug 2020,40000
2020,President,Trump,Biden,,23,0.0040125,0.761595,0.164525,0.835475,,0.7187358,0.880547,0.5489786,0.9412423,43.80356,54.80859,,1.387853,36.47498,47.4995,,0.7034539,51.07548,62.12416,,2.171596,-11.00503,-25.59983,3.538378,1,2020-06-22,11:15:47 10 Aug 2020,40000
2020,President,Trump,Biden,,24,0.00045,0.0224236,0.002725,0.997275,,0.7614679,0.7830839,0.0096332,0.9991684,35.02568,63.61823,,1.356096,29.41771,57.95506,,0.6874624,40.64819,69.24158,,2.120711,-28.59254,-39.81344,-17.32014,1,2020-06-22,11:15:47 10 Aug 2020,40000
2020,President,Trump,Biden,,25,0.000925,0.0386898,0.007625,0.992375,,0.7836065,0.7859428,0.0277391,0.9978889,33.58164,64.92468,,1.493679,26.33144,57.54552,,0.7557169,40.91688,72.21478,,2.338859,-31.34304,-45.85943,-16.68062,1,2020-06-22,11:15:47 10 Aug 2020,40000
2020,President,Trump,Biden,,26,0.0536875,1.51961,0.1185,0.8815,,0.9510549,0.8802893,0.5232126,0.9928032,44.37695,54.43684,,1.186207,38.98181,48.98676,,0.6030302,49.84009,59.86074,,1.851933,-10.05989,-20.85168,0.8237877,1,2020-06-22,11:15:47 10 Aug 2020,40000
2020,President,Trump,Biden,,16,5e-05,0.0091612,0.981725,0.018275,,0.2190023,0.9767442,0.998143,0.0228378,61.96357,34.92566,,3.110764,54.2196,27.37408,,1.547448,69.57144,42.57093,,4.920972,27.03791,11.79771,42.05964,1,2020-06-22,11:15:47 10 Aug 2020,40000
2020,President,Trump,Biden,,28,0.0018875,0.2229079,0.858525,0.141475,,0.2467604,0.9745538,0.983519,0.176401,54.91643,44.28132,,0.8022512,48.42953,37.8656,,0.4109854,61.32619,50.77795,,1.246116,10.6351,-2.33457,23.49029,1,2020-06-22,11:15:47 10 Aug 2020,40000
2020,President,Trump,Biden,,13,0.0184125,0.606432,0.56365,0.43635,,0.3751885,0.9907758,0.9817781,0.5531282,50.18611,49.02109,,0.7928031,45.22498,44.1078,,0.4062304,55.09467,53.97799,,1.231264,1.165021,-8.747782,10.96866,1,2020-06-22,11:15:47 10 Aug 2020,40000
2020,President,Trump,Biden,,12,0.231075,3.234428,0.2923,0.7077,,0.7047554,0.9863643,0.9563603,0.8931039,47.28049,51.89118,,0.8283263,41.75816,46.35695,,0.4240979,52.82166,57.44698,,1.287122,-4.610693,-15.67179,6.446659,1,2020-06-22,11:15:47 10 Aug 2020,40000
2020,President,Trump,Biden,,11,0.0,0.0,0.0,1.0,,,0.7816,0.0,1.0,5.868214,90.59756,,3.534222,2.047703,85.90863,,1.7519,9.998511,94.88392,,5.602158,-84.72935,-92.59944,-76.19579,1,2020-06-22,11:15:47 10 Aug 2020,40000
2020,President,Trump,Biden,,10,0.00015,0.0463481,0.0038,0.9962,,0.9605263,0.784481,0.0169452,0.999872,37.19668,61.64686,,1.156462,31.88176,56.29181,,0.5882158,42.54757,66.9561,,1.804866,-24.45018,-35.05977,-13.79994,1,2020-06-22,11:15:47 10 Aug 2020,40000
2020,President,Trump,Biden,,09,0.002125,0.1857263,0.028575,0.971425,,0.8425197,0.800036,0.1117688,0.9943385,39.34593,59.7393,,0.9147635,32.83433,53.10759,,0.4674554,45.9758,66.27328,,1.423282,-20.39337,-33.43046,-7.133135,1,2020-06-22,11:15:47 10 Aug 2020,40000
2020,President,Trump,Biden,,08,0.0259125,1.25548,0.111625,0.888375,,0.8882419,0.866132,0.4603064,0.984455,43.44167,54.65953,,1.898795,37.57083,48.70163,,0.9558662,49.39302,60.53712,,2.982814,-11.21786,-22.89706,0.6447449,1,2020-06-22,11:15:47 10 Aug 2020,40000
2020,President,Trump,Biden,,06,0.0025625,0.0257529,0.00415,0.99585,,0.7951807,0.7840036,0.0153203,0.9989125,34.45691,63.64265,,1.900449,28.36951,57.41456,,0.9566808,40.63808,69.755,,2.985443,-29.18574,-41.34741,-16.81663,1,2020-06-22,11:15:47 10 Aug 2020,40000
2020,President,Trump,Biden,,05,0.0005875,0.0721688,0.8959,0.1041,,0.239424,0.9913545,0.9958217,0.1320368,55.89221,42.46971,,1.638079,49.02526,35.73229,,0.8272258,62.64234,49.35353,,2.568105,13.4225,-0.2584896,26.86897,1,2020-06-22,11:15:47 10 Aug 2020,40000
2020,President,Trump,Biden,,04,0.0482625,2.447431,0.38635,0.61365,,0.5277598,0.9804449,0.9466109,0.7697672,47.99032,50.60245,,1.407228,42.13345,44.78548,,0.7128341,53.82936,56.49237,,2.201702,-2.612129,-14.33909,8.995094,1,2020-06-22,11:15:47 10 Aug 2020,40000
2020,President,Trump,Biden,,02,0.0017875,0.7869469,0.793375,0.206625,,0.2640933,0.9710829,0.9727252,0.256717,53.67332,43.79798,,2.528698,45.6675,35.90654,,1.264501,61.59898,51.74369,,3.98812,9.875347,-6.026764,25.64759,1,2020-06-22,11:15:47 10 Aug 2020,40000
2020,President,Trump,Biden,,01,0.0003,0.0200966,0.96995,0.03005,,0.2215836,0.984193,0.9977948,0.037839,59.23732,39.95527,,0.8074071,52.97443,33.78685,,0.4135796,65.40177,46.21012,,1.254221,19.28206,6.758778,31.61192,1,2020-06-22,11:15:47 10 Aug 2020,40000
2020,President,Trump,Biden,,27,0.0581875,2.6989,0.153025,0.846975,,0.849371,0.8962779,0.6034123,0.9712449,44.91125,53.72754,,1.361207,39.26105,48.14711,,0.6899981,50.50909,59.35103,,2.128802,-8.816285,-20.06126,2.38385,1,2020-06-22,11:15:47 10 Aug 2020,40000
2020,President,Trump,Biden,,56,2.5e-05,0.0129614,0.997125,0.002875,,0.2158957,0.9565217,0.9994197,0.0035184,67.85612,28.74291,,3.400969,60.37193,21.50082,,1.687665,75.2148,36.12785,,5.387517,39.11321,24.41277,53.53795,1,2020-06-22,11:15:47 10 Aug 2020,40000
2020,President,Trump,Biden,,29,0.001275,0.0646024,0.81605,0.18395,,0.2632498,0.9968742,0.9973305,0.2346149,53.44982,45.09783,,1.452349,47.34618,39.08777,,0.7352237,59.46991,51.20945,,2.273257,8.351989,-3.834459,20.37199,1,2020-06-22,11:15:47 10 Aug 2020,40000
2020,President,Trump,Biden,,42,0.1999125,4.527921,0.19395,0.80605,,0.8672338,0.9384654,0.7808728,0.9678224,46.1825,53.06961,,0.7478873,40.97205,47.81699,,0.3836081,51.43206,58.28241,,1.160688,-6.887118,-17.3003,3.589361,1,2020-06-22,11:15:47 10 Aug 2020,40000
2020,President,Trump,Biden,,55,0.1084125,5.056001,0.205475,0.794525,,0.8273513,0.9407193,0.7892293,0.9562756,45.84563,53.11637,,1.037995,40.12477,47.43007,,0.5291242,51.53741,58.83979,,1.617602,-7.270741,-18.71173,4.064714,1,2020-06-22,11:15:47 10 Aug 2020,40000
2020,President,Trump,Biden,,54,3.75e-05,0.006863,0.99125,0.00875,,0.2171248,0.98,0.9991875,0.0109711,65.19723,32.96195,,1.840826,57.56971,25.46349,,0.9273021,72.71167,40.60736,,2.890608,32.23528,17.01971,47.18998,1,2020-06-22,11:15:47 10 Aug 2020,40000
2020,President,Trump,Biden,,53,0.00135,0.0534472,0.012475,0.987525,,0.8296593,0.7893218,0.0480501,0.9972812,36.85513,60.9326,,2.21227,30.44345,54.4883,,1.109723,43.28649,67.35275,,3.482653,-24.07747,-36.81973,-11.28248,1,2020-06-22,11:15:47 10 Aug 2020,40000
2020,President,Trump,Biden,,51,0.021225,0.7158662,0.059225,0.940775,,0.9590545,0.8282799,0.2636954,0.9969614,43.26718,55.71034,,1.02248,38.21389,50.67362,,0.5213707,48.30219,60.76058,,1.593078,-12.44315,-22.5161,-2.422022,1,2020-06-22,11:15:47 10 Aug 2020,40000
2020,President,Trump,Biden,,50,0.0002375,0.109066,0.007,0.993,,0.7178571,0.7851208,0.0233287,0.9974731,30.61308,66.67709,,2.709823,22.41532,58.28009,,1.352849,38.93203,74.95415,,4.277877,-36.06402,-52.44326,-19.44095,1,2020-06-22,11:15:47 10 Aug 2020,40000
2020,President,Trump,Biden,,49,0.0008125,0.0943293,0.9163,0.0837,,0.2336844,0.9844683,0.9940808,0.1054248,55.65773,41.0438,,3.298466,48.80649,34.24403,,1.63819,62.42679,47.83189,,5.222639,14.61392,1.099777,27.98627,1,2020-06-22,11:15:47 10 Aug 2020,40000
2020,President,Trump,Biden,,48,0.0102,0.1530441,0.691725,0.308275,,0.3106003,0.9980537,0.9974466,0.3936476,51.67765,47.33725,,0.9851019,45.94637,41.65892,,0.5026743,57.36909,53.06238,,1.534088,4.340396,-7.083202,15.68599,1,2020-06-22,11:15:47 10 Aug 2020,40000
2020,President,Trump,Biden,,47,0.0005375,0.0295905,0.921975,0.078025,,0.2328968,0.9913489,0.9968663,0.0989637,56.94135,41.94537,,1.113275,50.21972,35.30309,,0.5666929,63.57254,48.67464,,1.73654,14.99598,1.562765,28.26056,1,2020-06-22,11:15:47 10 Aug 2020,40000
2020,President,Trump,Biden,,46,0.0003375,0.1210893,0.93555,0.06445,,0.2287959,0.9790536,0.9937326,0.0807318,58.91536,39.59517,,1.48948,50.93027,31.82634,,0.7536357,66.71614,47.59232,,2.332193,19.32019,3.39094,34.86617,1,2020-06-22,11:15:47 10 Aug 2020,40000
2020,President,Trump,Biden,,45,0.0008125,0.0524189,0.842075,0.157925,,0.2552623,0.9971505,0.9979109,0.2014777,53.75322,45.347,,0.8997793,48.33929,39.96913,,0.4599467,59.1258,50.79626,,1.399677,8.406219,-2.440849,19.13242,1,2020-06-22,11:15:47 10 Aug 2020,40000
2020,President,Trump,Biden,,44,0.00135,0.3991173,0.030975,0.969025,,0.7812752,0.7996697,0.1123491,0.9914278,36.82285,61.73713,,1.440018,28.75861,53.6152,,0.7291065,44.97351,69.77223,,2.25369,-24.91428,-41.02192,-8.635393,1,2020-06-22,11:15:47 10 Aug 2020,40000
2020,President,Trump,Biden,,30,0.0005125,0.1424256,0.8774,0.1226,,0.2440164,0.9889886,0.9939647,0.1551305,54.98898,42.44682,,2.564204,47.97668,35.55399,,1.281845,61.91385,49.42184,,4.044893,12.54216,-1.414246,26.27928,1,2020-06-22,11:15:47 10 Aug 2020,40000
2020,President,Trump,Biden,,41,0.009575,0.6440679,0.084575,0.915425,,0.7073603,0.8269929,0.2777391,0.9685901,40.91329,56.69105,,2.395667,33.60718,49.33562,,1.199451,48.25533,63.98621,,3.775515,-15.77776,-30.2878,-1.142225,1,2020-06-22,11:15:47 10 Aug 2020,40000
2020,President,Trump,Biden,,39,0.0289625,0.7284152,0.4846,0.5154,,0.4411886,0.9968471,0.9925719,0.6573375,49.27836,49.69901,,1.022628,43.66227,44.17393,,0.5214447,54.82235,55.31165,,1.593312,-0.4206455,-11.63632,10.64647,1,2020-06-22,11:15:47 10 Aug 2020,40000
2020,President,Trump,Biden,,38,1.25e-05,0.0053367,0.978275,0.021725,,0.2200813,0.995397,0.9995357,0.0276676,60.16358,37.13496,,2.701457,53.28653,30.32702,,1.348776,67.00642,43.98177,,4.264486,23.02862,9.376143,36.54959,1,2020-06-22,11:15:47 10 Aug 2020,40000
2020,President,Trump,Biden,,37,0.0571375,1.623816,0.38935,0.61065,,0.5247849,0.9812495,0.948584,0.7666326,48.41559,50.76317,,0.8212432,43.00336,45.32754,,0.4205397,53.82535,56.17897,,1.275991,-2.34758,-13.17437,8.504793,1,2020-06-22,11:15:47 10 Aug 2020,40000
2020,President,Trump,Biden,,36,0.002375,0.043588,0.007425,0.992575,,0.7811448,0.7858096,0.0269266,0.9979209,35.96355,62.94418,,1.092266,29.84175,56.73666,,0.556218,42.14673,69.10071,,1.703316,-26.98063,-39.24325,-14.61196,1,2020-06-22,11:15:47 10 Aug 2020,40000
2020,President,Trump,Biden,,35,0.0114375,1.973821,0.08105,0.91895,,0.9006786,0.8419664,0.3389044,0.9899245,42.37356,55.80222,,1.824216,36.28273,49.64689,,0.9191136,48.5214,61.90826,,2.864159,-13.42866,-25.54815,-1.19063,1,2020-06-22,11:15:47 10 Aug 2020,40000
2020,President,Trump,Biden,,34,0.0076125,0.27952,0.041025,0.958975,,0.6934796,0.8020021,0.1320799,0.9840072,39.60218,59.55321,,0.8446047,32.62529,52.47646,,0.4322713,46.66851,66.53513,,1.312733,-19.95103,-33.89927,-5.793932,1,2020-06-22,11:15:47 10 Aug 2020,40000
2020,President,Trump,Biden,,33,0.0223,4.136203,0.252825,0.747175,,0.6972214,0.9451936,0.8183612,0.9035632,45.75278,53.17544,,1.071784,38.53678,45.96735,,0.5460002,52.94901,60.38567,,1.670954,-7.422661,-21.8213,6.975643,1,2020-06-22,11:15:47 10 Aug 2020,40000
2020,President,Trump,Biden,,32,0.0393625,4.575069,0.191675,0.808325,,0.7973132,0.9198651,0.7094939,0.9513178,45.20541,53.06218,,1.732399,39.32801,47.15832,,0.8738154,51.06692,58.95463,,2.718031,-7.85677,-19.58623,3.862434,1,2020-06-22,11:15:47 10 Aug 2020,40000
2020,President,Trump,Biden,,31,6.25e-05,0.0099648,0.973025,0.026975,,0.2213201,0.9981464,0.9997679,0.0344486,58.34489,39.80429,,1.850822,52.40616,33.96392,,0.9312458,64.19853,45.74036,,2.909729,18.5406,6.770645,30.1836,1,2020-06-22,11:15:47 10 Aug 2020,40000
2020,President,Trump,Biden,,40,5e-05,0.0048788,0.98785,0.01215,,0.2178468,0.9835391,0.9990715,0.0152892,62.53855,36.25404,,1.207417,55.95411,29.76616,,0.6135875,69.04221,42.85201,,1.885489,26.28451,13.10968,39.25445,1,2020-06-22,11:15:47 10 Aug 2020,40000
2020,President,Trump,Biden,,21,0.0002375,0.0186949,0.973925,0.026075,,0.225274,0.9961649,0.9995444,0.0334094,59.57306,39.21603,,1.210906,53.17684,32.89991,,0.614437,65.93242,45.60927,,1.879167,20.35703,7.608543,32.99561,1,2020-06-21,11:18:56 10 Aug 2020,40000
2020,President,Trump,Biden,,17,0.005575,0.1405083,0.018375,0.981625,,0.8108844,0.788514,0.0678815,0.9955626,38.30395,60.17106,,1.524987,32.11353,53.89713,,0.7701255,44.57218,66.36158,,2.373323,-21.86712,-34.17938,-9.330271,1,2020-06-21,11:18:56 10 Aug 2020,40000
2020,President,Trump,Biden,,18,0.0004,0.0194735,0.8853,0.1147,,0.2478256,0.9991282,0.9995444,0.1474002,54.7086,43.82681,,1.464591,48.88835,38.05133,,0.740245,60.49681,49.62826,,2.278236,10.8818,-0.7048607,22.37639,1,2020-06-21,11:18:56 10 Aug 2020,40000
2020,President,Trump,Biden,,19,0.0039,0.3558352,0.616,0.384,,0.3554383,0.9985677,0.9974943,0.4931991,50.72562,47.9087,,1.365682,44.45534,41.64726,,0.6912367,56.97523,54.14285,,2.122499,2.81693,-9.68189,15.32518,1,2020-06-21,11:18:56 10 Aug 2020,40000
2020,President,Trump,Biden,,20,0.000125,0.0167428,0.913475,0.086525,,0.2402091,0.9991332,0.9996583,0.1111933,55.37138,42.81948,,1.809142,49.45782,36.92339,,0.9101383,61.29205,48.71674,,2.821486,12.5519,0.7880726,24.30074,1,2020-06-21,11:18:56 10 Aug 2020,40000
2020,President,Trump,Biden,,26,0.05215,1.473843,0.119725,0.880275,,0.9592817,0.8778223,0.5232346,0.9938905,44.43948,54.37329,,1.187233,39.02693,48.92482,,0.6026641,49.90843,59.80992,,1.841941,-9.933818,-20.74121,0.9620628,1,2020-06-21,11:18:56 10 Aug 2020,40000
2020,President,Trump,Biden,,22,0.0017375,0.1225328,0.900125,0.099875,,0.2405499,0.9699625,0.9864464,0.1246021,56.85884,42.32901,,0.8121403,49.59255,35.18407,,0.4153498,64.01579,49.578,,1.254333,14.52983,0.012394,28.83445,1,2020-06-21,11:18:56 10 Aug 2020,40000
2020,President,Trump,Biden,,23,0.00445,0.8304289,0.1699,0.8301,,0.7288111,0.8814601,0.564123,0.9411235,43.93019,54.68198,,1.387823,36.67313,47.35346,,0.7026221,51.25375,61.92942,,2.158063,-10.75179,-25.22337,3.909927,1,2020-06-21,11:18:56 10 Aug 2020,40000
2020,President,Trump,Biden,,24,0.0003875,0.0201498,0.002825,0.997175,,0.699115,0.7788252,0.0089977,0.9989067,35.15499,63.48912,,1.355889,29.5569,57.79649,,0.6863824,40.79278,69.11529,,2.107116,-28.33413,-39.52648,-17.04908,1,2020-06-21,11:18:56 10 Aug 2020,40000
2020,President,Trump,Biden,,25,0.0006875,0.0292549,0.007775,0.992225,,0.7395498,0.7815264,0.0261959,0.9973954,33.68972,64.81628,,1.493994,26.38752,57.40259,,0.7547982,41.09249,72.12375,,2.324527,-31.12656,-45.72055,-16.31414,1,2020-06-21,11:18:56 10 Aug 2020,40000
2020,President,Trump,Biden,,15,0.0003375,0.1076296,0.006825,0.993175,,0.5824176,0.7799733,0.0181093,0.9963664,29.25033,69.13893,,1.610741,20.54639,60.24842,,0.8124656,38.10596,77.84737,,2.508433,-39.88861,-57.28399,-22.13007,1,2020-06-21,11:18:56 10 Aug 2020,40000
2020,President,Trump,Biden,,16,8.75e-05,0.0143979,0.9809,0.0191,,0.2234173,0.9816754,0.9984055,0.0241165,62.00791,34.90106,,3.09103,54.28796,27.33796,,1.535007,69.63766,42.52742,,4.855587,27.10686,11.91913,42.23186,1,2020-06-21,11:18:56 10 Aug 2020,40000
2020,President,Trump,Biden,,09,0.0020375,0.1771712,0.029375,0.970625,,0.852766,0.7966259,0.114123,0.9945336,39.45282,59.63222,,0.9149618,32.94517,53.04556,,0.4668953,46.05073,66.13335,,1.415121,-20.1794,-33.17228,-7.014952,1,2020-06-21,11:18:56 10 Aug 2020,40000
2020,President,Trump,Biden,,13,0.0186,0.6118719,0.5694,0.4306,,0.3790832,0.9913493,0.9833713,0.549053,50.26582,48.94159,,0.7925962,45.36593,44.05135,,0.4055392,55.15152,53.84159,,1.223808,1.324235,-8.472279,11.09701,1,2020-06-21,11:18:56 10 Aug 2020,40000
2020,President,Trump,Biden,,12,0.2330375,3.257487,0.298275,0.701725,,0.7094125,0.9884214,0.9640091,0.8921187,47.36141,51.80984,,0.8287451,41.8419,46.2591,,0.423681,52.91327,57.32529,,1.280273,-4.448429,-15.47709,6.650478,1,2020-06-21,11:18:56 10 Aug 2020,40000
2020,President,Trump,Biden,,11,0.0,0.0,2.5e-05,0.999975,,0.0,0.7774695,0.0,0.9999679,5.849533,90.63223,,3.518245,2.041696,86.01003,,1.741332,9.892208,94.91891,,5.53627,-84.78269,-92.65625,-76.41125,1,2020-06-21,11:18:56 10 Aug 2020,40000
2020,President,Trump,Biden,,10,1.25e-05,0.0034364,0.00365,0.99635,,0.9520548,0.7801476,0.0158314,0.9997749,37.29154,61.55207,,1.156388,32.00728,56.20528,,0.5873322,42.61034,66.81134,,1.793478,-24.26053,-34.80854,-13.59847,1,2020-06-21,11:18:56 10 Aug 2020,40000
2020,President,Trump,Biden,,08,0.0254875,1.241081,0.11975,0.88025,,0.8870564,0.8683329,0.4839408,0.9831184,43.55582,54.54549,,1.898682,37.63742,48.51376,,0.9540858,49.59326,60.43143,,2.962934,-10.98967,-22.70964,1.002626,1,2020-06-21,11:18:56 10 Aug 2020,40000
2020,President,Trump,Biden,,06,0.002725,0.0271886,0.003825,0.996175,,0.7581699,0.7795317,0.0132118,0.9988102,34.54268,63.55676,,1.900567,28.41424,57.29917,,0.9550101,40.7453,69.702,,2.965913,-29.01409,-41.23742,-16.58063,1,2020-06-21,11:18:56 10 Aug 2020,40000
2020,President,Trump,Biden,,05,0.000425,0.0526669,0.897725,0.102275,,0.2435044,0.9912002,0.9958998,0.13039,55.9382,42.42285,,1.638954,49.07971,35.63344,,0.8263819,62.75149,49.28396,,2.552919,13.51535,-0.146759,27.07491,1,2020-06-21,11:18:56 10 Aug 2020,40000
2020,President,Trump,Biden,,04,0.049225,2.492839,0.392275,0.607725,,0.5308776,0.9802954,0.9487472,0.7662626,48.05372,50.53762,,1.408657,42.16136,44.6113,,0.7125397,53.97284,56.41608,,2.19013,-2.483902,-14.22872,9.326801,1,2020-06-21,11:18:56 10 Aug 2020,40000
2020,President,Trump,Biden,,02,0.001775,0.806797,0.798275,0.201725,,0.2670446,0.9685215,0.9711845,0.2512943,53.77887,43.70929,,2.51184,45.79073,35.80631,,1.253806,61.6984,51.69536,,3.934429,10.06958,-5.871777,25.78224,1,2020-06-21,11:18:56 10 Aug 2020,40000
2020,President,Trump,Biden,,01,0.0003125,0.0211534,0.969725,0.030275,,0.2258372,0.9834847,0.9977221,0.038297,59.27022,39.9227,,0.8070805,53.13403,33.73249,,0.4128104,65.45584,46.07152,,1.246432,19.34752,7.076754,31.72549,1,2020-06-21,11:18:56 10 Aug 2020,40000
2020,President,Trump,Biden,,28,0.001575,0.1837162,0.862,0.138,,0.250609,0.9746377,0.9841686,0.1729959,54.95075,44.24739,,0.8018611,48.49823,37.84707,,0.4101906,61.35319,50.70336,,1.238283,10.70336,-2.205038,23.49321,1,2020-06-21,11:18:56 10 Aug 2020,40000
2020,President,Trump,Biden,,27,0.058125,2.702323,0.155275,0.844725,,0.8589599,0.8952026,0.607631,0.9726358,44.97222,53.66546,,1.362322,39.40855,48.06234,,0.6895716,50.56451,59.21311,,2.117221,-8.693237,-19.77493,2.468668,1,2020-06-21,11:18:56 10 Aug 2020,40000
2020,President,Trump,Biden,,29,0.0010375,0.0522524,0.83085,0.16915,,0.2634952,0.9966006,0.9973804,0.2168237,53.75485,44.7847,,1.460446,47.68033,38.7102,,0.7381924,59.85549,50.86851,,2.271707,8.970152,-3.179977,21.1033,1,2020-06-21,11:18:56 10 Aug 2020,40000
2020,President,Trump,Biden,,56,5e-05,0.0289119,0.99685,0.00315,,0.2201184,0.9761904,0.9996583,0.0039551,67.92759,28.69228,,3.380127,60.4817,21.50473,,1.674686,75.26283,36.03171,,5.315936,39.23531,24.60891,53.57489,1,2020-06-21,11:18:56 10 Aug 2020,40000
2020,President,Trump,Biden,,42,0.1985625,4.498023,0.196925,0.803075,,0.8736829,0.9379261,0.7838269,0.9688093,46.22684,53.0248,,0.7483569,41.03595,47.78296,,0.3833095,51.48483,58.21337,,1.15472,-6.797953,-17.15413,3.692305,1,2020-06-21,11:18:56 10 Aug 2020,40000
2020,President,Trump,Biden,,30,0.0003875,0.1064363,0.88205,0.11795,,0.2472649,0.9881306,0.9936219,0.1499084,55.06263,42.37305,,2.564316,48.10846,35.48962,,1.279355,61.97355,49.34611,,4.0177,12.68958,-1.115726,26.4256,1,2020-06-21,11:18:56 10 Aug 2020,40000
2020,President,Trump,Biden,,55,0.10355,4.839607,0.20825,0.79175,,0.8339736,0.9396905,0.7912301,0.9569439,45.90351,53.05731,,1.039177,40.17838,47.29652,,0.5289577,51.66259,58.77733,,1.609679,-7.153801,-18.60066,4.325609,1,2020-06-21,11:18:56 10 Aug 2020,40000
2020,President,Trump,Biden,,54,2.5e-05,0.0062345,0.991,0.009,,0.221443,0.9944444,0.9997722,0.0115116,65.25002,32.9099,,1.840081,57.57358,25.37084,,0.9253308,72.81133,40.52596,,2.870353,32.34012,17.11215,47.4586,1,2020-06-21,11:18:56 10 Aug 2020,40000
2020,President,Trump,Biden,,53,0.0015375,0.0616619,0.013,0.987,,0.8307692,0.785537,0.0492027,0.9972346,36.93855,60.84916,,2.212294,30.58703,54.41561,,1.107671,43.33565,67.24657,,3.45925,-23.9106,-36.56738,-11.12992,1,2020-06-21,11:18:56 10 Aug 2020,40000
2020,President,Trump,Biden,,51,0.0217,0.7305368,0.063,0.937,,0.9551587,0.8267876,0.2741458,0.9964308,43.37749,55.60036,,1.022155,38.36647,50.54009,,0.520466,48.44946,60.60504,,1.582986,-12.22287,-22.20825,-2.121887,1,2020-06-21,11:18:56 10 Aug 2020,40000
2020,President,Trump,Biden,,50,0.00025,0.1061922,0.007825,0.992175,,0.686901,0.7811374,0.0244875,0.9968488,30.76089,66.54613,,2.692981,22.61931,58.11231,,1.341928,39.13294,74.7289,,4.222072,-35.78524,-51.98432,-19.07326,1,2020-06-21,11:18:56 10 Aug 2020,40000
2020,President,Trump,Biden,,49,0.0008125,0.0935486,0.916125,0.083875,,0.2386683,0.9898659,0.9961275,0.106788,55.6965,41.00449,,3.299019,48.78635,34.29808,,1.635512,62.51647,47.7778,,5.186758,14.69201,1.1721,28.13078,1,2020-06-21,11:18:56 10 Aug 2020,40000
2020,President,Trump,Biden,,47,0.0007875,0.0434666,0.92465,0.07535,,0.2368734,0.9936961,0.997836,0.0963053,56.98367,41.90327,,1.11306,50.34695,35.3027,,0.5657775,63.59857,48.54,,1.725504,15.0804,1.834074,28.30795,1,2020-06-21,11:18:56 10 Aug 2020,40000
2020,President,Trump,Biden,,46,0.0003125,0.1141664,0.93735,0.06265,,0.2325705,0.9752594,0.9931663,0.0785877,58.9846,39.53493,,1.480465,50.98981,31.63212,,0.7481028,66.91469,47.52035,,2.303226,19.44966,3.511898,35.22362,1,2020-06-21,11:18:56 10 Aug 2020,40000
2020,President,Trump,Biden,,45,0.000675,0.0422309,0.8441,0.1559,,0.2595368,0.9972739,0.9980638,0.1999743,53.80257,45.29794,,0.899498,48.36111,39.89087,,0.4591538,59.21436,50.73798,,1.390907,8.504628,-2.369326,19.30876,1,2020-06-21,11:18:56 10 Aug 2020,40000
2020,President,Trump,Biden,,44,0.0012125,0.3664167,0.0304,0.9696,,0.7878289,0.7952506,0.1091116,0.9917682,36.94778,61.62085,,1.431369,28.90461,53.51655,,0.7237927,45.03037,69.63304,,2.225901,-24.67306,-40.73219,-8.45229,1,2020-06-21,11:18:56 10 Aug 2020,40000
2020,President,Trump,Biden,,48,0.0087875,0.1324491,0.69925,0.30075,,0.3133715,0.9987531,0.9982916,0.3863468,51.77047,47.24426,,0.9852721,46.0311,41.57262,,0.502048,57.44252,52.96438,,1.525203,4.526214,-6.92593,15.85873,1,2020-06-21,11:18:56 10 Aug 2020,40000
2020,President,Trump,Biden,,41,0.010675,0.7212341,0.088725,0.911275,,0.7120315,0.8253546,0.2878132,0.9673945,41.04529,56.57513,,2.379581,33.71093,49.18801,,1.189345,48.40516,63.85042,,3.724543,-15.52984,-30.04723,-0.8478413,1,2020-06-21,11:18:56 10 Aug 2020,40000
2020,President,Trump,Biden,,35,0.01205,2.098718,0.08325,0.91675,,0.9042042,0.8397328,0.3429385,0.9901605,42.4646,55.70987,,1.825539,36.39289,49.60544,,0.9181905,48.58028,61.81071,,2.84738,-13.24527,-25.32891,-1.056673,1,2020-06-21,11:18:56 10 Aug 2020,40000
2020,President,Trump,Biden,,40,7.5e-05,0.0078901,0.988575,0.011425,,0.221885,0.9868709,0.9993166,0.0145021,62.58881,36.2042,,1.206995,55.99616,29.65074,,0.6124918,69.15058,42.792,,1.873017,26.38461,13.21997,39.4888,1,2020-06-21,11:18:56 10 Aug 2020,40000
2020,President,Trump,Biden,,32,0.041425,4.828992,0.19725,0.80275,,0.8003802,0.9205855,0.7192483,0.9505129,45.27985,52.98756,,1.732591,39.41766,47.05915,,0.8725151,51.20926,58.82458,,2.700636,-7.707718,-19.39624,4.060287,1,2020-06-21,11:18:56 10 Aug 2020,40000
2020,President,Trump,Biden,,33,0.0237,4.384945,0.2813,0.7187,,0.6647707,0.9524488,0.8519362,0.8804463,46.26732,52.66383,,1.068846,39.0406,45.40453,,0.5437514,53.53465,59.87788,,1.656188,-6.39651,-20.83723,8.118694,1,2020-06-21,11:18:56 10 Aug 2020,40000
2020,President,Trump,Biden,,34,0.0070875,0.2556566,0.042675,0.957325,,0.6994728,0.7987883,0.1359909,0.9835686,39.71439,59.44102,,0.844588,32.65466,52.41222,,0.4316298,46.74693,66.50439,,1.305037,-19.72663,-33.84065,-5.674496,1,2020-06-21,11:18:56 10 Aug 2020,40000
2020,President,Trump,Biden,,31,2.5e-05,0.0042961,0.9746,0.0254,,0.2252206,0.9990157,1.0,0.0326377,58.43837,39.71863,,1.843006,52.50552,33.93518,,0.9252826,64.2439,45.62113,,2.875669,18.71974,6.923111,30.23075,1,2020-06-21,11:18:56 10 Aug 2020,40000
2020,President,Trump,Biden,,36,0.002175,0.0401061,0.0067,0.9933,,0.7462686,0.7810078,0.022779,0.9978135,36.06027,62.84754,,1.092196,29.91918,56.6646,,0.5553862,42.24987,68.98575,,1.692776,-26.78727,-39.03719,-14.41044,1,2020-06-21,11:18:56 10 Aug 2020,40000
2020,President,Trump,Biden,,37,0.056475,1.606039,0.3899,0.6101,,0.5335984,0.980454,0.947836,0.7693816,48.46635,50.71193,,0.8217242,43.06705,45.29644,,0.4201585,53.89237,56.10167,,1.269301,-2.245585,-13.01941,8.591114,1,2020-06-21,11:18:56 10 Aug 2020,40000
2020,President,Trump,Biden,,38,6.25e-05,0.027753,0.97865,0.02135,,0.2241097,0.9918033,0.9992027,0.0272356,60.23828,37.06044,,2.70128,53.31681,30.23068,,1.345961,67.10621,43.91257,,4.235247,23.17783,9.489664,36.79902,1,2020-06-21,11:18:56 10 Aug 2020,40000
2020,President,Trump,Biden,,39,0.0331375,0.8336582,0.46835,0.53165,,0.4646632,0.9964262,0.9914579,0.6813724,49.14656,49.83659,,1.016857,43.56626,44.30701,,0.5178224,54.67335,55.41636,,1.574679,-0.6900289,-11.82993,10.37181,1,2020-06-21,11:18:56 10 Aug 2020,40000
2020,President,Trump,Biden,,15,0.000325,0.1115164,0.007075,0.992925,,0.5759717,0.7776519,0.0183559,0.9961298,29.28981,69.09917,,1.611018,20.69249,60.25873,,0.8146076,38.07165,77.72676,,2.513169,-39.80937,-57.02098,-22.18948,1,2020-06-20,11:21:24 10 Aug 2020,40000
2020,President,Trump,Biden,,26,0.0539875,1.521923,0.119,0.881,,0.9518908,0.8735528,0.5102478,0.9928401,44.43744,54.37966,,1.182902,38.99947,48.94599,,0.6020983,49.89759,59.81786,,1.837887,-9.942227,-20.77917,0.945488,1,2020-06-20,11:21:24 10 Aug 2020,40000
2020,President,Trump,Biden,,25,0.0005875,0.0246857,0.007575,0.992425,,0.7986799,0.7795299,0.0272523,0.9980326,33.67493,64.83716,,1.487915,26.44212,57.47675,,0.7536482,40.99544,72.11551,,2.318764,-31.16223,-45.62831,-16.55161,1,2020-06-20,11:21:24 10 Aug 2020,40000
2020,President,Trump,Biden,,24,0.0005875,0.0302855,0.002925,0.997075,,0.7179487,0.7766216,0.0094595,0.9989679,35.14892,63.50046,,1.350615,29.57759,57.86564,,0.6855243,40.79041,69.10262,,2.102133,-28.35154,-39.52554,-17.08414,1,2020-06-20,11:21:24 10 Aug 2020,40000
2020,President,Trump,Biden,,23,0.0045125,0.8526727,0.167275,0.832725,,0.7366612,0.8783512,0.5550675,0.9435915,43.91732,54.70061,,1.382069,36.74155,47.38132,,0.7008676,51.23124,61.90126,,2.149671,-10.7833,-25.11131,3.831442,1,2020-06-20,11:21:24 10 Aug 2020,40000
2020,President,Trump,Biden,,22,0.0017875,0.1250783,0.899375,0.100625,,0.243836,0.9726708,0.9878379,0.1262659,56.90373,42.2843,,0.8119692,49.54691,35.01977,,0.4164009,64.18666,49.61305,,1.255657,14.61944,-0.067749,29.13255,1,2020-06-20,11:21:24 10 Aug 2020,40000
2020,President,Trump,Biden,,21,7.5e-05,0.0055045,0.973475,0.026525,,0.2279463,0.9962299,0.9995496,0.0340902,59.59265,39.20198,,1.20537,53.19215,32.90387,,0.6132874,65.91412,45.59204,,1.87321,20.39067,7.633875,32.99887,1,2020-06-20,11:21:24 10 Aug 2020,40000
2020,President,Trump,Biden,,20,6.25e-05,0.0082072,0.91195,0.08805,,0.2433522,0.9991482,0.9996622,0.1134942,55.38843,42.81013,,1.80144,49.44224,36.89095,,0.9085889,61.36552,48.7657,,2.814077,12.5783,0.7516785,24.46292,1,2020-06-20,11:21:24 10 Aug 2020,40000
2020,President,Trump,Biden,,19,0.0037875,0.3430809,0.6173,0.3827,,0.3583752,0.997779,0.996509,0.4926143,50.73019,47.90939,,1.360424,44.51863,41.68784,,0.6903971,57.00253,54.1342,,2.117588,2.820799,-9.590326,15.27276,1,2020-06-20,11:21:24 10 Aug 2020,40000
2020,President,Trump,Biden,,18,0.0002875,0.0148131,0.885875,0.114125,,0.2505432,0.9995619,0.9997748,0.1471651,54.72047,43.82144,,1.458097,48.91007,38.02335,,0.7388676,60.53169,49.65353,,2.271676,10.89903,-0.7090683,22.498,1,2020-06-20,11:21:24 10 Aug 2020,40000
2020,President,Trump,Biden,,17,0.00495,0.1253959,0.018725,0.981275,,0.8024032,0.786222,0.0676802,0.9952912,38.27206,60.20288,,1.525053,32.0643,53.86921,,0.7720525,44.60477,66.42487,,2.377402,-21.93081,-34.35382,-9.296144,1,2020-06-20,11:21:24 10 Aug 2020,40000
2020,President,Trump,Biden,,16,5e-05,0.0093093,0.981575,0.018425,,0.2258106,0.9810041,0.9984234,0.0233181,62.07231,34.83553,,3.092164,54.26472,27.25071,,1.539134,69.7318,42.57511,,4.865847,27.23678,11.80833,42.32709,1,2020-06-20,11:21:24 10 Aug 2020,40000
2020,President,Trump,Biden,,28,0.0018625,0.2158204,0.86065,0.13935,,0.2536165,0.9732687,0.9832207,0.1749661,54.98404,44.21807,,0.7978804,48.53687,37.81574,,0.4093056,61.38739,50.68253,,1.233601,10.76597,-2.130354,23.5933,1,2020-06-20,11:21:24 10 Aug 2020,40000
2020,President,Trump,Biden,,13,0.0181125,0.596749,0.57195,0.42805,,0.381633,0.9912394,0.9832207,0.5473779,50.28447,48.92604,,0.7894956,45.37642,43.9856,,0.4050815,55.22333,53.82188,,1.220457,1.35843,-8.431036,11.23682,1,2020-06-20,11:21:24 10 Aug 2020,40000
2020,President,Trump,Biden,,12,0.2285,3.198567,0.3017,0.6983,,0.7101426,0.9885436,0.9650901,0.8905373,47.38062,51.79291,,0.8264652,41.86199,46.2415,,0.4236984,52.93491,57.30408,,1.278356,-4.412289,-15.4409,6.689131,1,2020-06-20,11:21:24 10 Aug 2020,40000
2020,President,Trump,Biden,,11,0.0,0.0,0.0,1.0,,,0.77515,0.0,1.0,5.878096,90.60845,,3.513454,2.071739,85.89415,,1.742801,10.03443,94.88306,,5.538382,-84.73035,-92.58469,-76.22388,1,2020-06-20,11:21:24 10 Aug 2020,40000
2020,President,Trump,Biden,,10,0.0001625,0.0487485,0.0037,0.9963,,0.972973,0.7779284,0.0162162,0.999871,37.28938,61.55813,,1.152493,32.01803,56.24193,,0.5869458,42.60522,66.82091,,1.790054,-24.26875,-34.7695,-13.64343,1,2020-06-20,11:21:24 10 Aug 2020,40000
2020,President,Trump,Biden,,09,0.002225,0.1908511,0.02905,0.97095,,0.8545611,0.7940677,0.1118243,0.9946462,39.43061,59.6572,,0.9121798,32.91998,53.09767,,0.4667639,45.98002,66.16167,,1.412692,-20.22659,-33.22478,-7.140469,1,2020-06-20,11:21:24 10 Aug 2020,40000
2020,President,Trump,Biden,,08,0.0259875,1.26543,0.116325,0.883675,,0.8895336,0.8629304,0.4661036,0.9837451,43.58314,54.52362,,1.893237,37.71088,48.61004,,0.9538016,49.54311,60.40977,,2.959367,-10.94049,-22.63906,0.862318,1,2020-06-20,11:21:24 10 Aug 2020,40000
2020,President,Trump,Biden,,06,0.002875,0.0288026,0.00445,0.99555,,0.7696629,0.7775853,0.0154279,0.9986777,34.56151,63.54634,,1.892143,28.45752,57.36531,,0.953263,40.73751,69.68304,,2.957637,-28.98483,-41.19198,-16.7071,1,2020-06-20,11:21:24 10 Aug 2020,40000
2020,President,Trump,Biden,,05,0.0003625,0.0442685,0.897775,0.102225,,0.2461641,0.9902177,0.9954955,0.1305876,55.9507,42.41662,,1.632678,49.08799,35.62941,,0.8253146,62.77577,49.27205,,2.547388,13.53409,-0.1488152,27.13972,1,2020-06-20,11:21:24 10 Aug 2020,40000
2020,President,Trump,Biden,,04,0.0489875,2.491791,0.3917,0.6083,,0.5379755,0.9806017,0.9492117,0.7695284,48.08346,50.51195,,1.404593,42.22956,44.57858,,0.7123276,54.01498,56.37177,,2.187201,-2.428494,-14.09476,9.393414,1,2020-06-20,11:21:24 10 Aug 2020,40000
2020,President,Trump,Biden,,02,0.0016375,0.7207299,0.80005,0.19995,,0.2705768,0.971868,0.9751126,0.2506934,53.79024,43.69608,,2.513682,45.85986,35.89668,,1.257788,61.6123,51.58911,,3.943555,10.09415,-5.639721,25.60001,1,2020-06-20,11:21:24 10 Aug 2020,40000
2020,President,Trump,Biden,,01,0.0005125,0.0325392,0.96895,0.03105,,0.2285464,0.9822866,0.9975225,0.0393472,59.28848,39.90855,,0.8029717,53.05605,33.76174,,0.4118701,65.45858,46.1402,,1.241571,19.37993,6.921398,31.68454,1,2020-06-20,11:21:24 10 Aug 2020,40000
2020,President,Trump,Biden,,27,0.05855,2.725251,0.156575,0.843425,,0.8578956,0.8933219,0.6050676,0.9720054,44.96852,53.67642,,1.355061,39.47567,48.13363,,0.6877331,50.53476,59.1805,,2.109138,-8.707894,-19.68973,2.385437,1,2020-06-20,11:21:24 10 Aug 2020,40000
2020,President,Trump,Biden,,29,0.0013,0.0650959,0.834025,0.165975,,0.2655196,0.9966862,0.9975225,0.2134103,53.77457,44.77104,,1.454394,47.70921,38.72145,,0.737032,59.85006,50.85397,,2.265828,9.003526,-3.148012,21.0753,1,2020-06-20,11:21:24 10 Aug 2020,40000
2020,President,Trump,Biden,,56,0.0,0.0,0.9962,0.0038,,0.222621,0.9407895,0.9989865,0.004612,67.94598,28.67343,,3.380592,60.46744,21.55544,,1.678686,75.23889,36.03612,,5.326284,39.27256,24.58253,53.57991,1,2020-06-20,11:21:24 10 Aug 2020,40000
2020,President,Trump,Biden,,42,0.1955875,4.429636,0.200375,0.799625,,0.8676232,0.9368767,0.7831081,0.9664581,46.25553,52.99825,,0.7462217,41.03217,47.79025,,0.3832649,51.4721,58.22184,,1.152727,-6.742719,-17.17904,3.670738,1,2020-06-20,11:21:24 10 Aug 2020,40000
2020,President,Trump,Biden,,55,0.105175,4.907875,0.20955,0.79045,,0.8428776,0.9404137,0.7956081,0.9589757,45.90643,53.05755,,1.036026,40.17223,47.28654,,0.5287935,51.6953,58.7849,,1.606971,-7.151124,-18.5892,4.402082,1,2020-06-20,11:21:24 10 Aug 2020,40000
2020,President,Trump,Biden,,54,3.75e-05,0.0075417,0.9903,0.0097,,0.2240988,0.992268,0.9996622,0.012417,65.2647,32.90372,,1.831583,57.56369,25.46638,,0.9234426,72.7541,40.60481,,2.861809,32.36098,16.99166,47.26603,1,2020-06-20,11:21:24 10 Aug 2020,40000
2020,President,Trump,Biden,,53,0.001725,0.0685138,0.0128,0.9872,,0.8105469,0.7827441,0.0467342,0.9968716,36.96723,60.82814,,2.204626,30.67106,54.41808,,1.106711,43.34262,67.15512,,3.452548,-23.86091,-36.39681,-11.13618,1,2020-06-20,11:21:24 10 Aug 2020,40000
2020,President,Trump,Biden,,51,0.02345,0.7853851,0.061625,0.938375,,0.9606491,0.8235514,0.2666667,0.9969683,43.38738,55.59381,,1.018805,38.4185,50.59488,,0.5201795,48.40542,60.57082,,1.57996,-12.20643,-22.15433,-2.196499,1,2020-06-20,11:21:24 10 Aug 2020,40000
2020,President,Trump,Biden,,50,0.0002125,0.0962708,0.007525,0.992475,,0.6976744,0.778735,0.0236486,0.9970651,30.73613,66.57011,,2.693769,22.64847,58.26048,,1.345607,39.01827,74.73578,,4.230349,-35.83397,-52.02346,-19.30667,1,2020-06-20,11:21:24 10 Aug 2020,40000
2020,President,Trump,Biden,,49,0.0007,0.081364,0.9177,0.0823,,0.2404925,0.9842041,0.9941441,0.1044959,55.74805,40.96751,,3.284448,48.85594,34.25102,,1.63223,62.56775,47.81501,,5.172831,14.78054,1.183968,28.1526,1,2020-06-20,11:21:24 10 Aug 2020,40000
2020,President,Trump,Biden,,48,0.0093875,0.1408193,0.6985,0.3015,,0.3173944,0.9987562,0.9986486,0.3884732,51.76619,47.25242,,0.9813864,46.06851,41.58086,,0.5014505,57.43478,52.92155,,1.521269,4.513771,-6.819777,15.83854,1,2020-06-20,11:21:24 10 Aug 2020,40000
2020,President,Trump,Biden,,47,0.0007875,0.0424981,0.9246,0.0754,,0.2392927,0.9900531,0.9966216,0.0963039,57.00715,41.88528,,1.107571,50.32013,35.30262,,0.5645416,63.5956,48.54081,,1.719385,15.12187,1.806078,28.26989,1,2020-06-20,11:21:24 10 Aug 2020,40000
2020,President,Trump,Biden,,46,0.000325,0.1163971,0.93605,0.06395,,0.2356712,0.9781079,0.9936937,0.0806941,58.93921,39.57987,,1.480924,50.98653,31.68509,,0.7501824,66.84484,47.51719,,2.307728,19.35933,3.527063,35.17443,1,2020-06-20,11:21:24 10 Aug 2020,40000
2020,President,Trump,Biden,,45,0.000825,0.0522728,0.846,0.154,,0.2618794,0.9970779,0.997973,0.1980907,53.8327,45.27227,,0.8950289,48.39057,39.86909,,0.4581578,59.24557,50.71437,,1.385783,8.560427,-2.317907,19.37054,1,2020-06-20,11:21:24 10 Aug 2020,40000
2020,President,Trump,Biden,,44,0.0011375,0.3320464,0.031775,0.968225,,0.7985838,0.7940303,0.1143018,0.9918081,36.9482,61.62004,,1.431761,28.95467,53.51965,,0.7258074,45.04922,69.6328,,2.23009,-24.67184,-40.65102,-8.508505,1,2020-06-20,11:21:24 10 Aug 2020,40000
2020,President,Trump,Biden,,30,0.000575,0.1570582,0.8822,0.1178,,0.2501133,0.9885399,0.9939189,0.150229,55.1028,42.34609,,2.551106,48.09589,35.47322,,1.276061,62.00403,49.307,,4.003143,12.75671,-1.162228,26.46643,1,2020-06-20,11:21:24 10 Aug 2020,40000
2020,President,Trump,Biden,,41,0.009925,0.6652589,0.087875,0.912125,,0.7197724,0.8229684,0.2849099,0.9683932,41.04181,56.57672,,2.381472,33.78463,49.24914,,1.193257,48.3813,63.84576,,3.73332,-15.53491,-29.94645,-0.9209976,1,2020-06-20,11:21:24 10 Aug 2020,40000
2020,President,Trump,Biden,,39,0.0339875,0.8498053,0.46935,0.53065,,0.4693725,0.9967493,0.9923424,0.6823518,49.15863,49.82833,,1.013032,43.61915,44.28913,,0.517291,54.72712,55.37017,,1.570904,-0.6696979,-11.72062,10.43032,1,2020-06-20,11:21:24 10 Aug 2020,40000
2020,President,Trump,Biden,,38,7.5e-05,0.0285034,0.978225,0.021775,,0.2268139,0.9942595,0.9994369,0.0279301,60.23741,37.0753,,2.687293,53.29457,30.31491,,1.342454,67.09563,43.96404,,4.220036,23.16211,9.450777,36.69607,1,2020-06-20,11:21:24 10 Aug 2020,40000
2020,President,Trump,Biden,,37,0.05805,1.649301,0.39525,0.60475,,0.5333966,0.9809425,0.9496621,0.7653035,48.49939,50.68163,,0.818979,43.09241,45.24726,,0.4199301,53.93214,56.05622,,1.266633,-2.182237,-12.96362,8.679977,1,2020-06-20,11:21:24 10 Aug 2020,40000
2020,President,Trump,Biden,,36,0.0021,0.0386487,0.00755,0.99245,,0.7880794,0.7794599,0.0268018,0.9979681,36.04517,62.86665,,1.088189,29.93568,56.71961,,0.5548632,42.18457,68.99303,,1.688911,-26.82148,-39.01926,-14.54409,1,2020-06-20,11:21:24 10 Aug 2020,40000
2020,President,Trump,Biden,,35,0.011625,2.025271,0.084375,0.915625,,0.8974815,0.8374062,0.3411036,0.9891634,42.49838,55.68121,,1.820406,36.37693,49.52997,,0.9179354,48.66723,61.77318,,2.844108,-13.18283,-25.34258,-0.9301548,1,2020-06-20,11:21:24 10 Aug 2020,40000
2020,President,Trump,Biden,,34,0.006975,0.2528997,0.042075,0.957925,,0.7136067,0.7967221,0.1352478,0.9845836,39.69824,59.46011,,0.8416466,32.74598,52.41978,,0.4313378,46.75906,66.42275,,1.302133,-19.76187,-33.66817,-5.702309,1,2020-06-20,11:21:24 10 Aug 2020,40000
2020,President,Trump,Biden,,33,0.022875,4.248498,0.277775,0.722225,,0.6759968,0.9502579,0.8458334,0.885377,46.22733,52.70735,,1.065315,39.096,45.5035,,0.5434352,53.44846,59.82622,,1.652944,-6.480018,-20.71335,7.925301,1,2020-06-20,11:21:24 10 Aug 2020,40000
2020,President,Trump,Biden,,32,0.0412125,4.814479,0.197325,0.802675,,0.8057773,0.9191142,0.7162162,0.9517513,45.30209,52.97093,,1.72698,39.40471,47.04454,,0.8718671,51.25761,58.85214,,2.696314,-7.668841,-19.39102,4.170488,1,2020-06-20,11:21:24 10 Aug 2020,40000
2020,President,Trump,Biden,,31,0.0,0.0,0.973175,0.026825,,0.2280679,0.998136,0.9997748,0.0345417,58.40913,39.74941,,1.841461,52.44419,33.87195,,0.9280428,64.33614,45.65509,,2.875647,18.65972,6.853495,30.44226,1,2020-06-20,11:21:24 10 Aug 2020,40000
2020,President,Trump,Biden,,40,3.75e-05,0.00336,0.98855,0.01145,,0.2244449,0.989083,0.9994369,0.0146101,62.59797,36.20075,,1.20128,56.03252,29.67363,,0.6112509,69.18338,42.73757,,1.866779,26.39722,13.30042,39.48452,1,2020-06-20,11:21:24 10 Aug 2020,40000
2020,President,Trump,Biden,,22,0.002,0.1383431,0.900575,0.099425,,0.247342,0.9756098,0.9892306,0.1256599,56.95151,42.23075,,0.8177398,49.60054,34.97828,,0.415012,64.20517,49.56168,,1.26425,14.72075,0.0426235,29.20456,1,2020-06-19,11:45:11 10 Aug 2020,40000
2020,President,Trump,Biden,,18,0.0002625,0.0135264,0.8874,0.1126,,0.2537187,0.999778,0.999889,0.1458367,54.77071,43.75852,,1.470767,48.92966,37.97746,,0.7374495,60.55213,49.59399,,2.291261,11.01219,-0.6114407,22.54534,1,2020-06-19,11:45:11 10 Aug 2020,40000
2020,President,Trump,Biden,,19,0.0038125,0.3487739,0.619975,0.380025,,0.362071,0.998158,0.9968913,0.4914014,50.79331,47.83577,,1.370927,44.55565,41.58059,,0.688473,57.03563,54.07295,,2.133675,2.957543,-9.520908,15.42419,1,2020-06-19,11:45:11 10 Aug 2020,40000
2020,President,Trump,Biden,,20,0.0002125,0.0245637,0.91305,0.08695,,0.246509,0.9988499,0.9995559,0.1125109,55.41911,42.76494,,1.815956,49.44951,36.86585,,0.906258,61.30923,48.75254,,2.837147,12.65417,0.7227554,24.36482,1,2020-06-19,11:45:11 10 Aug 2020,40000
2020,President,Trump,Biden,,21,0.00015,0.0110813,0.974125,0.025875,,0.2310535,0.9961353,0.9995559,0.0333905,59.63929,39.14648,,1.214234,53.19686,32.81448,,0.6113685,65.98099,45.54591,,1.886946,20.49281,7.659885,33.14258,1,2020-06-19,11:45:11 10 Aug 2020,40000
2020,President,Trump,Biden,,27,0.0567875,2.636678,0.159,0.841,,0.8580189,0.8914388,0.6058621,0.9712083,45.00532,53.63028,,1.3644,39.46129,48.0343,,0.6852655,50.58237,59.2014,,2.123389,-8.624956,-19.71975,2.540644,1,2020-06-19,11:45:11 10 Aug 2020,40000
2020,President,Trump,Biden,,23,0.0042,0.7915031,0.17345,0.82655,,0.7321995,0.8780473,0.5640058,0.940182,43.98917,54.61808,,1.392752,36.73131,47.23873,,0.6992623,51.36016,61.87127,,2.166622,-10.62891,-25.11887,4.100115,1,2020-06-19,11:45:11 10 Aug 2020,40000
2020,President,Trump,Biden,,24,0.000475,0.0234992,0.002875,0.997125,,0.7391304,0.7733985,0.0094371,0.9990284,35.16392,63.47374,,1.362337,29.53269,57.75619,,0.684252,40.87787,69.11372,,2.12014,-28.30983,-39.53306,-16.861,1,2020-06-19,11:45:11 10 Aug 2020,40000
2020,President,Trump,Biden,,25,0.000425,0.0175077,0.008,0.992,,0.78125,0.7763861,0.0277562,0.9977329,33.71866,64.78083,,1.500507,26.40981,57.33212,,0.7520308,41.14924,72.06863,,2.338241,-31.06217,-45.66566,-16.21842,1,2020-06-19,11:45:11 10 Aug 2020,40000
2020,President,Trump,Biden,,26,0.0673375,1.900787,0.135875,0.864125,,0.9431463,0.884681,0.5691129,0.9903488,44.76127,54.04692,,1.191811,39.30083,48.56243,,0.6003082,50.23775,59.51703,,1.851578,-9.285644,-20.17912,1.664362,1,2020-06-19,11:45:11 10 Aug 2020,40000
2020,President,Trump,Biden,,16,7.5e-05,0.0141744,0.9825,0.0175,,0.2287277,0.9742857,0.9980016,0.0220876,62.07846,34.80463,,3.116906,54.23364,27.21773,,1.535075,69.76079,42.53688,,4.906879,27.27383,11.79809,42.40004,1,2020-06-19,11:45:11 10 Aug 2020,40000
2020,President,Trump,Biden,,17,0.004925,0.1252397,0.019375,0.980625,,0.7935484,0.783123,0.0682802,0.9948505,38.27383,60.18969,,1.536477,32.06026,53.88689,,0.7696594,44.57277,66.41278,,2.395075,-21.91586,-34.33963,-9.357658,1,2020-06-19,11:45:11 10 Aug 2020,40000
2020,President,Trump,Biden,,09,0.0025,0.2164269,0.0304,0.9696,,0.8766447,0.7923113,0.1183524,0.9952068,39.46443,59.61523,,0.9203398,32.88439,53.04751,,0.4660613,46.0373,66.18664,,1.425075,-20.1508,-33.31315,-7.030905,1,2020-06-19,11:45:11 10 Aug 2020,40000
2020,President,Trump,Biden,,15,0.00025,0.0837324,0.007,0.993,,0.5535714,0.7742195,0.0172088,0.9959517,29.28147,69.0953,,1.623228,20.57115,60.1515,,0.8121302,38.21688,77.86018,,2.532097,-39.81382,-57.26405,-21.92661,1,2020-06-19,11:45:11 10 Aug 2020,40000
2020,President,Trump,Biden,,13,0.0188875,0.6259561,0.5712,0.4288,,0.3879114,0.991313,0.9840124,0.5506688,50.30169,48.9026,,0.7957166,45.36491,43.94036,,0.4040321,55.26488,53.82537,,1.229765,1.399092,-8.452749,11.30854,1,2020-06-19,11:45:11 10 Aug 2020,40000
2020,President,Trump,Biden,,12,0.228425,3.194472,0.304775,0.695225,,0.7094578,0.9866949,0.9602531,0.888655,47.42403,51.74339,,0.8325757,41.85805,46.18295,,0.4224049,52.95464,57.3121,,1.287487,-4.319363,-15.44503,6.749714,1,2020-06-19,11:45:11 10 Aug 2020,40000
2020,President,Trump,Biden,,11,0.0,0.0,2.5e-05,0.999975,,0.0,0.7719193,0.0,0.9999676,5.867135,90.59409,,3.538768,2.052571,85.91026,,1.736948,10.02524,94.88364,,5.581575,-84.72696,-92.58064,-76.21593,1,2020-06-19,11:45:11 10 Aug 2020,40000
2020,President,Trump,Biden,,10,0.0002125,0.0689508,0.003825,0.996175,,0.9411765,0.7746631,0.0159876,0.9997085,37.35064,61.4866,,1.162759,32.07919,56.14192,,0.5859753,42.68727,66.77818,,1.805862,-24.13595,-34.66415,-13.48239,1,2020-06-19,11:45:11 10 Aug 2020,40000
2020,President,Trump,Biden,,08,0.0268125,1.306979,0.120625,0.879375,,0.8920207,0.8632551,0.4778506,0.9834181,43.60643,54.48259,,1.91098,37.6685,48.47957,,0.9525681,49.60705,60.40821,,2.987565,-10.87616,-22.67749,1.081219,1,2020-06-19,11:45:11 10 Aug 2020,40000
2020,President,Trump,Biden,,06,0.002375,0.0240357,0.003825,0.996175,,0.7712418,0.7740106,0.0131009,0.9988665,34.5797,63.51253,,1.907764,28.40937,57.2328,,0.951002,40.84993,69.69389,,2.982474,-28.93282,-41.2309,-16.47187,1,2020-06-19,11:45:11 10 Aug 2020,40000
2020,President,Trump,Biden,,05,0.000725,0.0881791,0.895975,0.104025,,0.2503418,0.9915885,0.9961141,0.133627,56.00451,42.35262,,1.642871,49.03872,35.51803,,0.8217381,62.86608,49.28171,,2.563114,13.6519,-0.2477837,27.30824,1,2020-06-19,11:45:11 10 Aug 2020,40000
2020,President,Trump,Biden,,04,0.04685,2.367361,0.397,0.603,,0.5396096,0.9806385,0.9513711,0.7660394,48.10019,50.48522,,1.414586,42.22277,44.58145,,0.709906,54.02279,56.38011,,2.202552,-2.385032,-14.15522,9.427763,1,2020-06-19,11:45:11 10 Aug 2020,40000
2020,President,Trump,Biden,,02,0.00155,0.7109611,0.800975,0.199025,,0.274478,0.9724909,0.9763517,0.2507368,53.84514,43.62088,,2.533977,45.94084,35.76479,,1.254643,61.70247,51.52314,,3.976656,10.22426,-5.487337,25.8492,1,2020-06-19,11:45:11 10 Aug 2020,40000
2020,President,Trump,Biden,,01,0.0002375,0.0160708,0.971275,0.028725,,0.2313454,0.9834639,0.9978905,0.0365968,59.32454,39.86595,,0.8095164,53.07537,33.64497,,0.4109129,65.55017,46.10128,,1.251372,19.45858,6.987427,31.8805,1,2020-06-19,11:45:11 10 Aug 2020,40000
2020,President,Trump,Biden,,28,0.00155,0.1813498,0.861075,0.138925,,0.2572947,0.9739068,0.9839014,0.1752761,55.01886,44.17696,,0.8041732,48.50843,37.72423,,0.4082491,61.47379,50.66773,,1.243005,10.8419,-2.133677,23.75001,1,2020-06-19,11:45:11 10 Aug 2020,40000
2020,President,Trump,Biden,,29,0.000875,0.0438168,0.833975,0.166025,,0.2694325,0.997139,0.9978905,0.2144638,53.80489,44.7295,,1.465601,47.72611,38.73991,,0.7349174,59.80646,50.82705,,2.283102,9.075391,-3.048323,21.03314,1,2020-06-19,11:45:11 10 Aug 2020,40000
2020,President,Trump,Biden,,35,0.0112625,1.963796,0.089675,0.910325,,0.9007527,0.838327,0.358721,0.9886323,42.53419,55.63287,,1.832946,36.38869,49.3596,,0.9145418,48.76227,61.75047,,2.864041,-13.09868,-25.34398,-0.6316471,1,2020-06-19,11:45:11 10 Aug 2020,40000
2020,President,Trump,Biden,,30,0.000525,0.1464418,0.884625,0.115375,,0.2530733,0.9887324,0.9942267,0.1477799,55.14319,42.285,,2.571803,48.18707,35.43147,,1.272903,62.04015,49.23045,,4.036842,12.85819,-0.9462738,26.52056,1,2020-06-19,11:45:11 10 Aug 2020,40000
2020,President,Trump,Biden,,44,0.001275,0.3795438,0.03245,0.96755,,0.8081664,0.7914836,0.116465,0.9920653,36.98686,61.57053,,1.442612,28.95317,53.44266,,0.7236494,45.11892,69.60882,,2.246798,-24.58367,-40.63952,-8.353144,1,2020-06-19,11:45:11 10 Aug 2020,40000
2020,President,Trump,Biden,,56,0.0,0.0,0.997,0.003,,0.2256018,0.9166667,0.9988897,0.0035625,67.96659,28.62599,,3.40742,60.50451,21.44469,,1.67416,75.32645,35.94137,,5.371511,39.3406,24.80273,53.77389,1,2020-06-19,11:45:11 10 Aug 2020,40000
2020,President,Trump,Biden,,55,0.101725,4.741532,0.2131,0.7869,,0.8342327,0.9375397,0.7894971,0.9557276,45.95705,53.00039,,1.04257,40.24819,47.2718,,0.5265996,51.70014,58.72543,,1.616997,-7.04334,-18.47445,4.419825,1,2020-06-19,11:45:11 10 Aug 2020,40000
2020,President,Trump,Biden,,54,2.5e-05,0.0051506,0.9918,0.0082,,0.2269611,0.9908537,0.9996669,0.0105256,65.32196,32.83137,,1.846673,57.65935,25.34442,,0.9212345,72.85321,40.49745,,2.885771,32.49059,17.14956,47.45379,1,2020-06-19,11:45:11 10 Aug 2020,40000
2020,President,Trump,Biden,,53,0.0012,0.0474876,0.01245,0.98755,,0.8453815,0.7797074,0.0467414,0.9975063,36.97824,60.79742,,2.224331,30.63583,54.34694,,1.104826,43.39314,67.15541,,3.484437,-23.81918,-36.44413,-11.02623,1,2020-06-19,11:45:11 10 Aug 2020,40000
2020,President,Trump,Biden,,51,0.0217375,0.7314216,0.065275,0.934725,,0.9655305,0.8235577,0.2798934,0.9972472,43.44265,55.52924,,1.028116,38.39014,50.43033,,0.5194562,48.52124,60.6028,,1.594292,-12.08659,-22.20061,-1.916834,1,2020-06-19,11:45:11 10 Aug 2020,40000
2020,President,Trump,Biden,,50,0.0001875,0.0826658,0.006325,0.993675,,0.7272727,0.7751025,0.0204286,0.9977653,30.77813,66.50685,,2.715023,22.58707,58.14252,,1.341958,39.14384,74.70772,,4.26501,-35.72872,-52.01096,-19.12474,1,2020-06-19,11:45:11 10 Aug 2020,40000
2020,President,Trump,Biden,,31,0.0,0.0,0.974,0.026,,0.2311858,1.0,1.0,0.033682,58.4728,39.67071,,1.856487,52.51966,33.82412,,0.9262712,64.36891,45.60586,,2.901521,18.80209,6.977995,30.49002,1,2020-06-19,11:45:11 10 Aug 2020,40000
2020,President,Trump,Biden,,48,0.009725,0.146225,0.700275,0.299725,,0.3209811,0.9986655,0.9982236,0.3877644,51.79295,47.21813,,0.988925,46.06955,41.52206,,0.500065,57.50071,52.93021,,1.532744,4.574818,-6.846851,15.95781,1,2020-06-19,11:45:11 10 Aug 2020,40000
2020,President,Trump,Biden,,47,0.0007375,0.0409041,0.925075,0.074925,,0.2427911,0.9923257,0.9974464,0.0963176,57.03626,41.84689,,1.116846,50.33842,35.24296,,0.5632982,63.64076,48.55293,,1.733588,15.18936,1.773129,28.38197,1,2020-06-19,11:45:11 10 Aug 2020,40000
2020,President,Trump,Biden,,46,0.000375,0.1341952,0.938225,0.061775,,0.2386421,0.9789559,0.9943377,0.0783431,59.05014,39.45766,,1.492196,51.10234,31.64964,,0.7479559,66.85954,47.43798,,2.32511,19.59248,3.689308,35.19415,1,2020-06-19,11:45:11 10 Aug 2020,40000
2020,President,Trump,Biden,,45,0.00065,0.0418306,0.846375,0.153625,,0.2654852,0.9969081,0.9978905,0.1984001,53.8457,45.25187,,0.902432,48.40017,39.82038,,0.4571691,59.27,50.699,,1.396977,8.593823,-2.296152,19.44602,1,2020-06-19,11:45:11 10 Aug 2020,40000
2020,President,Trump,Biden,,49,0.0004375,0.0499364,0.91995,0.08005,,0.243573,0.9862586,0.9951149,0.1022768,55.78342,40.90401,,3.312567,48.90931,34.18953,,1.628782,62.57031,47.72729,,5.2198,14.87941,1.385624,28.2144,1,2020-06-19,11:45:11 10 Aug 2020,40000
2020,President,Trump,Biden,,42,0.193425,4.376342,0.205425,0.794575,,0.8645491,0.9373879,0.7887199,0.964893,46.28943,52.95913,,0.7514377,41.01263,47.70171,,0.3819439,51.54514,58.21392,,1.160582,-6.669707,-17.20096,3.825983,1,2020-06-19,11:45:11 10 Aug 2020,40000
2020,President,Trump,Biden,,40,0.0001,0.0100604,0.9894,0.0106,,0.2274358,0.9858491,0.9993339,0.0135376,62.65877,36.13056,,1.210665,56.05157,29.63503,,0.6096083,69.14992,42.71025,,1.881315,26.52821,13.35357,39.49314,1,2020-06-19,11:45:11 10 Aug 2020,40000
2020,President,Trump,Biden,,39,0.0333,0.8313404,0.4743,0.5257,,0.470272,0.9958627,0.9905629,0.6782071,49.20554,49.77243,,1.022028,43.63692,44.18492,,0.5164464,54.80551,55.3615,,1.584728,-0.5668908,-11.69678,10.61122,1,2020-06-19,11:45:11 10 Aug 2020,40000
2020,President,Trump,Biden,,38,2.5e-05,0.0101661,0.9786,0.0214,,0.230048,0.9976636,0.999778,0.0276581,60.2975,36.99341,,2.709087,53.3819,30.2174,,1.3391,67.12091,43.86513,,4.255548,23.30409,9.637808,36.83273,1,2020-06-19,11:45:11 10 Aug 2020,40000
2020,President,Trump,Biden,,37,0.0586125,1.669782,0.3969,0.6031,,0.5393676,0.9808075,0.950705,0.7662985,48.5351,50.64012,,0.8247793,43.14762,45.22065,,0.4185202,53.95649,56.03769,,1.275275,-2.105016,-12.88344,8.758699,1,2020-06-19,11:45:11 10 Aug 2020,40000
2020,President,Trump,Biden,,36,0.0018625,0.0348398,0.00695,0.99305,,0.7733813,0.7757666,0.0238703,0.997992,36.06037,62.84197,,1.09766,29.91587,56.61654,,0.553817,42.28358,68.97504,,1.70346,-26.78161,-39.04473,-14.3284,1,2020-06-19,11:45:11 10 Aug 2020,40000
2020,President,Trump,Biden,,34,0.0072125,0.2641817,0.04335,0.95665,,0.7422146,0.7953536,0.1428889,0.9856851,39.7223,59.42874,,0.8489622,32.6734,52.32595,,0.4305671,46.82994,66.45288,,1.31316,-19.70644,-33.80308,-5.500702,1,2020-06-19,11:45:11 10 Aug 2020,40000
2020,President,Trump,Biden,,33,0.0224875,4.167363,0.280825,0.719175,,0.6787145,0.9498036,0.8464528,0.8848981,46.29766,52.6281,,1.074239,39.12432,45.40748,,0.5422416,53.52835,59.80836,,1.666694,-6.330442,-20.65024,8.103571,1,2020-06-19,11:45:11 10 Aug 2020,40000
2020,President,Trump,Biden,,32,0.0409125,4.758212,0.203325,0.796675,,0.805115,0.9204192,0.7269901,0.9499304,45.331,52.92653,,1.742476,39.43428,46.95859,,0.870409,51.28982,58.86588,,2.720709,-7.595529,-19.40549,4.296883,1,2020-06-19,11:45:11 10 Aug 2020,40000
2020,President,Trump,Biden,,41,0.0100875,0.6808692,0.09015,0.90985,,0.7179701,0.8206573,0.2874431,0.9672896,41.08789,56.5114,,2.400706,33.81367,49.13523,,1.190236,48.52169,63.80892,,3.764721,-15.4235,-29.96017,-0.7243366,1,2020-06-19,11:45:11 10 Aug 2020,40000
2020,President,Trump,Biden,,21,0.0001,0.0082739,0.972775,0.027225,,0.2440441,0.9963269,0.999579,0.0357166,59.704,39.08545,,1.210543,53.2214,32.66881,,0.6192924,66.09528,45.57149,,1.88678,20.61855,7.653851,33.40196,1,2020-06-18,11:46:38 10 Aug 2020,40000
2020,President,Trump,Biden,,17,0.0049125,0.1246363,0.019725,0.980275,,0.8301648,0.7713397,0.0689474,0.9956219,38.40928,60.0523,,1.538416,32.16506,53.67879,,0.7830844,44.78095,66.31729,,2.405854,-21.64302,-34.14068,-8.905167,1,2020-06-18,11:46:38 10 Aug 2020,40000
2020,President,Trump,Biden,,18,0.0003375,0.0162833,0.889375,0.110625,,0.2668447,0.9984181,0.9992632,0.1454342,54.85841,43.67566,,1.465936,48.9715,37.78943,,0.7469674,60.76691,49.58103,,2.29096,11.18275,-0.5847931,22.95412,1,2020-06-18,11:46:38 10 Aug 2020,40000
2020,President,Trump,Biden,,19,0.00415,0.3760961,0.628925,0.371075,,0.375959,0.9970356,0.9955789,0.4871618,50.88363,47.75106,,1.365312,44.52712,41.41717,,0.6967569,57.20961,54.12036,,2.131549,3.132564,-9.570595,15.76819,1,2020-06-18,11:46:38 10 Aug 2020,40000
2020,President,Trump,Biden,,20,0.0001375,0.0157912,0.913275,0.086725,,0.2599162,0.9985586,0.9994737,0.1140299,55.52018,42.67116,,1.808655,49.47153,36.67647,,0.9173342,61.54893,48.73157,,2.834672,12.84902,0.7937489,24.8182,1,2020-06-18,11:46:38 10 Aug 2020,40000
2020,President,Trump,Biden,,26,0.06185,1.742034,0.14405,0.85595,,0.9468935,0.8784976,0.5743158,0.9901244,44.84996,53.96081,,1.189229,39.31539,48.41481,,0.6086098,50.38203,59.4863,,1.853127,-9.11085,-20.14062,1.946733,1,2020-06-18,11:46:38 10 Aug 2020,40000
2020,President,Trump,Biden,,22,0.0012625,0.0884315,0.900875,0.099125,,0.2606355,0.9727617,0.9886316,0.1269669,56.96835,42.21299,,0.8186579,49.61263,34.91937,,0.4220744,64.25571,49.56606,,1.269572,14.75536,0.0624828,29.3401,1,2020-06-18,11:46:38 10 Aug 2020,40000
2020,President,Trump,Biden,,23,0.003875,0.7212937,0.178175,0.821825,,0.7430897,0.869011,0.5574737,0.9403845,44.07946,54.53801,,1.382526,36.79493,47.17096,,0.7045711,51.44643,61.85388,,2.16027,-10.45856,-25.01138,4.260588,1,2020-06-18,11:46:38 10 Aug 2020,40000
2020,President,Trump,Biden,,24,0.000375,0.0188864,0.002725,0.997275,,0.7798165,0.7609235,0.0089474,0.9992099,35.24467,63.39503,,1.3603,29.5387,57.60555,,0.694253,40.99409,69.09465,,2.123615,-28.15036,-39.5062,-16.62904,1,2020-06-18,11:46:38 10 Aug 2020,40000
2020,President,Trump,Biden,,25,0.0006625,0.0284915,0.008125,0.991875,,0.7353846,0.7635035,0.0251579,0.997169,33.80529,64.69735,,1.497354,26.45042,57.17771,,0.7626288,41.30707,72.0309,,2.340752,-30.89206,-45.54065,-15.91607,1,2020-06-18,11:46:38 10 Aug 2020,40000
2020,President,Trump,Biden,,15,0.0004625,0.1452823,0.0078,0.9922,,0.5705128,0.762044,0.0187368,0.9955889,29.41154,68.96304,,1.625416,20.73585,59.92489,,0.8263767,38.41937,77.69307,,2.543876,-39.55151,-56.9663,-21.5304,1,2020-06-18,11:46:38 10 Aug 2020,40000
2020,President,Trump,Biden,,16,0.0001,0.016989,0.9808,0.0192,,0.2417669,0.9804688,0.9984211,0.0247877,62.13823,34.74036,,3.121405,54.30438,27.0128,,1.562033,69.91469,42.57334,,4.929395,27.39786,11.90053,42.80507,1,2020-06-18,11:46:38 10 Aug 2020,40000
2020,President,Trump,Biden,,28,0.0017125,0.1988712,0.86125,0.13875,,0.2712337,0.9718919,0.9835789,0.1775627,55.06015,44.13803,,0.8018139,48.53208,37.68307,,0.4135534,61.51646,50.66684,,1.243118,10.92212,-2.132904,23.81615,1,2020-06-18,11:46:38 10 Aug 2020,40000
2020,President,Trump,Biden,,13,0.0194625,0.6465948,0.57765,0.42235,,0.4055224,0.992009,0.9863158,0.5516821,50.35647,48.84917,,0.7943549,45.38256,43.86863,,0.4097781,55.34634,53.82116,,1.231405,1.507295,-8.411589,11.45529,1,2020-06-18,11:46:38 10 Aug 2020,40000
2020,President,Trump,Biden,,12,0.237625,3.322783,0.3101,0.6899,,0.7326669,0.9845268,0.9566316,0.8943644,47.48706,51.68128,,0.8316621,41.85825,46.02023,,0.4286456,53.14764,57.28484,,1.29,-4.194216,-15.41227,7.110123,1,2020-06-18,11:46:38 10 Aug 2020,40000
2020,President,Trump,Biden,,11,0.0,0.0,0.0,1.0,,,0.75945,0.0,1.0,5.937804,90.52264,,3.539555,2.117992,85.82716,,1.765357,10.13066,94.83556,,5.600384,-84.58484,-92.47391,-75.99718,1,2020-06-18,11:46:38 10 Aug 2020,40000
2020,President,Trump,Biden,,10,0.0001125,0.0329116,0.003975,0.996025,,0.9685535,0.7623554,0.0162105,0.9998354,37.41237,61.42751,,1.160123,32.10493,56.06239,,0.5940145,42.78963,66.73061,,1.807131,-24.01514,-34.61915,-13.30584,1,2020-06-18,11:46:38 10 Aug 2020,40000
2020,President,Trump,Biden,,09,0.0019625,0.1719965,0.03095,0.96905,,0.8764136,0.7797843,0.1142105,0.9949964,39.55217,59.52829,,0.9195341,32.95966,52.9016,,0.4730027,46.21297,66.12413,,1.42821,-19.97612,-33.14605,-6.68611,1,2020-06-18,11:46:38 10 Aug 2020,40000
2020,President,Trump,Biden,,08,0.0237125,1.152352,0.1246,0.8754,,0.904695,0.8543237,0.4746316,0.9847587,43.69787,54.39299,,1.909142,37.63806,48.34396,,0.9670869,49.76342,60.4527,,2.994221,-10.69512,-22.74961,1.350254,1,2020-06-18,11:46:38 10 Aug 2020,40000
2020,President,Trump,Biden,,06,0.002425,0.0243353,0.005075,0.994925,,0.7044335,0.7618414,0.0150526,0.9980578,34.66726,63.4284,,1.904338,28.48817,57.11288,,0.9647102,40.94736,69.63885,,2.986594,-28.76114,-41.10495,-16.23694,1,2020-06-18,11:46:38 10 Aug 2020,40000
2020,President,Trump,Biden,,05,0.00075,0.0896813,0.8995,0.1005,,0.2629516,0.9900498,0.9958947,0.1310159,56.05471,42.30635,,1.638945,49.14184,35.41918,,0.833103,62.96994,49.23363,,2.565349,13.74836,-0.0397015,27.486,1,2020-06-18,11:46:38 10 Aug 2020,40000
2020,President,Trump,Biden,,04,0.047425,2.394518,0.40345,0.59655,,0.5572562,0.9778309,0.9466316,0.7680888,48.19813,50.38906,,1.412815,42.17061,44.39465,,0.7204809,54.20177,56.37202,,2.206784,-2.190928,-14.17018,9.761328,1,2020-06-18,11:46:38 10 Aug 2020,40000
2020,President,Trump,Biden,,02,0.0017375,0.7649585,0.803975,0.196025,,0.2883485,0.970412,0.9761053,0.2504773,53.92828,43.5334,,2.538318,45.98023,35.59268,,1.276984,61.85307,51.47911,,3.996943,10.39489,-5.394983,26.18289,1,2020-06-18,11:46:38 10 Aug 2020,40000
2020,President,Trump,Biden,,01,0.0003875,0.0252601,0.9694,0.0306,,0.2444037,0.9812092,0.9975789,0.0395352,59.36592,39.82721,,0.8068737,53.10896,33.62846,,0.4161139,65.57751,46.08202,,1.251064,19.53871,7.035072,31.9465,1,2020-06-18,11:46:38 10 Aug 2020,40000
2020,President,Trump,Biden,,27,0.080625,3.744348,0.206675,0.793325,,0.8229104,0.912268,0.7161053,0.9529594,45.75676,52.77239,,1.470847,40.14097,47.1218,,0.7494164,51.40662,58.39085,,2.298743,-7.015623,-18.24007,4.247623,1,2020-06-18,11:46:38 10 Aug 2020,40000
2020,President,Trump,Biden,,56,5e-05,0.0265769,0.997125,0.002875,,0.2381096,0.973913,0.9996842,0.0036869,68.0156,28.57263,,3.411772,60.51258,21.32615,,1.703349,75.35988,35.96925,,5.395099,39.44298,24.68107,53.90964,1,2020-06-18,11:46:38 10 Aug 2020,40000
2020,President,Trump,Biden,,29,0.0007875,0.0397353,0.835225,0.164775,,0.2836661,0.9965104,0.9975789,0.2162091,53.89012,44.64895,,1.460925,47.73297,38.51978,,0.7444688,60.00226,50.7798,,2.28302,9.241167,-3.01902,21.44187,1,2020-06-18,11:46:38 10 Aug 2020,40000
2020,President,Trump,Biden,,42,0.1823625,4.127539,0.21235,0.78765,,0.880033,0.9327747,0.7868421,0.9674106,46.37307,52.8765,,0.7504261,41.02762,47.61417,,0.3875337,51.64311,58.19097,,1.162455,-6.503424,-17.15598,4.008888,1,2020-06-18,11:46:38 10 Aug 2020,40000
2020,President,Trump,Biden,,55,0.0930125,4.338192,0.217975,0.782025,,0.8520473,0.9311084,0.782,0.958786,46.01178,52.9812,,1.007026,40.16146,47.14901,,0.5170937,51.87532,58.83458,,1.565866,-6.96942,-18.67695,4.72728,1,2020-06-18,11:46:38 10 Aug 2020,40000
2020,President,Trump,Biden,,54,8.75e-05,0.0183111,0.991475,0.008525,,0.2394665,0.9912024,0.9996842,0.0111265,65.3617,32.80219,,1.836107,57.64912,25.20461,,0.9309313,72.98952,40.51742,,2.878284,32.55951,17.15367,47.7332,1,2020-06-18,11:46:38 10 Aug 2020,40000
2020,President,Trump,Biden,,53,0.0017625,0.0695262,0.01395,0.98605,,0.8530466,0.7681152,0.0501053,0.9973007,37.10238,60.67597,,2.221654,30.68601,54.16222,,1.121334,43.60146,67.12511,,3.491686,-23.57359,-36.37044,-10.66156,1,2020-06-18,11:46:38 10 Aug 2020,40000
2020,President,Trump,Biden,,51,0.0188,0.6356747,0.068975,0.931025,,0.9713665,0.8136194,0.2821053,0.9974324,43.50172,55.47176,,1.026514,38.37812,50.34447,,0.5269035,48.63529,60.59815,,1.596507,-11.97004,-22.2176,-1.731144,1,2020-06-18,11:46:38 10 Aug 2020,40000
2020,President,Trump,Biden,,50,0.000175,0.0762018,0.008125,0.991875,,0.7261539,0.7634531,0.0248421,0.9971032,30.91761,66.36356,,2.718825,22.80726,57.99693,,1.365443,39.29887,74.55514,,4.285225,-35.44595,-51.69609,-18.81438,1,2020-06-18,11:46:38 10 Aug 2020,40000
2020,President,Trump,Biden,,49,0.0005625,0.0657159,0.9174,0.0826,,0.2577665,0.9875908,0.9956842,0.1074133,55.85069,40.84366,,3.305649,48.88196,34.03414,,1.651757,62.72902,47.77526,,5.224823,15.00703,1.222294,28.59593,1,2020-06-18,11:46:38 10 Aug 2020,40000
2020,President,Trump,Biden,,48,0.0114875,0.1732911,0.683,0.317,,0.3470717,0.9985016,0.9981053,0.4167819,51.59332,47.41789,,0.9887836,45.80162,41.65148,,0.5079072,57.37658,53.20007,,1.53715,4.175431,-7.393003,15.70797,1,2020-06-18,11:46:38 10 Aug 2020,40000
2020,President,Trump,Biden,,47,0.00085,0.0486663,0.924875,0.075125,,0.2559535,0.9893511,0.9967368,0.0978669,57.10598,41.7809,,1.113121,50.36789,35.15678,,0.5704381,63.72937,48.51495,,1.73296,15.32508,1.878555,28.53811,1,2020-06-18,11:46:38 10 Aug 2020,40000
2020,President,Trump,Biden,,46,0.000575,0.2099226,0.9376,0.0624,,0.2517332,0.9755609,0.9937895,0.0801567,59.10666,39.39898,,1.494362,51.06649,31.47001,,0.7611381,67.06581,47.4237,,2.336011,19.70768,3.654036,35.55217,1,2020-06-18,11:46:38 10 Aug 2020,40000
2020,President,Trump,Biden,,45,0.000875,0.0564773,0.847625,0.152375,,0.2797228,0.9973749,0.9983158,0.2001119,53.90683,45.19376,,0.8994151,48.41171,39.73414,,0.4628532,59.36571,50.67809,,1.396551,8.713063,-2.268349,19.6346,1,2020-06-18,11:46:38 10 Aug 2020,40000
2020,President,Trump,Biden,,44,0.001075,0.319302,0.033175,0.966825,,0.7905049,0.7784242,0.1104211,0.9909803,37.11866,61.43667,,1.444674,29.09372,53.26709,,0.7363648,45.26392,69.47466,,2.257273,-24.31801,-40.35741,-8.017744,1,2020-06-18,11:46:38 10 Aug 2020,40000
2020,President,Trump,Biden,,30,0.0004375,0.1190868,0.8822,0.1178,,0.2677681,0.9889643,0.9946316,0.1534005,55.1964,42.24504,,2.558567,48.10756,35.26976,,1.286919,62.21732,49.30456,,4.029261,12.95136,-1.144382,26.90919,1,2020-06-18,11:46:38 10 Aug 2020,40000
2020,President,Trump,Biden,,41,0.0094875,0.639788,0.0931,0.9069,,0.7363051,0.8105634,0.2886316,0.9679374,41.17257,56.4225,,2.40493,33.80029,49.00636,,1.211475,48.57094,63.81474,,3.784073,-15.24994,-29.96705,-0.51544,1,2020-06-18,11:46:38 10 Aug 2020,40000
2020,President,Trump,Biden,,39,0.034125,0.8546675,0.485425,0.514575,,0.4855024,0.9961619,0.9923158,0.6749622,49.31221,49.6687,,1.01909,43.63979,44.05721,,0.5231669,54.92474,55.34681,,1.584834,-0.3564828,-11.68352,10.85818,1,2020-06-18,11:46:38 10 Aug 2020,40000
2020,President,Trump,Biden,,38,6.25e-05,0.0279394,0.9784,0.0216,,0.2427177,0.9988426,0.9998947,0.0284087,60.38085,36.92812,,2.691037,53.34794,30.06069,,1.351838,67.35641,43.91872,,4.240809,23.45273,9.527365,37.18449,1,2020-06-18,11:46:38 10 Aug 2020,40000
2020,President,Trump,Biden,,37,0.0574125,1.630741,0.406075,0.593925,,0.5545774,0.9786589,0.9482105,0.7653565,48.59735,50.57977,,0.8228797,43.09907,45.09045,,0.4242079,54.08299,56.07349,,1.276204,-1.982411,-12.96126,8.975464,1,2020-06-18,11:46:38 10 Aug 2020,40000
2020,President,Trump,Biden,,36,0.0021875,0.0406839,0.007375,0.992625,,0.759322,0.7633296,0.0235789,0.9976957,36.13788,62.76598,,1.096143,29.93917,56.50754,,0.5619143,42.39462,68.9483,,1.706177,-26.6281,-38.96469,-14.13651,1,2020-06-18,11:46:38 10 Aug 2020,40000
2020,President,Trump,Biden,,35,0.0103875,1.795085,0.092875,0.907125,,0.8966352,0.8269808,0.3506316,0.9877872,42.62599,55.54395,,1.830057,36.42136,49.25336,,0.9279342,48.88076,61.70072,,2.868682,-12.91796,-25.25486,-0.4543419,1,2020-06-18,11:46:38 10 Aug 2020,40000
2020,President,Trump,Biden,,34,0.007725,0.2816219,0.04365,0.95635,,0.7434135,0.7825326,0.1366316,0.9854171,39.78489,59.36722,,0.8478906,32.73708,52.24739,,0.4368427,46.90656,66.38999,,1.315502,-19.58233,-33.61446,-5.350382,1,2020-06-18,11:46:38 10 Aug 2020,40000
2020,President,Trump,Biden,,33,0.022175,4.114026,0.2914,0.7086,,0.689173,0.9455969,0.845579,0.8822832,46.3992,52.53265,,1.06815,39.06072,45.23418,,0.5478518,53.69313,59.82965,,1.662076,-6.133444,-20.75027,8.458288,1,2020-06-18,11:46:38 10 Aug 2020,40000
2020,President,Trump,Biden,,32,0.0371625,4.318892,0.209875,0.790125,,0.8185825,0.9145072,0.7233684,0.9514451,45.42609,52.83301,,1.740901,39.50779,46.84573,,0.8837528,51.40474,58.76258,,2.72714,-7.40692,-19.19722,4.532267,1,2020-06-18,11:46:38 10 Aug 2020,40000
2020,President,Trump,Biden,,31,5e-05,0.0086938,0.973975,0.026025,,0.2437178,0.9951969,0.9994737,0.0341036,58.54723,39.59557,,1.857193,52.50881,33.64155,,0.9406908,64.52089,45.60227,,2.911304,18.95166,6.949745,30.83655,1,2020-06-18,11:46:38 10 Aug 2020,40000
2020,President,Trump,Biden,,40,8.75e-05,0.0080573,0.9893,0.0107,,0.2399677,0.9906542,0.999579,0.0139575,62.71041,36.08293,,1.206661,56.0381,29.4992,,0.6173472,69.29034,42.753,,1.880651,26.62747,13.32575,39.7703,1,2020-06-18,11:46:38 10 Aug 2020,40000
2020,President,Trump,Biden,,21,6.25e-05,0.0046094,0.9741,0.0259,,0.2412227,0.992278,0.9991496,0.0337459,59.69077,39.09201,,1.217212,53.18587,32.70831,,0.622901,66.07421,45.59057,,1.891413,20.59876,7.630905,33.34864,1,2020-06-17,11:47:02 10 Aug 2020,40000
2020,President,Trump,Biden,,17,0.0059125,0.1489178,0.019125,0.980875,,0.8261438,0.7730598,0.067184,0.9956669,38.38859,60.05663,,1.554783,32.12322,53.7463,,0.7913388,44.69131,66.3483,,2.424213,-21.66804,-34.17829,-9.105749,1,2020-06-17,11:47:02 10 Aug 2020,40000
2020,President,Trump,Biden,,18,0.0003875,0.0192941,0.8866,0.1134,,0.2649447,0.997575,0.9988307,0.1485409,54.83852,43.68176,,1.479717,48.878,37.81898,,0.7539933,60.70878,49.6226,,2.305382,11.15676,-0.6709919,22.86681,1,2020-06-17,11:47:02 10 Aug 2020,40000
2020,President,Trump,Biden,,19,0.0043125,0.3883805,0.626625,0.373375,,0.3739477,0.9975895,0.9963857,0.4890851,50.84799,47.77583,,1.37618,44.534,41.46005,,0.7023594,57.14056,54.09641,,2.141937,3.072164,-9.532442,15.65521,1,2020-06-17,11:47:02 10 Aug 2020,40000
2020,President,Trump,Biden,,20,0.000125,0.0145815,0.914375,0.085625,,0.2570882,0.9988321,0.9995748,0.1123002,55.49442,42.68011,,1.825473,49.48745,36.70854,,0.9256587,61.45679,48.65939,,2.852147,12.81431,0.9173508,24.67768,1,2020-06-17,11:47:02 10 Aug 2020,40000
2020,President,Trump,Biden,,26,0.0465875,1.314295,0.12375,0.87625,,0.9628283,0.8639943,0.506644,0.9940912,44.46237,54.33565,,1.201984,38.96678,48.83835,,0.6152809,49.99549,59.81006,,1.867425,-9.873278,-20.82307,1.126148,1,2020-06-17,11:47:02 10 Aug 2020,40000
2020,President,Trump,Biden,,22,0.0015375,0.1076949,0.9002,0.0998,,0.2580538,0.9709419,0.9877751,0.1272363,57.00379,42.16945,,0.8267632,49.57837,34.80045,,0.4265468,64.38772,49.57059,,1.277832,14.83434,0.0169411,29.54485,1,2020-06-17,11:47:02 10 Aug 2020,40000
2020,President,Trump,Biden,,23,0.0041375,0.7736536,0.17485,0.82515,,0.7529311,0.8711143,0.5597959,0.9438335,44.01719,54.58194,,1.400875,36.67577,47.24301,,0.7152869,51.37111,61.90691,,2.178988,-10.56475,-25.22029,4.112864,1,2020-06-17,11:47:02 10 Aug 2020,40000
2020,President,Trump,Biden,,24,0.0004,0.019529,0.003525,0.996475,,0.7234042,0.7632906,0.010843,0.9987198,35.2993,63.32911,,1.371586,29.66571,57.62118,,0.700067,40.9934,68.99886,,2.134691,-28.0298,-39.2945,-16.66787,1,2020-06-17,11:47:02 10 Aug 2020,40000
2020,President,Trump,Biden,,25,0.0005875,0.0254742,0.00845,0.99155,,0.7514793,0.7659473,0.0270012,0.9972426,33.82338,64.66744,,1.509184,26.44436,57.20198,,0.7686611,41.25983,72.0583,,2.352,-30.84406,-45.56705,-15.97953,1,2020-06-17,11:47:02 10 Aug 2020,40000
2020,President,Trump,Biden,,15,0.0001875,0.0602499,0.008375,0.991625,,0.641791,0.7649817,0.0228553,0.9960608,29.44837,68.90857,,1.643062,20.7405,60.01268,,0.8352146,38.34616,77.62625,,2.563717,-39.46021,-56.84647,-21.68103,1,2020-06-17,11:47:02 10 Aug 2020,40000
2020,President,Trump,Biden,,16,0.0001125,0.0210744,0.980575,0.019425,,0.2394259,0.979408,0.9982991,0.0249811,62.04103,34.80143,,3.157545,54.19378,27.17163,,1.579047,69.75839,42.59539,,4.973489,27.23961,11.69223,42.46556,1,2020-06-17,11:47:02 10 Aug 2020,40000
2020,President,Trump,Biden,,09,0.002375,0.2070972,0.0339,0.9661,,0.850295,0.783097,0.1225683,0.9934018,39.59407,59.4781,,0.9278358,32.96782,52.79941,,0.4775724,46.29234,66.09468,,1.436247,-19.88403,-33.12229,-6.502918,1,2020-06-17,11:47:02 10 Aug 2020,40000
2020,President,Trump,Biden,,13,0.0191,0.6297883,0.584425,0.415575,,0.3978697,0.9929014,0.9887318,0.5418048,50.41151,48.78931,,0.7991806,45.41092,43.81952,,0.4125948,55.3674,53.80396,,1.234616,1.622193,-8.381317,11.54005,1,2020-06-17,11:47:02 10 Aug 2020,40000
2020,President,Trump,Biden,,12,0.234475,3.276265,0.3122,0.6878,,0.7223735,0.9854609,0.9589667,0.8899977,47.5041,51.66997,,0.8259286,41.89805,46.0836,,0.4261246,53.09503,57.27629,,1.276524,-4.165868,-15.37691,7.003584,1,2020-06-17,11:47:02 10 Aug 2020,40000
2020,President,Trump,Biden,,11,0.0,0.0,2.5e-05,0.999975,,0.0,0.761569,0.0,0.9999672,5.967486,90.4603,,3.572212,2.115076,85.70488,,1.780254,10.13352,94.77113,,5.63758,-84.49281,-92.39124,-75.86124,1,2020-06-17,11:47:02 10 Aug 2020,40000
2020,President,Trump,Biden,,10,0.000175,0.0527828,0.004325,0.995675,,0.9653179,0.7647325,0.0177527,0.9998031,37.43329,61.3949,,1.17181,32.13556,56.07144,,0.6001753,42.78551,66.70715,,1.819882,-23.96161,-34.56498,-13.29281,1,2020-06-17,11:47:02 10 Aug 2020,40000
2020,President,Trump,Biden,,08,0.02635,1.285678,0.1255,0.8745,,0.9,0.8569754,0.4802806,0.9840462,43.72154,54.34906,,1.929396,37.78995,48.34093,,0.9770634,49.70488,60.31136,,3.016908,-10.62753,-22.45955,1.330275,1,2020-06-17,11:47:02 10 Aug 2020,40000
2020,President,Trump,Biden,,06,0.0029,0.0288571,0.0054,0.9946,,0.7685185,0.7644531,0.0176464,0.9983587,34.6886,63.3935,,1.917903,28.55634,57.10718,,0.9713831,40.95413,69.56699,,2.998702,-28.7049,-40.98035,-16.22527,1,2020-06-17,11:47:02 10 Aug 2020,40000
2020,President,Trump,Biden,,05,0.0005625,0.0698455,0.897325,0.102675,,0.2606358,0.9870952,0.9944722,0.1330795,56.06902,42.28754,,1.643438,49.08373,35.37765,,0.8354018,62.99161,49.25382,,2.564312,13.78149,-0.1482525,27.55362,1,2020-06-17,11:47:02 10 Aug 2020,40000
2020,President,Trump,Biden,,04,0.0489,2.480558,0.407175,0.592825,,0.5481672,0.9784928,0.9490805,0.7616781,48.20978,50.37231,,1.417916,42.29172,44.41964,,0.7231811,54.16039,56.31167,,2.207775,-2.162531,-13.99267,9.711311,1,2020-06-17,11:47:02 10 Aug 2020,40000
2020,President,Trump,Biden,,02,0.0016125,0.7220842,0.80345,0.19655,,0.2857054,0.9703638,0.9760817,0.250435,53.88819,43.54317,,2.56864,45.87743,35.53524,,1.291533,61.8837,51.56099,,4.033295,10.34502,-5.609123,26.28551,1,2020-06-17,11:47:02 10 Aug 2020,40000
2020,President,Trump,Biden,,01,0.0004625,0.030883,0.971125,0.028875,,0.2413695,0.9731601,0.9967046,0.0368972,59.40389,39.78373,,0.8123831,53.14389,33.59661,,0.4192744,65.61307,46.05347,,1.255299,19.62016,7.094513,31.99426,1,2020-06-17,11:47:02 10 Aug 2020,40000
2020,President,Trump,Biden,,28,0.002125,0.2500543,0.862725,0.137275,,0.2684227,0.9730468,0.9846923,0.1753931,55.08546,44.1083,,0.806246,48.53738,37.66584,,0.4161697,61.50149,50.6695,,1.245684,10.97716,-2.121099,23.83852,1,2020-06-17,11:47:02 10 Aug 2020,40000
2020,President,Trump,Biden,,27,0.0846375,3.934943,0.2056,0.7944,,0.8205253,0.9137084,0.7173381,0.9530906,45.71674,52.79686,,1.486407,40.0873,47.16447,,0.7573249,51.35472,58.4364,,2.315951,-7.080116,-18.28589,4.133442,1,2020-06-17,11:47:02 10 Aug 2020,40000
2020,President,Trump,Biden,,29,0.0008875,0.0453523,0.8352,0.1648,,0.2807112,0.9956007,0.9969172,0.2154417,53.87527,44.65347,,1.471262,47.69601,38.54474,,0.7497807,60.01913,50.80341,,2.292024,9.221798,-3.104258,21.47137,1,2020-06-17,11:47:02 10 Aug 2020,40000
2020,President,Trump,Biden,,56,0.0,0.0,0.99645,0.00355,,0.235787,0.9366197,0.9990433,0.004366,67.94585,28.60376,,3.450394,60.43917,21.36778,,1.721245,75.2948,36.03706,,5.442166,39.34209,24.61259,53.81512,1,2020-06-17,11:47:02 10 Aug 2020,40000
2020,President,Trump,Biden,,42,0.1916875,4.341218,0.210175,0.789825,,0.8772451,0.9326433,0.7839906,0.967239,46.35703,52.88943,,0.7535446,41.0922,47.59555,,0.3894882,51.65906,58.14573,,1.163184,-6.532397,-17.05988,4.063927,1,2020-06-17,11:47:02 10 Aug 2020,40000
2020,President,Trump,Biden,,30,0.000425,0.1171301,0.881625,0.118375,,0.264625,0.9841605,0.9920272,0.1529725,55.16821,42.24996,,2.581833,48.084,35.2899,,1.297994,62.14202,49.29579,,4.054276,12.91825,-1.176729,26.79954,1,2020-06-17,11:47:02 10 Aug 2020,40000
2020,President,Trump,Biden,,55,0.08835,4.119053,0.20595,0.79405,,0.8554261,0.9228638,0.749123,0.9622164,45.79235,53.17084,,1.036808,39.97112,47.37926,,0.5324308,51.588,58.99118,,1.60737,-7.378493,-19.02009,4.193281,1,2020-06-17,11:47:02 10 Aug 2020,40000
2020,President,Trump,Biden,,54,5e-05,0.009275,0.990625,0.009375,,0.2372745,0.9866667,0.9994685,0.0121459,65.33684,32.80807,,1.85509,57.56962,25.29728,,0.9403174,72.88203,40.51532,,2.899091,32.52876,17.07382,47.56733,1,2020-06-17,11:47:02 10 Aug 2020,40000
2020,President,Trump,Biden,,53,0.0018,0.0706425,0.0136,0.9864,,0.8658088,0.7702504,0.0500691,0.9976365,37.11587,60.64077,,2.243358,30.78643,54.13277,,1.13186,43.58047,67.04501,,3.515033,-23.5249,-36.16446,-10.60304,1,2020-06-17,11:47:02 10 Aug 2020,40000
2020,President,Trump,Biden,,51,0.0208625,0.7051868,0.0689,0.9311,,0.9633527,0.8153797,0.2822366,0.9968815,43.53839,55.42522,,1.036391,38.45047,50.31435,,0.5322214,48.64618,60.53135,,1.606715,-11.88683,-22.06839,-1.678484,1,2020-06-17,11:47:02 10 Aug 2020,40000
2020,President,Trump,Biden,,50,0.00015,0.0659973,0.007625,0.992375,,0.7409836,0.7654365,0.0240247,0.9974067,30.81965,66.4306,,2.74975,22.64743,58.0462,,1.380147,39.21217,74.67325,,4.321909,-35.61095,-51.93857,-18.90658,1,2020-06-17,11:47:02 10 Aug 2020,40000
2020,President,Trump,Biden,,49,0.0004375,0.0520128,0.919,0.081,,0.2545158,0.983642,0.9945785,0.1046187,55.8306,40.83643,,3.332976,48.90874,33.98804,,1.664298,62.68766,47.72356,,5.253904,14.99417,1.334465,28.54253,1,2020-06-17,11:47:02 10 Aug 2020,40000
2020,President,Trump,Biden,,47,0.00075,0.0423232,0.924575,0.075425,,0.2531704,0.985416,0.9953226,0.0975938,57.13613,41.74243,,1.121439,50.35843,35.03238,,0.5749314,63.85229,48.52111,,1.740537,15.39369,1.851843,28.78817,1,2020-06-17,11:47:02 10 Aug 2020,40000
2020,President,Trump,Biden,,46,0.0002625,0.0948883,0.936175,0.063825,,0.2493391,0.9717979,0.9925587,0.0814431,59.08511,39.40409,,1.5108,50.9828,31.45707,,0.769465,67.00719,47.56144,,2.354558,19.68102,3.415609,35.50413,1,2020-06-17,11:47:02 10 Aug 2020,40000
2020,President,Trump,Biden,,45,0.0010625,0.0676027,0.848125,0.151875,,0.2766102,0.9960494,0.997555,0.1986344,53.93345,45.16103,,0.9055179,48.41442,39.69076,,0.4663199,59.39443,50.68608,,1.401248,8.77242,-2.28089,19.69638,1,2020-06-17,11:47:02 10 Aug 2020,40000
2020,President,Trump,Biden,,44,0.0011125,0.3383733,0.033475,0.966525,,0.798357,0.7809679,0.1136388,0.9911368,37.10042,61.43912,,1.460461,29.07475,53.31338,,0.7443982,45.22739,69.46075,,2.274963,-24.3387,-40.39461,-8.108604,1,2020-06-17,11:47:02 10 Aug 2020,40000
2020,President,Trump,Biden,,48,0.0110125,0.1665916,0.6855,0.3145,,0.3424508,0.9984897,0.9981928,0.4123363,51.61584,47.38762,,0.9965494,45.84685,41.62222,,0.5121802,57.36376,53.16739,,1.544081,4.228223,-7.304075,15.73204,1,2020-06-17,11:47:02 10 Aug 2020,40000
2020,President,Trump,Biden,,41,0.009875,0.6659959,0.09235,0.90765,,0.7317271,0.8119594,0.2873392,0.9676985,41.14717,56.41905,,2.433777,33.79192,49.04724,,1.225404,48.52087,63.81379,,3.818264,-15.27188,-29.97073,-0.5754833,1,2020-06-17,11:47:02 10 Aug 2020,40000
2020,President,Trump,Biden,,35,0.0113125,1.979071,0.092025,0.907975,,0.9024721,0.8291528,0.3531413,0.9885435,42.63376,55.52545,,1.840793,36.42924,49.2666,,0.933242,48.86381,61.74529,,2.876424,-12.89169,-25.25739,-0.4553375,1,2020-06-17,11:47:02 10 Aug 2020,40000
2020,President,Trump,Biden,,40,8.75e-05,0.0082308,0.9885,0.0115,,0.2376581,0.9782609,0.998937,0.014772,62.72536,36.06023,,1.214407,56.04245,29.46645,,0.6214969,69.32063,42.72327,,1.886994,26.66513,13.34761,39.81714,1,2020-06-17,11:47:02 10 Aug 2020,40000
2020,President,Trump,Biden,,32,0.0411625,4.781812,0.210525,0.789475,,0.8038238,0.9137718,0.7195705,0.9472475,45.43865,52.80472,,1.756624,39.46065,46.74799,,0.8915553,51.49561,58.76624,,2.743226,-7.366071,-19.25975,4.710833,1,2020-06-17,11:47:02 10 Aug 2020,40000
2020,President,Trump,Biden,,33,0.0226875,4.203055,0.2907,0.7093,,0.6832646,0.9461088,0.8445838,0.8811673,46.38203,52.53802,,1.079947,39.10622,45.25009,,0.5541059,53.68829,59.83117,,1.675244,-6.155988,-20.70536,8.409863,1,2020-06-17,11:47:02 10 Aug 2020,40000
2020,President,Trump,Biden,,34,0.0079,0.2879771,0.0472,0.9528,,0.7155721,0.7853432,0.1436165,0.9825362,39.85827,59.28718,,0.8545443,32.76443,52.19557,,0.4405875,46.94686,66.37256,,1.321355,-19.42891,-33.59879,-5.268669,1,2020-06-17,11:47:02 10 Aug 2020,40000
2020,President,Trump,Biden,,31,1.25e-05,0.002115,0.9727,0.0273,,0.2416213,0.9945055,0.9993622,0.0356498,58.51208,39.61034,,1.877569,52.50834,33.67479,,0.9503255,64.47704,45.60255,,2.938076,18.90174,6.975832,30.768,1,2020-06-17,11:47:02 10 Aug 2020,40000
2020,President,Trump,Biden,,36,0.0023,0.042191,0.0081,0.9919,,0.7654321,0.7658786,0.0263633,0.9975052,36.18532,62.70976,,1.104918,29.92245,56.46127,,0.5666419,42.42982,68.9707,,1.714529,-26.52444,-39.0265,-14.05071,1,2020-06-17,11:47:02 10 Aug 2020,40000
2020,President,Trump,Biden,,37,0.0509875,1.451656,0.440225,0.559775,,0.513601,0.9832969,0.9614117,0.7227456,48.93582,50.2393,,0.8248754,43.39439,44.73228,,0.4255922,54.43847,55.74348,,1.274873,-1.303481,-12.34272,9.677734,1,2020-06-17,11:47:02 10 Aug 2020,40000
2020,President,Trump,Biden,,38,5e-05,0.0191209,0.97775,0.02225,,0.2402966,0.9898877,0.9990433,0.0289203,60.32223,36.95806,,2.719707,53.32709,30.12676,,1.365454,67.22414,43.92314,,4.273971,23.36417,9.522907,37.00979,1,2020-06-17,11:47:02 10 Aug 2020,40000
2020,President,Trump,Biden,,39,0.035375,0.8866567,0.47945,0.52055,,0.4865992,0.9962059,0.9920272,0.6809244,49.27413,49.69733,,1.028535,43.6408,44.08287,,0.5282717,54.87695,55.35362,,1.594362,-0.4231995,-11.68599,10.76791,1,2020-06-17,11:47:02 10 Aug 2020,40000
2020,President,Trump,Biden,,15,0.0002125,0.0686373,0.006775,0.993225,,0.6236162,0.7593446,0.0176336,0.9966303,29.48838,68.86632,,1.645302,20.80684,60.04888,,0.8293226,38.32096,77.61169,,2.576465,-39.37794,-56.77977,-21.73217,1,2020-06-16,11:25:22 10 Aug 2020,40000
2020,President,Trump,Biden,,26,0.04705,1.329155,0.125975,0.874025,,0.9553483,0.8595006,0.5022955,0.992699,44.50453,54.31724,,1.178235,39.00425,48.80463,,0.5984124,50.02922,59.81264,,1.836588,-9.812708,-20.77721,1.223059,1,2020-06-16,11:25:22 10 Aug 2020,40000
2020,President,Trump,Biden,,25,0.0005375,0.0227804,0.0088,0.9912,,0.7784091,0.7615012,0.0285893,0.9974232,33.88792,64.60152,,1.510563,26.59493,57.10194,,0.7629215,41.35892,71.9054,,2.362626,-30.7136,-45.30211,-15.77239,1,2020-06-16,11:25:22 10 Aug 2020,40000
2020,President,Trump,Biden,,24,0.00045,0.022975,0.003025,0.996975,,0.7933884,0.7584192,0.0100167,0.9991741,35.32789,63.29824,,1.373873,29.64438,57.57328,,0.695346,41.04713,69.01205,,2.145883,-27.97035,-39.33661,-16.54255,1,2020-06-16,11:25:22 10 Aug 2020,40000
2020,President,Trump,Biden,,23,0.0043375,0.8125643,0.176375,0.823625,,0.7512403,0.8659888,0.553005,0.9425173,44.13826,54.46585,,1.395889,36.9001,47.21376,,0.7070094,51.42838,61.72243,,2.180983,-10.32759,-24.76792,4.209852,1,2020-06-16,11:25:22 10 Aug 2020,40000
2020,President,Trump,Biden,,22,0.00185,0.1292798,0.902025,0.097975,,0.2628807,0.9747385,0.9896703,0.1261976,57.06095,42.11119,,0.827855,49.65416,34.78275,,0.423513,64.38759,49.50838,,1.284161,14.94976,0.1613235,29.56808,1,2020-06-16,11:25:22 10 Aug 2020,40000
2020,President,Trump,Biden,,21,0.0001625,0.0123448,0.974425,0.025575,,0.2456834,0.9921799,0.9991653,0.0335316,59.76888,39.01725,,1.213877,53.29058,32.65528,,0.6161188,66.14842,45.47426,,1.892986,20.75163,7.83564,33.47489,1,2020-06-16,11:25:22 10 Aug 2020,40000
2020,President,Trump,Biden,,20,0.0002375,0.0272964,0.91625,0.08375,,0.261337,0.9982089,0.999374,0.1104724,55.57547,42.60161,,1.82292,49.58059,36.66322,,0.9166447,61.54269,48.63825,,2.858742,12.97385,0.9835854,24.83814,1,2020-06-16,11:25:22 10 Aug 2020,40000
2020,President,Trump,Biden,,19,0.0041125,0.371036,0.636625,0.363375,,0.3751424,0.9978672,0.9967654,0.4791543,50.94599,47.67926,,1.374755,44.64187,41.41661,,0.6957825,57.23037,53.98763,,2.147279,3.266729,-9.310135,15.76383,1,2020-06-16,11:25:22 10 Aug 2020,40000
2020,President,Trump,Biden,,18,0.0002625,0.0126242,0.8924,0.1076,,0.2681813,0.9974442,0.9988523,0.1418236,54.92092,43.60314,,1.475943,49.04085,37.80369,,0.745821,60.74335,49.48215,,2.307702,11.31778,-0.4260311,22.89749,1,2020-06-16,11:25:22 10 Aug 2020,40000
2020,President,Trump,Biden,,17,0.00555,0.1408185,0.0206,0.9794,,0.8167475,0.768838,0.0702212,0.9950446,38.46812,59.97503,,1.556854,32.1554,53.6022,,0.7857524,44.82872,66.32706,,2.4361,-21.50692,-34.16477,-8.80798,1,2020-06-16,11:25:22 10 Aug 2020,40000
2020,President,Trump,Biden,,16,0.0001375,0.0269833,0.981525,0.018475,,0.2438298,0.985115,0.9988523,0.0240502,62.13895,34.6992,,3.161844,54.25912,27.11143,,1.567786,69.79994,42.53364,,4.9987,27.43975,11.86075,42.55864,1,2020-06-16,11:25:22 10 Aug 2020,40000
2020,President,Trump,Biden,,28,0.0018875,0.2221294,0.86675,0.13325,,0.2714739,0.9673546,0.9820534,0.1703337,55.15705,44.03873,,0.8042225,48.62911,37.56915,,0.4116541,61.60958,50.58524,,1.246972,11.11833,-1.951971,24.03268,1,2020-06-16,11:25:22 10 Aug 2020,40000
2020,President,Trump,Biden,,13,0.019425,0.6393334,0.590875,0.409125,,0.3998308,0.9914452,0.9860184,0.5360093,50.45351,48.74867,,0.7978218,45.47523,43.78331,,0.4084407,55.40739,53.73187,,1.236921,1.704836,-8.246742,11.61172,1,2020-06-16,11:25:22 10 Aug 2020,40000
2020,President,Trump,Biden,,12,0.236275,3.304475,0.31885,0.68115,,0.7214991,0.9856126,0.9601419,0.887149,47.55375,51.62057,,0.8256873,41.89948,46.03185,,0.4224256,53.15431,57.28469,,1.280748,-4.066821,-15.36563,7.10603,1,2020-06-16,11:25:22 10 Aug 2020,40000
2020,President,Trump,Biden,,11,0.0,0.0,2.5e-05,0.999975,,0.0,0.7567439,0.0,0.999967,5.975292,90.44944,,3.575269,2.133185,85.74318,,1.766704,10.14873,94.79434,,5.663338,-84.47414,-92.44174,-75.97011,1,2020-06-16,11:25:22 10 Aug 2020,40000
2020,President,Trump,Biden,,10,0.000225,0.0723267,0.00395,0.99605,,0.9746835,0.7596506,0.0160684,0.9998679,37.47741,61.34976,,1.172833,32.19066,55.98203,,0.5957274,42.84196,66.66664,,1.828041,-23.87236,-34.46389,-13.1756,1,2020-06-16,11:25:22 10 Aug 2020,40000
2020,President,Trump,Biden,,09,0.0022125,0.1915102,0.0318,0.9682,,0.8734277,0.7774478,0.1159224,0.9946812,39.66069,59.40982,,0.929498,33.09672,52.74915,,0.4744317,46.35073,65.98444,,1.444042,-19.74913,-32.88454,-6.416607,1,2020-06-16,11:25:22 10 Aug 2020,40000
2020,President,Trump,Biden,,08,0.0273375,1.324419,0.12955,0.87045,,0.8957931,0.8542421,0.4843489,0.98259,43.80032,54.26982,,1.929867,37.84532,48.28645,,0.9690995,49.7801,60.27351,,3.028837,-10.4695,-22.39574,1.470953,1,2020-06-16,11:25:22 10 Aug 2020,40000
2020,President,Trump,Biden,,06,0.0029125,0.0285863,0.004675,0.995325,,0.8074867,0.7594002,0.0157554,0.9988107,34.74924,63.33367,,1.917098,28.59493,57.15213,,0.9628411,40.92844,69.54033,,3.008555,-28.58443,-40.89514,-16.27752,1,2020-06-16,11:25:22 10 Aug 2020,40000
2020,President,Trump,Biden,,05,0.000525,0.0653524,0.900625,0.099375,,0.2647606,0.9884277,0.9952003,0.1297985,56.14367,42.2121,,1.644238,49.15308,35.32469,,0.8287987,63.05933,49.1543,,2.574777,13.93157,0.0498104,27.68473,1,2020-06-16,11:25:22 10 Aug 2020,40000
2020,President,Trump,Biden,,04,0.0506125,2.55798,0.41075,0.58925,,0.553378,0.977641,0.9486644,0.7612488,48.25909,50.36387,,1.377045,42.27279,44.37344,,0.6969158,54.22867,56.38501,,2.150903,-2.104779,-14.07464,9.833923,1,2020-06-16,11:25:22 10 Aug 2020,40000
2020,President,Trump,Biden,,02,0.0016875,0.7464933,0.80425,0.19575,,0.2905813,0.9694764,0.9753757,0.2507764,53.92812,43.49942,,2.572455,45.912,35.64149,,1.282557,61.81578,51.5342,,4.054359,10.4287,-5.547741,26.10625,1,2020-06-16,11:25:22 10 Aug 2020,40000
2020,President,Trump,Biden,,01,0.000275,0.018417,0.97015,0.02985,,0.2463537,0.9798995,0.9974958,0.0386521,59.47146,39.71877,,0.8097706,53.21444,33.45929,,0.4144389,65.73082,45.98776,,1.25569,19.7527,7.233923,32.2564,1,2020-06-16,11:25:22 10 Aug 2020,40000
2020,President,Trump,Biden,,27,0.0842125,3.914581,0.2104,0.7896,,0.8222433,0.9122024,0.7220367,0.9518005,45.79163,52.72299,,1.485376,40.17593,47.13708,,0.7504763,51.38974,58.33108,,2.322665,-6.93136,-18.14684,4.21105,1,2020-06-16,11:25:22 10 Aug 2020,40000
2020,President,Trump,Biden,,56,1.25e-05,0.0063295,0.99685,0.00315,,0.2401816,0.9444444,0.9992696,0.0039313,68.00683,28.53833,,3.454839,60.52052,21.3204,,1.708776,75.3698,35.93509,,5.469392,39.46849,24.70904,53.85764,1,2020-06-16,11:25:22 10 Aug 2020,40000
2020,President,Trump,Biden,,29,0.00105,0.0520622,0.840925,0.159075,,0.2842406,0.9963853,0.9976001,0.2094483,53.94963,44.58036,,1.470005,47.7867,38.48001,,0.7428902,60.06602,50.76877,,2.298284,9.369273,-2.917484,21.59556,1,2020-06-16,11:25:22 10 Aug 2020,40000
2020,President,Trump,Biden,,42,0.1922875,4.349951,0.2135,0.7865,,0.8798595,0.9307057,0.784015,0.9672943,46.42736,52.81878,,0.7538621,41.13066,47.55818,,0.3863631,51.68272,58.10496,,1.167829,-6.391428,-16.96441,4.107895,1,2020-06-16,11:25:22 10 Aug 2020,40000
2020,President,Trump,Biden,,30,0.0004,0.1098608,0.889175,0.110825,,0.2682824,0.9905256,0.9956177,0.1450611,55.28458,42.14348,,2.571938,48.30276,35.29691,,1.282306,62.16689,49.11426,,4.053533,13.1411,-0.7000217,26.80042,1,2020-06-16,11:25:22 10 Aug 2020,40000
2020,President,Trump,Biden,,55,0.0838375,3.914834,0.2112,0.7888,,0.8577178,0.9224455,0.7560518,0.961513,45.85976,53.10373,,1.036513,40.04316,47.30223,,0.5278943,51.65197,58.94481,,1.612752,-7.243975,-18.92747,4.335791,1,2020-06-16,11:25:22 10 Aug 2020,40000
2020,President,Trump,Biden,,54,0.0,0.0,0.991225,0.008775,,0.241595,0.985755,0.9994783,0.0114305,65.39534,32.74935,,1.855311,57.64742,25.26139,,0.9325413,72.91898,40.48888,,2.910299,32.64599,17.19915,47.60847,1,2020-06-16,11:25:22 10 Aug 2020,40000
2020,President,Trump,Biden,,53,0.001675,0.0671045,0.013625,0.986375,,0.8697248,0.7654036,0.0494574,0.9976544,37.19267,60.56329,,2.244047,30.8397,54.19128,,1.122669,43.58713,66.95381,,3.529641,-23.37062,-36.04919,-10.68736,1,2020-06-16,11:25:22 10 Aug 2020,40000
2020,President,Trump,Biden,,51,0.01995,0.6744715,0.07,0.93,,0.9632143,0.8109677,0.2814065,0.9966303,43.61599,55.34748,,1.036527,38.53556,50.26047,,0.527901,48.7071,60.43073,,1.612773,-11.73148,-21.88085,-1.559217,1,2020-06-16,11:25:22 10 Aug 2020,40000
2020,President,Trump,Biden,,50,0.0001625,0.070016,0.007475,0.992525,,0.7591973,0.7606609,0.0236853,0.9976544,30.93064,66.31589,,2.753471,22.78313,57.97169,,1.370374,39.2389,74.49474,,4.344121,-35.38525,-51.58975,-18.84066,1,2020-06-16,11:25:22 10 Aug 2020,40000
2020,President,Trump,Biden,,49,0.000875,0.0997036,0.920125,0.079875,,0.2591767,0.9859155,0.9953047,0.1040634,55.9036,40.76658,,3.329823,48.96046,33.99001,,1.648664,62.72481,47.68031,,5.26856,15.13702,1.446653,28.54258,1,2020-06-16,11:25:22 10 Aug 2020,40000
2020,President,Trump,Biden,,47,0.000525,0.0298107,0.926825,0.073175,,0.2575459,0.9877007,0.9962437,0.0955071,57.21584,41.66823,,1.115934,50.40691,34.95478,,0.5674316,63.92406,48.48129,,1.738125,15.54761,1.94915,28.93107,1,2020-06-16,11:25:22 10 Aug 2020,40000
2020,President,Trump,Biden,,46,0.0004625,0.1667692,0.9386,0.0614,,0.2539154,0.9788274,0.9946786,0.0794186,59.15145,39.33562,,1.512932,51.12621,31.44284,,0.7640926,67.05643,47.36812,,2.366386,19.81583,3.812799,35.58182,1,2020-06-16,11:25:22 10 Aug 2020,40000
2020,President,Trump,Biden,,45,0.000925,0.0591164,0.8511,0.1489,,0.2806368,0.994963,0.9968698,0.1957714,54.00478,45.0937,,0.901517,48.47674,39.66728,,0.4604259,59.43635,50.655,,1.399998,8.911077,-2.176968,19.73908,1,2020-06-16,11:25:22 10 Aug 2020,40000
2020,President,Trump,Biden,,44,0.0010375,0.3086786,0.034125,0.965875,,0.8021978,0.7765239,0.1142529,0.9911133,37.15817,61.37932,,1.462512,29.12985,53.24107,,0.739188,45.27877,69.4129,,2.286395,-24.22115,-40.25776,-7.942274,1,2020-06-16,11:25:22 10 Aug 2020,40000
2020,President,Trump,Biden,,48,0.011225,0.168191,0.690375,0.309625,,0.3462973,0.9982237,0.9978089,0.4084242,51.67115,47.33225,,0.996604,45.8731,41.58477,,0.5079757,57.43449,53.13729,,1.549805,4.338901,-7.244339,15.84852,1,2020-06-16,11:25:22 10 Aug 2020,40000
2020,President,Trump,Biden,,41,0.0094375,0.6388115,0.0932,0.9068,,0.7245172,0.806545,0.2818239,0.9664685,41.24131,56.32124,,2.437446,33.96494,48.95721,,1.216881,48.58608,63.64436,,3.838555,-15.07993,-29.62713,-0.4408607,1,2020-06-16,11:25:22 10 Aug 2020,40000
2020,President,Trump,Biden,,35,0.0120375,2.096534,0.093075,0.906925,,0.8990062,0.8243515,0.3492279,0.9879419,42.69171,55.46703,,1.841263,36.50282,49.26577,,0.9256476,48.89397,61.693,,2.887942,-12.77531,-25.15634,-0.4090824,1,2020-06-16,11:25:22 10 Aug 2020,40000
2020,President,Trump,Biden,,40,0.000125,0.0129235,0.988675,0.011325,,0.2421928,0.986755,0.999374,0.0147671,62.76424,36.02415,,1.211609,56.12981,29.48013,,0.6149923,69.33693,42.65832,,1.889402,26.7401,13.51752,39.81557,1,2020-06-16,11:25:22 10 Aug 2020,40000
2020,President,Trump,Biden,,32,0.04235,4.91281,0.21395,0.78605,,0.8101192,0.9128236,0.7233931,0.9481665,45.50836,52.73469,,1.756954,39.54545,46.76408,,0.8842444,51.49354,58.72723,,2.753897,-7.22633,-19.12484,4.698294,1,2020-06-16,11:25:22 10 Aug 2020,40000
2020,President,Trump,Biden,,33,0.0241375,4.486852,0.294425,0.705575,,0.6849792,0.9435567,0.8417153,0.8797489,46.44858,52.47257,,1.078843,39.19719,45.24192,,0.5489798,53.70279,59.72858,,1.679557,-6.023991,-20.51137,8.46035,1,2020-06-16,11:25:22 10 Aug 2020,40000
2020,President,Trump,Biden,,34,0.0068125,0.2468696,0.046725,0.953275,,0.7191011,0.7801526,0.1402337,0.9827552,39.90541,59.2384,,0.8561897,32.88929,52.12128,,0.437721,47.03503,66.26753,,1.328712,-19.33298,-33.35135,-5.08757,1,2020-06-16,11:25:22 10 Aug 2020,40000
2020,President,Trump,Biden,,31,0.0001125,0.0179376,0.974875,0.025125,,0.2456982,0.9970149,0.999687,0.0331021,58.56603,39.55455,,1.879424,52.55132,33.66349,,0.9440027,64.47776,45.54382,,2.94634,19.01149,7.08391,30.77407,1,2020-06-16,11:25:22 10 Aug 2020,40000
2020,President,Trump,Biden,,36,0.002275,0.0420399,0.0083,0.9917,,0.7680723,0.7611425,0.0266068,0.9974563,36.25347,62.63962,,1.106916,30.09477,56.35048,,0.5629469,42.53763,68.80828,,1.723882,-26.38615,-38.68777,-13.82858,1,2020-06-16,11:25:22 10 Aug 2020,40000
2020,President,Trump,Biden,,37,0.04955,1.409755,0.4443,0.5557,,0.516993,0.9814648,0.9586811,0.7207136,49.02284,50.1748,,0.8023651,43.51185,44.65945,,0.4107216,54.55407,55.66959,,1.244055,-1.151956,-12.14902,9.891623,1,2020-06-16,11:25:22 10 Aug 2020,40000
2020,President,Trump,Biden,,38,1.25e-05,0.0052254,0.980525,0.019475,,0.2442569,0.9948652,0.9995826,0.0256029,60.42675,36.85999,,2.713263,53.46051,30.10324,,1.350896,67.27261,43.82323,,4.27967,23.56676,9.711306,37.10919,1,2020-06-16,11:25:22 10 Aug 2020,40000
2020,President,Trump,Biden,,39,0.03525,0.8872061,0.49035,0.50965,,0.484144,0.9955852,0.990818,0.6704988,49.35837,49.61472,,1.026909,43.72263,44.02893,,0.5231023,54.93465,55.22852,,1.59759,-0.2563567,-11.49769,10.91163,1,2020-06-16,11:25:22 10 Aug 2020,40000
2020,President,Trump,Biden,,16,0.0001125,0.0201056,0.983525,0.016475,,0.2517475,0.9878604,0.9991929,0.0217282,62.24371,34.58563,,3.170655,54.56792,27.06899,,1.578198,69.83119,42.17142,,5.010658,27.65808,12.51932,42.60634,1,2020-06-15,11:27:55 10 Aug 2020,40000
2020,President,Trump,Biden,,26,0.048,1.356773,0.130475,0.869525,,0.9620617,0.8557833,0.5065577,0.9934582,44.65882,54.20316,,1.138022,39.16262,48.70675,,0.5803989,50.15398,59.66644,,1.77259,-9.544342,-20.4764,1.42062,1,2020-06-15,11:27:55 10 Aug 2020,40000
2020,President,Trump,Biden,,25,0.0004,0.0172504,0.00795,0.99205,,0.8050314,0.7534651,0.0258273,0.9979306,33.97839,64.51914,,1.502471,26.71368,57.11199,,0.7617019,41.35807,71.79747,,2.349096,-30.54076,-45.05344,-15.75397,1,2020-06-15,11:27:55 10 Aug 2020,40000
2020,President,Trump,Biden,,24,0.000325,0.0166779,0.00305,0.99695,,0.7868853,0.7506645,0.0096852,0.9991322,35.40062,63.23045,,1.36894,29.77984,57.57259,,0.6954201,41.04321,68.86737,,2.137468,-27.82983,-39.06382,-16.5708,1,2020-06-15,11:27:55 10 Aug 2020,40000
2020,President,Trump,Biden,,23,0.004,0.7533506,0.184025,0.815975,,0.7520717,0.862649,0.558515,0.939755,44.28917,54.32915,,1.381681,37.00877,47.0666,,0.7024732,51.53455,61.59499,,2.157986,-10.03998,-24.55042,4.407827,1,2020-06-15,11:27:55 10 Aug 2020,40000
2020,President,Trump,Biden,,22,0.0015375,0.1077785,0.90565,0.09435,,0.2703031,0.9679385,0.9878935,0.1219252,57.15243,42.01797,,0.8295971,49.786,34.74298,,0.4257965,64.44405,49.36766,,1.286617,15.13446,0.413002,29.72892,1,2020-06-15,11:27:55 10 Aug 2020,40000
2020,President,Trump,Biden,,21,0.0002,0.0149636,0.97555,0.02445,,0.2538312,0.9928426,0.9992938,0.0324088,59.81368,38.97914,,1.207187,53.42176,32.65876,,0.6149101,66.16014,45.34097,,1.881737,20.83454,8.084923,33.48143,1,2020-06-15,11:27:55 10 Aug 2020,40000
2020,President,Trump,Biden,,20,3.75e-05,0.0042509,0.92085,0.07915,,0.2689635,0.9984207,0.9994956,0.1055038,55.67339,42.51291,,1.81371,49.6995,36.62225,,0.9154415,61.56311,48.48345,,2.843042,13.16048,1.264349,24.89553,1,2020-06-15,11:27:55 10 Aug 2020,40000
2020,President,Trump,Biden,,19,0.0037625,0.339715,0.64055,0.35945,,0.385411,0.997218,0.9962671,0.4785554,51.03388,47.5979,,1.368224,44.7545,41.33128,,0.6950643,57.25658,53.84484,,2.136335,3.435986,-9.015938,15.91448,1,2020-06-15,11:27:55 10 Aug 2020,40000
2020,President,Trump,Biden,,18,0.0004375,0.022208,0.897175,0.102825,,0.2759216,0.9975687,0.9989911,0.1369447,55.03688,43.49738,,1.465736,49.16469,37.72905,,0.7434839,60.80589,49.35275,,2.290873,11.5395,-0.1538925,23.01848,1,2020-06-15,11:27:55 10 Aug 2020,40000
2020,President,Trump,Biden,,17,0.004725,0.1202357,0.021125,0.978875,,0.824852,0.7614353,0.0703188,0.9950936,38.53953,59.89982,,1.560646,32.24193,53.63295,,0.7905192,44.80591,66.19316,,2.441349,-21.36029,-33.91527,-8.855223,1,2020-06-15,11:27:55 10 Aug 2020,40000
2020,President,Trump,Biden,,28,0.0017375,0.2065233,0.86735,0.13265,,0.2805673,0.9664531,0.982042,0.1711558,55.16886,44.02987,,0.8012717,48.67237,37.54644,,0.4115432,61.63911,50.5393,,1.242077,11.13899,-1.856298,24.08148,1,2020-06-15,11:27:55 10 Aug 2020,40000
2020,President,Trump,Biden,,01,0.0003125,0.0203727,0.9716,0.0284,,0.254297,0.9744718,0.9970742,0.036948,59.53244,39.6615,,0.8060609,53.306,33.5016,,0.413954,65.70302,45.8878,,1.249606,19.87095,7.407349,32.19341,1,2020-06-15,11:27:55 10 Aug 2020,40000
2020,President,Trump,Biden,,15,0.0001125,0.0373493,0.007775,0.992225,,0.5369775,0.7512661,0.0168483,0.9951938,29.51232,68.83824,,1.649434,20.79233,59.9111,,0.8344082,38.45471,77.57751,,2.582144,-39.32592,-56.76344,-21.45074,1,2020-06-15,11:27:55 10 Aug 2020,40000
2020,President,Trump,Biden,,13,0.0198,0.6559461,0.59085,0.40915,,0.4135144,0.9913235,0.9859766,0.541504,50.48104,48.72454,,0.7944205,45.53583,43.81496,,0.4080938,55.39503,53.67655,,1.231308,1.756493,-8.12982,11.58444,1,2020-06-15,11:27:55 10 Aug 2020,40000
2020,President,Trump,Biden,,12,0.24855,3.475464,0.3154,0.6846,,0.7485732,0.9823985,0.9527845,0.8979006,47.56403,51.61302,,0.8229478,42.04587,46.07597,,0.4224517,53.08652,57.14742,,1.276159,-4.048987,-15.08853,6.98325,1,2020-06-15,11:27:55 10 Aug 2020,40000
2020,President,Trump,Biden,,11,0.0,0.0,0.0,1.0,,,0.749025,0.0,1.0,5.977263,90.44019,,3.582549,2.19273,85.74017,,1.77711,10.10736,94.73341,,5.673003,-84.46292,-92.33004,-75.96057,1,2020-06-15,11:27:55 10 Aug 2020,40000
2020,President,Trump,Biden,,10,8.75e-05,0.0264017,0.004975,0.995025,,0.9296482,0.7524183,0.0186642,0.9995327,37.59603,61.23626,,1.167717,32.34667,55.92953,,0.5952286,42.88309,66.49081,,1.819455,-23.64023,-34.10893,-13.05576,1,2020-06-15,11:27:55 10 Aug 2020,40000
2020,President,Trump,Biden,,09,0.00245,0.2102858,0.0341,0.9659,,0.8739003,0.7711202,0.1202583,0.9943927,39.75485,59.31984,,0.9253124,33.16374,52.67134,,0.4738899,46.41354,65.90979,,1.437178,-19.56499,-32.74729,-6.255785,1,2020-06-15,11:27:55 10 Aug 2020,40000
2020,President,Trump,Biden,,08,0.0257875,1.254195,0.12915,0.87085,,0.9022455,0.8460125,0.4702381,0.983612,43.87747,54.20135,,1.921176,37.89511,48.28808,,0.9683607,49.77698,60.19765,,3.013898,-10.32388,-22.23158,1.457012,1,2020-06-15,11:27:55 10 Aug 2020,40000
2020,President,Trump,Biden,,06,0.003,0.0298268,0.004775,0.995225,,0.7748691,0.7515386,0.0149314,0.9985648,34.75721,63.33051,,1.912281,28.64689,57.08368,,0.963984,40.98393,69.47835,,2.999747,-28.5733,-40.78034,-16.15264,1,2020-06-15,11:27:55 10 Aug 2020,40000
2020,President,Trump,Biden,,05,0.0006,0.0734442,0.901875,0.098125,,0.2734581,0.9877707,0.9952583,0.1294015,56.12948,42.22731,,1.643212,49.23072,35.41008,,0.8313351,62.95431,49.14569,,2.572275,13.90217,0.11026,27.48744,1,2020-06-15,11:27:55 10 Aug 2020,40000
2020,President,Trump,Biden,,04,0.0496875,2.518397,0.419325,0.580675,,0.5608419,0.9773539,0.9490517,0.757685,48.37373,50.25813,,1.368141,42.41177,44.36148,,0.695023,54.26355,56.18553,,2.136204,-1.884389,-13.74962,9.910452,1,2020-06-15,11:27:55 10 Aug 2020,40000
2020,President,Trump,Biden,,02,0.0020125,0.8917769,0.811925,0.188075,,0.2980263,0.9682308,0.9764931,0.2431161,54.01921,43.4009,,2.57989,46.11917,35.56115,,1.291002,61.85931,51.30693,,4.06448,10.61831,-5.123922,26.14574,1,2020-06-15,11:27:55 10 Aug 2020,40000
2020,President,Trump,Biden,,27,0.0744,3.465727,0.217175,0.782825,,0.8223783,0.9083767,0.7207425,0.9493675,45.90214,52.62283,,1.475023,40.29932,47.01934,,0.7480909,51.48663,58.2033,,2.305591,-6.720693,-17.86076,4.43404,1,2020-06-15,11:27:55 10 Aug 2020,40000
2020,President,Trump,Biden,,41,0.0092625,0.6271509,0.095175,0.904825,,0.725243,0.7991324,0.2785513,0.965355,41.2739,56.28157,,2.444521,33.97718,48.90752,,1.224941,48.63644,63.57318,,3.848103,-15.00767,-29.53363,-0.331686,1,2020-06-15,11:27:55 10 Aug 2020,40000
2020,President,Trump,Biden,,29,0.00095,0.0481569,0.843175,0.156825,,0.2929404,0.9948988,0.9967716,0.2083041,54.01693,44.51851,,1.464564,47.91301,38.45115,,0.7429022,60.09372,50.59732,,2.289015,9.498416,-2.658281,21.60711,1,2020-06-15,11:27:55 10 Aug 2020,40000
2020,President,Trump,Biden,,44,0.0011625,0.3518302,0.033875,0.966125,,0.8125461,0.7688187,0.1110775,0.9916558,37.2673,61.2665,,1.466201,29.23415,53.19697,,0.7437145,45.35234,69.28555,,2.29161,-23.9992,-40.02684,-7.848406,1,2020-06-15,11:27:55 10 Aug 2020,40000
2020,President,Trump,Biden,,56,1.25e-05,0.0061867,0.997025,0.002975,,0.248389,0.9495798,0.9993947,0.0037716,68.06664,28.46916,,3.464201,60.71452,21.37078,,1.720075,75.30922,35.69789,,5.482622,39.59748,25.17384,53.81215,1,2020-06-15,11:27:55 10 Aug 2020,40000
2020,President,Trump,Biden,,55,0.1033375,4.817291,0.243025,0.756975,,0.8267668,0.9357971,0.8108354,0.9457294,46.38913,52.57423,,1.036631,40.59559,46.80355,,0.5296993,52.15459,58.35514,,1.612654,-6.185099,-17.73523,5.340557,1,2020-06-15,11:27:55 10 Aug 2020,40000
2020,President,Trump,Biden,,54,3.75e-05,0.0083242,0.99235,0.00765,,0.2494836,0.9705882,0.999092,0.0099129,65.52537,32.62572,,1.848917,57.92457,25.17586,,0.932788,73.01322,40.23211,,2.898986,32.89965,17.74911,47.77082,1,2020-06-15,11:27:55 10 Aug 2020,40000
2020,President,Trump,Biden,,53,0.0017,0.0671428,0.0137,0.9863,,0.8631387,0.7575281,0.0477199,0.9974967,37.26508,60.50024,,2.234677,30.87296,54.06404,,1.1223,43.68712,66.92719,,3.513243,-23.23516,-35.99986,-10.45398,1,2020-06-15,11:27:55 10 Aug 2020,40000
2020,President,Trump,Biden,,51,0.0211125,0.7151791,0.071325,0.928675,,0.9695058,0.8042641,0.2790557,0.997163,43.69564,55.27264,,1.031714,38.67237,50.24259,,0.5272392,48.73029,60.30429,,1.6049,-11.577,-21.61116,-1.524645,1,2020-06-15,11:27:55 10 Aug 2020,40000
2020,President,Trump,Biden,,50,0.0002625,0.1216026,0.007825,0.992175,,0.6773163,0.7523874,0.0213882,0.9966289,31.04403,66.19504,,2.760937,23.01908,57.88543,,1.379209,39.2788,74.32478,,4.354346,-35.151,-51.21331,-18.69907,1,2020-06-15,11:27:55 10 Aug 2020,40000
2020,President,Trump,Biden,,49,0.000775,0.0895671,0.925425,0.074575,,0.2663641,0.9825679,0.9947538,0.0978272,55.97886,40.70287,,3.31827,49.13956,33.97262,,1.649598,62.80366,47.49372,,5.24784,15.27598,1.778215,28.71618,1,2020-06-15,11:27:55 10 Aug 2020,40000
2020,President,Trump,Biden,,48,0.010975,0.1651916,0.696225,0.303775,,0.3552372,0.9982718,0.9980831,0.4048597,51.7302,47.27634,,0.9934555,46.00599,41.66109,,0.5080831,57.33721,53.01575,,1.544579,4.453857,-7.012751,15.66722,1,2020-06-15,11:27:55 10 Aug 2020,40000
2020,President,Trump,Biden,,47,0.00065,0.0358792,0.930775,0.069225,,0.265236,0.9866378,0.9962671,0.0911852,57.29482,41.59585,,1.109335,50.57793,34.96326,,0.5660628,63.95586,48.31611,,1.727285,15.69897,2.274998,28.96737,1,2020-06-15,11:27:55 10 Aug 2020,40000
2020,President,Trump,Biden,,46,0.00025,0.0919638,0.941475,0.058525,,0.2614515,0.9718069,0.9933414,0.075932,59.24062,39.2426,,1.516789,51.32973,31.42544,,0.768799,67.06898,47.15973,,2.371794,19.99802,4.204428,35.62627,1,2020-06-15,11:27:55 10 Aug 2020,40000
2020,President,Trump,Biden,,45,0.0011625,0.0754301,0.8572,0.1428,,0.2884391,0.9961485,0.9977804,0.1899136,54.06031,45.04261,,0.8970869,48.58708,39.62191,,0.4597091,59.46574,50.49639,,1.392755,9.017696,-1.906412,19.83214,1,2020-06-15,11:27:55 10 Aug 2020,40000
2020,President,Trump,Biden,,30,0.0007,0.1906439,0.89465,0.10535,,0.275415,0.9864737,0.9943503,0.138747,55.38101,42.06244,,2.556545,48.51475,35.23156,,1.279614,62.23835,48.91569,,4.027126,13.31857,-0.3250084,26.92086,1,2020-06-15,11:27:55 10 Aug 2020,40000
2020,President,Trump,Biden,,42,0.180325,4.081573,0.2218,0.7782,,0.8717313,0.9269468,0.7802663,0.963052,46.54135,52.71936,,0.7392879,41.2892,47.49499,,0.3803089,51.7686,57.97671,,1.144741,-6.178007,-16.66944,4.252491,1,2020-06-15,11:27:55 10 Aug 2020,40000
2020,President,Trump,Biden,,39,0.0345375,0.8670041,0.4982,0.5018,,0.4929747,0.9955161,0.9911219,0.6669337,49.4589,49.52111,,1.01999,43.8744,43.96783,,0.5213721,55.00954,55.11499,,1.586411,-0.0622112,-11.20964,11.04782,1,2020-06-15,11:27:55 10 Aug 2020,40000
2020,President,Trump,Biden,,38,2.5e-05,0.0107026,0.98195,0.01805,,0.2522022,0.9916897,0.9993947,0.0238977,60.5413,36.75991,,2.698791,53.65514,29.98886,,1.348953,67.36143,43.62125,,4.254822,23.78139,10.16643,37.3294,1,2020-06-15,11:27:55 10 Aug 2020,40000
2020,President,Trump,Biden,,37,0.0511375,1.453839,0.448575,0.551425,,0.5285627,0.979553,0.95682,0.7211375,49.06382,50.13742,,0.7987592,43.60387,44.69122,,0.4102784,54.51555,55.59904,,1.238128,-1.073595,-11.96204,9.813341,1,2020-06-15,11:27:55 10 Aug 2020,40000
2020,President,Trump,Biden,,36,0.0020125,0.0365796,0.007,0.993,,0.8035714,0.7529456,0.0226998,0.9981977,36.28736,62.60947,,1.10317,30.19567,56.45229,,0.5629807,42.4538,68.67612,,1.717542,-26.32211,-38.48006,-14.01818,1,2020-06-15,11:27:55 10 Aug 2020,40000
2020,President,Trump,Biden,,35,0.00955,1.658044,0.0918,0.9082,,0.9038671,0.815294,0.3348466,0.9885518,42.68957,55.47456,,1.835873,36.51797,49.31944,,0.9263623,48.86392,61.64597,,2.878254,-12.78499,-25.08481,-0.4977264,1,2020-06-15,11:27:55 10 Aug 2020,40000
2020,President,Trump,Biden,,34,0.0076125,0.2761823,0.04605,0.95395,,0.7453855,0.7730489,0.138519,0.9845466,39.9546,59.19237,,0.8530296,32.94389,52.12569,,0.4375786,47.01994,66.19361,,1.323478,-19.23777,-33.23042,-5.117216,1,2020-06-15,11:27:55 10 Aug 2020,40000
2020,President,Trump,Biden,,33,0.020975,3.883615,0.29815,0.70185,,0.6983062,0.9409062,0.8401937,0.8816462,46.53421,52.38958,,1.076205,39.30092,45.14334,,0.5495,53.78342,59.61908,,1.675035,-5.855365,-20.30363,8.614784,1,2020-06-15,11:27:55 10 Aug 2020,40000
2020,President,Trump,Biden,,32,0.0377,4.381048,0.21735,0.78265,,0.815735,0.9071424,0.7154964,0.9478655,45.5704,52.67828,,1.751318,39.65672,46.76975,,0.8846869,51.45597,58.57223,,2.743865,-7.107881,-18.88098,4.647928,1,2020-06-15,11:27:55 10 Aug 2020,40000
2020,President,Trump,Biden,,31,5e-05,0.0081036,0.977375,0.022625,,0.2534339,0.9955801,0.9995965,0.0300724,58.70539,39.41438,,1.880234,52.82628,33.54602,,0.9467137,64.60033,45.29679,,2.949603,19.29101,7.572456,31.02617,1,2020-06-15,11:27:55 10 Aug 2020,40000
2020,President,Trump,Biden,,40,7.5e-05,0.0070761,0.989875,0.010125,,0.2502083,0.9876543,0.9994956,0.0133507,62.83714,35.95552,,1.207346,56.23306,29.48889,,0.6149893,69.30377,42.55146,,1.881989,26.88162,13.67408,39.78147,1,2020-06-15,11:27:55 10 Aug 2020,40000
2020,President,Trump,Biden,,21,6.25e-05,0.0041004,0.972225,0.027775,,0.2413022,0.9936994,0.9992546,0.0361943,59.26642,39.49642,,1.237158,52.91241,33.18052,,0.6312215,65.576,45.83537,,1.915775,19.77,7.086714,32.38162,1,2020-06-14,11:51:25 10 Aug 2020,40000
2020,President,Trump,Biden,,17,0.0047625,0.1208706,0.0183,0.9817,,0.7937158,0.7729449,0.0618677,0.9950823,38.38067,60.04957,,1.569757,32.19731,53.83207,,0.796742,44.57001,66.23518,,2.439033,-21.6689,-34.00635,-9.275419,1,2020-06-14,11:51:25 10 Aug 2020,40000
2020,President,Trump,Biden,,18,0.0003875,0.0195019,0.891875,0.108125,,0.2629292,0.9974567,0.9988286,0.1414333,54.84917,43.67786,,1.472974,49.02514,37.9247,,0.7486894,60.62552,49.48536,,2.286461,11.17131,-0.4414921,22.686,1,2020-06-14,11:51:25 10 Aug 2020,40000
2020,President,Trump,Biden,,19,0.0042625,0.3842551,0.632725,0.367275,,0.3698684,0.9978899,0.9968054,0.4806242,50.88784,47.73775,,1.374406,44.66523,41.57932,,0.6996604,57.05981,53.97324,,2.131473,3.150084,-9.273899,15.47726,1,2020-06-14,11:51:25 10 Aug 2020,40000
2020,President,Trump,Biden,,20,0.0001125,0.0124986,0.918075,0.081925,,0.2556164,0.9987794,0.9995741,0.1073044,55.51226,42.66572,,1.822022,49.62683,36.83094,,0.9215373,61.37593,48.53372,,2.837295,12.84654,1.087234,24.51596,1,2020-06-14,11:51:25 10 Aug 2020,40000
2020,President,Trump,Biden,,26,0.046275,1.306614,0.123225,0.876775,,0.9517143,0.8630778,0.4995208,0.9923611,44.50993,54.34671,,1.143361,39.07281,48.87241,,0.5843781,49.98484,59.80591,,1.768582,-9.836782,-20.75364,1.114241,1,2020-06-14,11:51:25 10 Aug 2020,40000
2020,President,Trump,Biden,,22,0.0017875,0.1267285,0.904875,0.095125,,0.2564166,0.9710907,0.9882867,0.1211396,56.97334,42.19232,,0.8343427,49.75703,35.05477,,0.4292883,64.11875,49.39796,,1.285102,14.78101,0.39855,29.05448,1,2020-06-14,11:51:25 10 Aug 2020,40000
2020,President,Trump,Biden,,23,0.0045,0.8443758,0.177275,0.822725,,0.7389649,0.8709775,0.5579811,0.9397089,44.17184,54.44279,,1.385368,36.96238,47.2559,,0.7050744,51.34199,61.65559,,2.149837,-10.27095,-24.66189,4.07449,1,2020-06-14,11:51:25 10 Aug 2020,40000
2020,President,Trump,Biden,,24,0.00045,0.0231254,0.0025,0.9975,,0.77,0.7638847,0.0081993,0.9992459,35.27946,63.34372,,1.376818,29.68341,57.69038,,0.7008613,40.92164,68.98794,,2.135265,-28.06425,-39.30779,-16.77488,1,2020-06-14,11:51:25 10 Aug 2020,40000
2020,President,Trump,Biden,,25,0.000525,0.022375,0.0073,0.9927,,0.7945206,0.7666717,0.0247045,0.9980657,33.76795,64.72153,,1.510529,26.55193,57.37963,,0.7673457,41.09559,72.01193,,2.345536,-30.95358,-45.44815,-16.32842,1,2020-06-14,11:51:25 10 Aug 2020,40000
2020,President,Trump,Biden,,15,0.0002875,0.0939221,0.00705,0.99295,,0.6099291,0.7652198,0.0183154,0.9964265,29.4559,68.88494,,1.65916,20.88906,60.10419,,0.8410314,38.24103,77.50392,,2.58006,-39.42904,-56.5777,-21.89609,1,2020-06-14,11:51:25 10 Aug 2020,40000
2020,President,Trump,Biden,,16,0.00015,0.0283219,0.982375,0.017625,,0.2385036,0.9730496,0.9979768,0.0224903,62.02016,34.78999,,3.189855,54.36161,27.28573,,1.590408,69.57823,42.44996,,5.008316,27.23017,12.05713,42.17341,1,2020-06-14,11:51:25 10 Aug 2020,40000
2020,President,Trump,Biden,,09,0.00235,0.2027836,0.0305,0.9695,,0.8614754,0.7822331,0.1119157,0.994525,39.56107,59.50785,,0.9310842,33.03223,52.9413,,0.4779805,46.11633,66.06314,,1.436167,-19.94678,-33.02255,-6.827358,1,2020-06-14,11:51:25 10 Aug 2020,40000
2020,President,Trump,Biden,,13,0.0195625,0.6464233,0.579275,0.420725,,0.3997238,0.9920375,0.9862635,0.5473412,50.35616,48.8462,,0.797647,45.46035,43.9303,,0.4107811,55.26918,53.73206,,1.227887,1.509965,-8.244841,11.32388,1,2020-06-14,11:51:25 10 Aug 2020,40000
2020,President,Trump,Biden,,12,0.2602875,3.6371,0.2981,0.7019,,0.7478195,0.9826899,0.9495261,0.9045308,47.3368,51.85189,,0.8113086,41.86737,46.35468,,0.417674,52.83578,57.34599,,1.249186,-4.515086,-15.47344,6.466228,1,2020-06-14,11:51:25 10 Aug 2020,40000
2020,President,Trump,Biden,,11,0.0,0.0,0.0,1.0,,,0.76255,0.0,1.0,5.998854,90.39951,,3.601633,2.153391,85.63096,,1.78944,10.20609,94.73493,,5.665318,-84.40066,-92.36954,-75.78471,1,2020-06-14,11:51:25 10 Aug 2020,40000
2020,President,Trump,Biden,,10,0.00015,0.046166,0.00355,0.99645,,0.9647887,0.7651412,0.0145884,0.9998361,37.4524,61.37361,,1.173991,32.20864,56.09461,,0.5996867,42.71039,66.63394,,1.816622,-23.92121,-34.42805,-13.43044,1,2020-06-14,11:51:25 10 Aug 2020,40000
2020,President,Trump,Biden,,08,0.0234,1.135492,0.122625,0.877375,,0.8984709,0.8552216,0.4692791,0.984001,43.715,54.35101,,1.933991,37.82912,48.43928,,0.9767905,49.58429,60.25841,,3.014488,-10.63601,-22.36073,1.083311,1,2020-06-14,11:51:25 10 Aug 2020,40000
2020,President,Trump,Biden,,06,0.0027,0.0271242,0.0045,0.9955,,0.8055556,0.765118,0.0154403,0.9988526,34.65981,63.41416,,1.926034,28.5768,57.28778,,0.9728671,40.81311,69.52882,,3.001903,-28.75435,-40.89837,-16.55367,1,2020-06-14,11:51:25 10 Aug 2020,40000
2020,President,Trump,Biden,,05,0.0007125,0.087064,0.899275,0.100725,,0.2597926,0.9885828,0.9951017,0.1305816,55.94125,42.4073,,1.651446,49.12726,35.61425,,0.8372128,62.75397,49.19106,,2.567907,13.53395,-0.0540028,27.05356,1,2020-06-14,11:51:25 10 Aug 2020,40000
2020,President,Trump,Biden,,04,0.0496375,2.522099,0.4073,0.5927,,0.5452983,0.9776025,0.9460121,0.7598518,48.23029,50.35518,,1.414535,42.36424,44.46594,,0.7196323,54.09805,56.22856,,2.194574,-2.124892,-13.82312,9.614038,1,2020-06-14,11:51:25 10 Aug 2020,40000
2020,President,Trump,Biden,,02,0.0015875,0.7127836,0.80965,0.19035,,0.2823133,0.9671658,0.9735917,0.2414268,53.88632,43.51783,,2.595851,46.09674,35.83852,,1.301582,61.61576,51.36107,,4.063488,10.36849,-5.162275,25.73443,1,2020-06-14,11:51:25 10 Aug 2020,40000
2020,President,Trump,Biden,,01,0.0002375,0.0156053,0.97045,0.02955,,0.2414601,0.9847715,0.9980833,0.0381614,59.35872,39.83142,,0.8098577,53.16464,33.66744,,0.4169421,65.4899,46.03188,,1.246926,19.52729,7.175194,31.7971,1,2020-06-14,11:51:25 10 Aug 2020,40000
2020,President,Trump,Biden,,28,0.00185,0.2216866,0.866,0.134,,0.2668303,0.9716418,0.9842402,0.1707429,55.05066,44.14426,,0.8050877,48.65919,37.75188,,0.4145359,61.46304,50.53357,,1.239496,10.90639,-1.860538,23.70018,1,2020-06-14,11:51:25 10 Aug 2020,40000
2020,President,Trump,Biden,,27,0.073375,3.411938,0.20385,0.79615,,0.8134658,0.9110093,0.7063146,0.9511507,45.75848,52.75903,,1.482486,40.22235,47.19274,,0.7534163,51.29137,58.2792,,2.301421,-7.000552,-18.02332,4.077019,1,2020-06-14,11:51:25 10 Aug 2020,40000
2020,President,Trump,Biden,,29,0.001075,0.0540163,0.840375,0.159625,,0.2788339,0.9970243,0.9980833,0.2087076,53.86357,44.66502,,1.471412,47.84196,38.68525,,0.7479131,59.86301,50.67461,,2.284005,9.198556,-2.824896,21.15602,1,2020-06-14,11:51:25 10 Aug 2020,40000
2020,President,Trump,Biden,,56,3.75e-05,0.0223066,0.9976,0.0024,,0.2352396,0.9583333,0.9995741,0.0030162,67.95808,28.55704,,3.48488,60.6466,21.46103,,1.733111,75.19689,35.76417,,5.478848,39.40105,25.03496,53.57739,1,2020-06-14,11:51:25 10 Aug 2020,40000
2020,President,Trump,Biden,,42,0.1694375,3.842879,0.208625,0.791375,,0.8674656,0.9292687,0.7708444,0.9643958,46.39296,52.86446,,0.7425779,41.19029,47.66802,,0.3829533,51.58907,58.07415,,1.142177,-6.471505,-16.90047,3.888565,1,2020-06-14,11:51:25 10 Aug 2020,40000
2020,President,Trump,Biden,,30,0.0007125,0.1953966,0.890875,0.109125,,0.2622702,0.9896907,0.9952082,0.1416301,55.24731,42.18396,,2.56873,48.36845,35.40147,,1.288331,62.04578,49.08021,,4.020362,13.06334,-0.6207848,26.54506,1,2020-06-14,11:51:25 10 Aug 2020,40000
2020,President,Trump,Biden,,55,0.1067625,4.987531,0.252825,0.747175,,0.7810739,0.9484391,0.8411245,0.9293161,46.56173,52.41648,,1.021783,40.79748,46.65829,,0.5235121,52.30605,58.20939,,1.578085,-5.854753,-17.40725,5.61097,1,2020-06-14,11:51:25 10 Aug 2020,40000
2020,President,Trump,Biden,,54,7.5e-05,0.0146084,0.992025,0.007975,,0.236486,0.9780564,0.9992546,0.0102288,65.35092,32.79444,,1.85464,57.77943,25.38807,,0.9376419,72.84334,40.32216,,2.888914,32.55648,17.50618,47.43583,1,2020-06-14,11:51:25 10 Aug 2020,40000
2020,President,Trump,Biden,,53,0.0019625,0.0776699,0.014125,0.985875,,0.8566372,0.7714213,0.0515387,0.9973444,37.12847,60.62204,,2.249498,30.85478,54.2262,,1.132011,43.46834,66.96165,,3.51378,-23.49357,-36.05138,-10.80462,1,2020-06-14,11:51:25 10 Aug 2020,40000
2020,President,Trump,Biden,,51,0.020875,0.7036821,0.067325,0.932675,,0.9624954,0.8149141,0.2760089,0.9967215,43.54178,55.42102,,1.037207,38.5134,50.37087,,0.5312439,48.6012,60.44641,,1.602234,-11.87924,-21.92155,-1.757008,1,2020-06-14,11:51:25 10 Aug 2020,40000
2020,President,Trump,Biden,,50,8.75e-05,0.0387734,0.00695,0.99305,,0.7230216,0.7659735,0.0214035,0.9975083,30.92059,66.30189,,2.77752,22.90015,58.02767,,1.390109,39.1212,74.38799,,4.352321,-35.3813,-51.41784,-18.99381,1,2020-06-14,11:51:25 10 Aug 2020,40000
2020,President,Trump,Biden,,49,0.0006125,0.0704284,0.9206,0.0794,,0.253829,0.9858313,0.9953147,0.102649,55.82667,40.83088,,3.342455,49.00542,34.10193,,1.664292,62.55631,47.64453,,5.251632,14.99579,1.500774,28.29082,1,2020-06-14,11:51:25 10 Aug 2020,40000
2020,President,Trump,Biden,,47,0.000625,0.0347922,0.9301,0.0699,,0.251774,0.9910586,0.9974444,0.0908465,57.11371,41.7723,,1.11399,50.51876,35.1807,,0.5696855,63.70123,48.37876,,1.722533,15.34141,2.14114,28.51564,1,2020-06-14,11:51:25 10 Aug 2020,40000
2020,President,Trump,Biden,,46,0.000375,0.136697,0.939775,0.060225,,0.2484637,0.9788294,0.9945692,0.0773064,59.07776,39.39642,,1.525817,51.13123,31.59693,,0.7749366,66.86196,47.33021,,2.369657,19.68134,3.827085,35.26216,1,2020-06-14,11:51:25 10 Aug 2020,40000
2020,President,Trump,Biden,,45,0.001075,0.0676323,0.851925,0.148075,,0.2749068,0.9961168,0.9975508,0.1934299,53.91969,45.17957,,0.9007394,48.51974,39.79757,,0.4627218,59.30866,50.59422,,1.38875,8.740115,-2.061771,19.48457,1,2020-06-14,11:51:25 10 Aug 2020,40000
2020,President,Trump,Biden,,44,0.0010125,0.30424,0.0294,0.9706,,0.7848639,0.779183,0.0982856,0.991771,37.02647,61.49863,,1.474903,29.08078,53.48803,,0.7496479,45.01638,69.49174,,2.289494,-24.47217,-40.38464,-8.461067,1,2020-06-14,11:51:25 10 Aug 2020,40000
2020,President,Trump,Biden,,48,0.011575,0.1733488,0.683875,0.316125,,0.3427161,0.9986556,0.9982963,0.4140056,51.56922,47.43181,,0.9989671,45.90158,41.79333,,0.5120684,57.21895,53.11436,,1.54237,4.137414,-7.200272,15.44441,1,2020-06-14,11:51:25 10 Aug 2020,40000
2020,President,Trump,Biden,,41,0.0085125,0.5720215,0.089425,0.910575,,0.7279844,0.8109162,0.2772868,0.96833,41.12694,56.41337,,2.459693,33.88635,49.07442,,1.234994,48.3755,63.69733,,3.847175,-15.28643,-29.74184,-0.757019,1,2020-06-14,11:51:25 10 Aug 2020,40000
2020,President,Trump,Biden,,35,0.0098625,1.712058,0.08465,0.91535,,0.8972239,0.8238925,0.3235012,0.9889843,42.55705,55.59916,,1.843786,36.46215,49.54833,,0.9322832,48.61462,61.7133,,2.871736,-13.04211,-25.23976,-0.9385185,1,2020-06-14,11:51:25 10 Aug 2020,40000
2020,President,Trump,Biden,,40,2.5e-05,0.0025901,0.98925,0.01075,,0.2370735,0.9767442,0.9989352,0.0137696,62.66583,36.12063,,1.213533,56.1245,29.63233,,0.6194316,69.12682,42.65344,,1.878677,26.5452,13.47978,39.44962,1,2020-06-14,11:51:25 10 Aug 2020,40000
2020,President,Trump,Biden,,32,0.0356,4.154465,0.203925,0.796075,,0.8075273,0.9095563,0.7014163,0.9495443,45.40195,52.83455,,1.763509,39.57579,46.95933,,0.8926556,51.26978,58.71033,,2.744762,-7.4326,-19.07794,4.25275,1,2020-06-14,11:51:25 10 Aug 2020,40000
2020,President,Trump,Biden,,33,0.020825,3.856847,0.286975,0.713025,,0.6846415,0.943936,0.8368651,0.8826306,46.38023,52.53989,,1.079876,39.2473,45.37703,,0.5526136,53.53386,59.71254,,1.669069,-6.159663,-20.48692,8.16107,1,2020-06-14,11:51:25 10 Aug 2020,40000
2020,President,Trump,Biden,,34,0.0073875,0.269403,0.0425,0.9575,,0.7223529,0.7841253,0.1307635,0.9845912,39.77319,59.36926,,0.8575502,32.81821,52.30686,,0.4409817,46.82743,66.36073,,1.321311,-19.59606,-33.53938,-5.507305,1,2020-06-14,11:51:25 10 Aug 2020,40000
2020,President,Trump,Biden,,31,5e-05,0.0087155,0.9753,0.0247,,0.2406695,0.9979757,0.999787,0.0323257,58.50884,39.59988,,1.891281,52.62547,33.70279,,0.9530045,64.38262,45.46757,,2.95022,18.90897,7.197283,30.61149,1,2020-06-14,11:51:25 10 Aug 2020,40000
2020,President,Trump,Biden,,36,0.002475,0.0457234,0.006175,0.993825,,0.7813765,0.7659296,0.0205516,0.9982296,36.12506,62.7656,,1.109346,30.03834,56.63434,,0.567362,42.25644,68.88292,,1.715252,-26.64054,-38.82286,-14.40722,1,2020-06-14,11:51:25 10 Aug 2020,40000
2020,President,Trump,Biden,,37,0.0529875,1.5023,0.437275,0.562725,,0.5153508,0.9827181,0.9598552,0.7251983,48.92459,50.2731,,0.8023092,43.549,44.81532,,0.4131341,54.37877,55.66419,,1.235162,-1.348508,-12.11159,9.556505,1,2020-06-14,11:51:25 10 Aug 2020,40000
2020,President,Trump,Biden,,38,5e-05,0.0210157,0.9809,0.0191,,0.2390662,0.9856021,0.9988286,0.0246869,60.39948,36.89301,,2.70751,53.62728,30.18006,,1.356031,67.15052,43.66142,,4.241078,23.50646,10.0533,36.90744,1,2020-06-14,11:51:25 10 Aug 2020,40000
2020,President,Trump,Biden,,39,0.034825,0.8766913,0.484425,0.515575,,0.4800537,0.9955875,0.9905229,0.6731362,49.30781,49.66726,,1.024927,43.7873,44.15457,,0.5250884,54.83158,55.18472,,1.583007,-0.3594474,-11.40154,10.6574,1,2020-06-14,11:51:25 10 Aug 2020,40000
2020,President,Trump,Biden,,15,0.000275,0.0896032,0.006325,0.993675,,0.5533597,0.7613908,0.0147586,0.9963456,29.44363,68.90314,,1.65323,20.83601,60.10569,,0.8383026,38.24028,77.51756,,2.590436,-39.4595,-56.65308,-21.87071,1,2020-06-13,11:52:52 10 Aug 2020,40000
2020,President,Trump,Biden,,26,0.0422875,1.196142,0.11755,0.88245,,0.9572522,0.854921,0.4744887,0.9935142,44.43387,54.43358,,1.132552,39.01543,48.99458,,0.5792059,49.85456,59.85196,,1.764585,-9.999715,-20.80926,0.8502159,1,2020-06-13,11:52:52 10 Aug 2020,40000
2020,President,Trump,Biden,,25,0.0006875,0.0286,0.008375,0.991625,,0.7731344,0.7638472,0.0273034,0.9974979,33.89485,64.60432,,1.500824,26.73214,57.3501,,0.7627419,41.11319,71.80661,,2.34814,-30.70947,-45.05878,-16.2431,1,2020-06-13,11:52:52 10 Aug 2020,40000
2020,President,Trump,Biden,,24,0.000325,0.0165419,0.0029,0.9971,,0.7241379,0.7607813,0.0088552,0.9989794,35.35191,63.28007,,1.368022,29.7831,57.59956,,0.6967003,41.01405,68.84322,,2.137309,-27.92816,-39.03552,-16.60263,1,2020-06-13,11:52:52 10 Aug 2020,40000
2020,President,Trump,Biden,,23,0.004175,0.7887378,0.1805,0.8195,,0.7304709,0.8677548,0.5559772,0.9364917,44.2484,54.37465,,1.376945,37.07412,47.19668,,0.7016113,51.45114,61.53927,,2.151676,-10.12625,-24.44398,4.198706,1,2020-06-13,11:52:52 10 Aug 2020,40000
2020,President,Trump,Biden,,22,0.0015375,0.1058078,0.906925,0.093075,,0.2582904,0.9688423,0.9877715,0.1187529,57.03948,42.12926,,0.8312541,49.8219,34.97145,,0.4278694,64.19698,49.3403,,1.289576,14.91022,0.5053062,29.22292,1,2020-06-13,11:52:52 10 Aug 2020,40000
2020,President,Trump,Biden,,21,8.75e-05,0.0070536,0.97395,0.02605,,0.2433903,0.9952015,0.9995783,0.034141,59.35652,39.41433,,1.229147,53.01765,33.14295,,0.6274695,65.63598,45.76062,,1.917294,19.94219,7.318377,32.4696,1,2020-06-13,11:52:52 10 Aug 2020,40000
2020,President,Trump,Biden,,20,8.75e-05,0.0105667,0.92155,0.07845,,0.2572839,0.9993626,0.9997892,0.1032462,55.6037,42.58558,,1.810725,49.73413,36.77111,,0.9161726,61.4453,48.45782,,2.840881,13.01813,1.329252,24.60075,1,2020-06-13,11:52:52 10 Aug 2020,40000
2020,President,Trump,Biden,,19,0.00485,0.4413273,0.633475,0.366525,,0.3729034,0.997067,0.9960995,0.4812669,50.91863,47.71427,,1.367101,44.73863,41.51789,,0.6962416,57.11644,53.91961,,2.135847,3.204355,-9.184105,15.58528,1,2020-06-13,11:52:52 10 Aug 2020,40000
2020,President,Trump,Biden,,18,0.0002375,0.0116158,0.896975,0.103025,,0.2641935,0.9983014,0.9992621,0.1354448,54.95861,43.5782,,1.463186,49.18375,37.88842,,0.7440523,60.66628,49.36202,,2.288354,11.38041,-0.154808,22.71226,1,2020-06-13,11:52:52 10 Aug 2020,40000
2020,President,Trump,Biden,,17,0.0052,0.1319312,0.0186,0.9814,,0.7903226,0.7698441,0.0619861,0.9949628,38.48328,59.95266,,1.564062,32.36246,53.7326,,0.7941201,44.69703,66.09064,,2.448647,-21.46937,-33.73167,-9.112391,1,2020-06-13,11:52:52 10 Aug 2020,40000
2020,President,Trump,Biden,,16,0.00015,0.0278878,0.98345,0.01655,,0.2408104,0.978852,0.9986296,0.021334,62.13692,34.68438,,3.178703,54.44261,27.23591,,1.584696,69.6468,42.24975,,5.027104,27.45254,12.34164,42.29224,1,2020-06-13,11:52:52 10 Aug 2020,40000
2020,President,Trump,Biden,,28,0.0016,0.1848647,0.869925,0.130075,,0.2680116,0.9690563,0.983133,0.1659972,55.12259,44.07706,,0.8003467,48.71697,37.74992,,0.412263,61.45374,50.47459,,1.240923,11.04553,-1.742979,23.69583,1,2020-06-13,11:52:52 10 Aug 2020,40000
2020,President,Trump,Biden,,13,0.0201875,0.6642727,0.5877,0.4123,,0.3974392,0.9912078,0.9849252,0.5381905,50.40268,48.80464,,0.7926875,45.53734,43.92785,,0.4083921,55.26358,53.68026,,1.228873,1.598037,-8.107639,11.3233,1,2020-06-13,11:52:52 10 Aug 2020,40000
2020,President,Trump,Biden,,12,0.2516125,3.519953,0.3081,0.6919,,0.7378286,0.9852219,0.9585705,0.8977086,47.49786,51.69648,,0.805663,41.99203,46.22103,,0.4149492,52.96437,57.21955,,1.249289,-4.198621,-15.20452,6.717607,1,2020-06-13,11:52:52 10 Aug 2020,40000
2020,President,Trump,Biden,,11,0.0,0.0,0.0,1.0,,,0.75935,0.0,1.0,6.014318,90.39924,,3.586442,2.184051,85.75774,,1.781935,10.13177,94.71042,,5.683228,-84.38493,-92.28368,-75.93892,1,2020-06-13,11:52:52 10 Aug 2020,40000
2020,President,Trump,Biden,,10,0.000125,0.0410788,0.0038,0.9962,,0.8947368,0.7618701,0.0143369,0.9995062,37.56629,61.267,,1.166713,32.37668,56.00414,,0.596302,42.81824,66.46265,,1.818574,-23.70071,-34.07883,-13.23857,1,2020-06-13,11:52:52 10 Aug 2020,40000
2020,President,Trump,Biden,,09,0.0021,0.1839151,0.03105,0.96895,,0.8574879,0.7791424,0.1122707,0.9942056,39.68882,59.38578,,0.9253944,33.19228,52.8041,,0.4752934,46.27686,65.8904,,1.437681,-19.69696,-32.67689,-6.545015,1,2020-06-13,11:52:52 10 Aug 2020,40000
2020,President,Trump,Biden,,08,0.0245375,1.199084,0.12675,0.87325,,0.8980276,0.8551674,0.4799705,0.9834398,43.84625,54.23198,,1.921768,37.97839,48.35307,,0.9709505,49.74701,60.10809,,3.017393,-10.38573,-22.08558,1.340782,1,2020-06-13,11:52:52 10 Aug 2020,40000
2020,President,Trump,Biden,,06,0.002475,0.0243379,0.0038,0.9962,,0.7105263,0.7611423,0.0113852,0.9985514,34.71938,63.36721,,1.913416,28.62364,57.22721,,0.9668343,40.83007,69.4825,,3.004115,-28.64783,-40.83198,-16.4393,1,2020-06-13,11:52:52 10 Aug 2020,40000
2020,President,Trump,Biden,,05,0.0004875,0.0614922,0.90005,0.09995,,0.2619299,0.9854928,0.9940966,0.1297162,55.99621,42.36062,,1.643168,49.14766,35.66412,,0.8333205,62.69412,49.18589,,2.574425,13.63559,0.0020237,26.98436,1,2020-06-13,11:52:52 10 Aug 2020,40000
2020,President,Trump,Biden,,04,0.0528,2.672199,0.40475,0.59525,,0.5515751,0.9754305,0.9413873,0.7646343,48.22868,50.37346,,1.397857,42.3767,44.49492,,0.7115482,54.06608,56.25949,,2.184644,-2.144776,-13.86593,9.548498,1,2020-06-13,11:52:52 10 Aug 2020,40000
2020,President,Trump,Biden,,02,0.0019875,0.8811583,0.809225,0.190775,,0.2859835,0.9690735,0.9758592,0.2434648,53.94749,43.46534,,2.587169,46.0655,35.70351,,1.297302,61.72019,51.3722,,4.079567,10.48216,-5.210871,25.93153,1,2020-06-13,11:52:52 10 Aug 2020,40000
2020,President,Trump,Biden,,01,0.0002875,0.0205926,0.973275,0.026725,,0.2431481,0.9812909,0.9978916,0.0345361,59.42885,39.76641,,0.8047346,53.26712,33.72851,,0.4144801,65.48878,45.90821,,1.247828,19.66244,7.379156,31.75531,1,2020-06-13,11:52:52 10 Aug 2020,40000
2020,President,Trump,Biden,,27,0.0798,3.714131,0.210625,0.789375,,0.8113946,0.9129375,0.720641,0.9490353,45.85307,52.67382,,1.473105,40.35084,47.14938,,0.7489784,51.36344,58.19032,,2.304107,-6.820757,-17.82287,4.174166,1,2020-06-13,11:52:52 10 Aug 2020,40000
2020,President,Trump,Biden,,29,0.0010625,0.0557471,0.841825,0.158175,,0.2811451,0.9965228,0.997997,0.2075789,53.92658,44.6123,,1.46112,47.89632,38.66042,,0.7430261,59.87035,50.64019,,2.285073,9.314281,-2.724209,21.16381,1,2020-06-13,11:52:52 10 Aug 2020,40000
2020,President,Trump,Biden,,56,0.0,0.0,0.997175,0.002825,,0.2376714,0.9380531,0.9993675,0.0034898,68.00806,28.51958,,3.472363,60.64925,21.40715,,1.72677,75.25196,35.80249,,5.499387,39.48848,25.00482,53.67738,1,2020-06-13,11:52:52 10 Aug 2020,40000
2020,President,Trump,Biden,,42,0.168675,3.814916,0.20645,0.79355,,0.8733349,0.924863,0.7602783,0.9665174,46.35548,52.90658,,0.7379411,41.17271,47.70444,,0.3807101,51.54562,58.11139,,1.142874,-6.551095,-16.93233,3.840597,1,2020-06-13,11:52:52 10 Aug 2020,40000
2020,President,Trump,Biden,,55,0.1081625,5.048407,0.24565,0.75435,,0.8012416,0.9437595,0.8299599,0.9375452,46.48602,52.49393,,1.020054,40.75735,46.76585,,0.5228434,52.18419,58.2299,,1.586908,-6.007915,-17.43198,5.391577,1,2020-06-13,11:52:52 10 Aug 2020,40000
2020,President,Trump,Biden,,54,6.25e-05,0.0131016,0.99245,0.00755,,0.2388533,0.9834437,0.9995783,0.0097781,65.45119,32.70603,,1.84279,57.88152,25.30783,,0.9320005,72.89001,40.2374,,2.891856,32.74516,17.72055,47.5509,1,2020-06-13,11:52:52 10 Aug 2020,40000
2020,President,Trump,Biden,,53,0.0015625,0.0626495,0.014025,0.985975,,0.8573975,0.7681229,0.0507063,0.9973662,37.23167,60.53355,,2.234784,30.95086,54.18832,,1.124858,43.54311,66.84162,,3.516247,-23.30189,-35.85771,-10.7231,1,2020-06-13,11:52:52 10 Aug 2020,40000
2020,President,Trump,Biden,,51,0.0212125,0.7124255,0.0684,0.9316,,0.9605263,0.812339,0.2770399,0.9966089,43.64236,55.32677,,1.030867,38.65664,50.30147,,0.5282654,48.66226,60.31773,,1.603963,-11.68441,-21.66018,-1.667309,1,2020-06-13,11:52:52 10 Aug 2020,40000
2020,President,Trump,Biden,,50,0.0002,0.0877338,0.007875,0.992125,,0.6984127,0.7630087,0.0231921,0.9969053,30.99619,66.23608,,2.767725,22.9174,57.98198,,1.385276,39.20424,74.40016,,4.36852,-35.23989,-51.42765,-18.82765,1,2020-06-13,11:52:52 10 Aug 2020,40000
2020,President,Trump,Biden,,49,0.0006,0.0691504,0.9238,0.0762,,0.2557642,0.9875328,0.9963104,0.0990979,55.96097,40.7198,,3.319237,49.12317,34.02335,,1.652682,62.72254,47.51096,,5.252822,15.24117,1.774498,28.5305,1,2020-06-13,11:52:52 10 Aug 2020,40000
2020,President,Trump,Biden,,48,0.011675,0.1762499,0.6938,0.3062,,0.3410925,0.9983671,0.9978916,0.4025812,51.67536,47.33187,,0.9927632,46.03412,41.72846,,0.5091517,57.29263,52.9581,,1.543876,4.343483,-6.922852,15.55141,1,2020-06-13,11:52:52 10 Aug 2020,40000
2020,President,Trump,Biden,,47,0.000675,0.03652,0.933125,0.066875,,0.2536638,0.9932711,0.9981025,0.0874761,57.19651,41.69654,,1.106943,50.61436,35.17081,,0.5663804,63.71371,48.26276,,1.724115,15.49997,2.403204,28.52198,1,2020-06-13,11:52:52 10 Aug 2020,40000
2020,President,Trump,Biden,,46,0.0002625,0.0975905,0.943175,0.056825,,0.2500862,0.9771227,0.9946237,0.0731217,59.18154,39.29801,,1.520453,51.31466,31.53181,,0.7724855,66.94392,47.13142,,2.379329,19.88353,4.240149,35.35523,1,2020-06-13,11:52:52 10 Aug 2020,40000
2020,President,Trump,Biden,,45,0.0010125,0.064485,0.8567,0.1433,,0.2760009,0.9951152,0.9970483,0.1877922,53.98779,45.11694,,0.8952711,48.59441,39.78564,,0.4601238,59.34177,50.5165,,1.39024,8.870847,-1.901056,19.56069,1,2020-06-13,11:52:52 10 Aug 2020,40000
2020,President,Trump,Biden,,44,0.001125,0.3388723,0.032025,0.967975,,0.7962529,0.777861,0.1075269,0.9915717,37.21931,61.31099,,1.469696,29.40416,53.35802,,0.7472856,45.15353,69.11166,,2.298693,-24.09168,-39.72061,-8.18569,1,2020-06-13,11:52:52 10 Aug 2020,40000
2020,President,Trump,Biden,,30,0.000425,0.1201627,0.89235,0.10765,,0.264162,0.986066,0.9939911,0.1397906,55.32116,42.12664,,2.552198,48.40196,35.36283,,1.280219,62.10303,49.0228,,4.023641,13.19451,-0.5633812,26.66132,1,2020-06-13,11:52:52 10 Aug 2020,40000
2020,President,Trump,Biden,,41,0.0095,0.6376358,0.091925,0.908075,,0.7253196,0.8086612,0.2811512,0.9670442,41.25145,56.29702,,2.45153,34.06494,49.01889,,1.231001,48.53062,63.49593,,3.862724,-15.04556,-29.38802,-0.5736847,1,2020-06-13,11:52:52 10 Aug 2020,40000
2020,President,Trump,Biden,,39,0.0339625,0.851644,0.490725,0.509275,,0.4793418,0.9960238,0.9918828,0.6680055,49.38631,49.59509,,1.018595,43.84463,44.06195,,0.5221114,54.91365,55.13644,,1.584607,-0.2087738,-11.29581,10.86203,1,2020-06-13,11:52:52 10 Aug 2020,40000
2020,President,Trump,Biden,,38,2.5e-05,0.0103906,0.98205,0.01795,,0.2413574,0.9916434,0.9994729,0.0234411,60.49417,36.81534,,2.690486,53.6258,30.1255,,1.347689,67.26483,43.63441,,4.244869,23.67883,10.07573,37.02587,1,2020-06-13,11:52:52 10 Aug 2020,40000
2020,President,Trump,Biden,,37,0.051025,1.451738,0.441475,0.558525,,0.5164505,0.9830357,0.9614168,0.7230526,48.98077,50.22039,,0.7988425,43.59261,44.85488,,0.4115029,54.35869,55.59638,,1.238555,-1.239613,-11.98787,9.495062,1,2020-06-13,11:52:52 10 Aug 2020,40000
2020,President,Trump,Biden,,36,0.0024625,0.0453175,0.0081,0.9919,,0.7469136,0.7634842,0.0255113,0.9973003,36.25983,62.63776,,1.102405,30.17928,56.47264,,0.5641068,42.41508,68.73538,,1.716941,-26.37792,-38.52876,-14.05397,1,2020-06-13,11:52:52 10 Aug 2020,40000
2020,President,Trump,Biden,,35,0.0098375,1.721642,0.085975,0.914025,,0.8959,0.8212303,0.3247944,0.9885099,42.61803,55.55022,,1.831744,36.55511,49.4931,,0.9265488,48.68639,61.62269,,2.874289,-12.9322,-25.02813,-0.8483677,1,2020-06-13,11:52:52 10 Aug 2020,40000
2020,President,Trump,Biden,,34,0.006625,0.2410283,0.04365,0.95635,,0.7216495,0.7814608,0.1328273,0.984197,39.88013,59.26761,,0.8522596,32.92691,52.23238,,0.4384596,46.8848,66.21213,,1.322632,-19.38748,-33.26624,-5.373325,1,2020-06-13,11:52:52 10 Aug 2020,40000
2020,President,Trump,Biden,,33,0.0221875,4.117234,0.2926,0.7074,,0.6830998,0.9441264,0.842821,0.8795351,46.46436,52.46233,,1.073308,39.30008,45.28868,,0.5495329,53.62501,59.62935,,1.670957,-5.997962,-20.32652,8.334028,1,2020-06-13,11:52:52 10 Aug 2020,40000
2020,President,Trump,Biden,,32,0.0385625,4.475891,0.211175,0.788825,,0.8018231,0.9109435,0.7139996,0.9463028,45.52922,52.71878,,1.752003,39.72423,46.86612,,0.8871635,51.38651,58.55027,,2.74756,-7.189553,-18.76025,4.499718,1,2020-06-13,11:52:52 10 Aug 2020,40000
2020,President,Trump,Biden,,31,0.0,0.0,0.9769,0.0231,,0.2426809,0.9967533,0.9996837,0.030322,58.61321,39.5036,,1.883187,52.69986,33.72922,,0.9511853,64.40416,45.37907,,2.958398,19.10961,7.380646,30.61166,1,2020-06-13,11:52:52 10 Aug 2020,40000
2020,President,Trump,Biden,,40,6.25e-05,0.0058247,0.99055,0.00945,,0.2393115,0.9867725,0.9995783,0.0122802,62.7582,36.03535,,1.20645,56.26451,29.64284,,0.6161477,69.14388,42.52685,,1.881397,26.72286,13.77951,39.47849,1,2020-06-13,11:52:52 10 Aug 2020,40000
2020,President,Trump,Biden,,22,0.001575,0.1096829,0.908525,0.091475,,0.2637242,0.9693906,0.9886528,0.1175593,57.07214,42.09259,,0.8352684,49.90108,35.01113,,0.4307218,64.16705,49.2632,,1.283998,14.97955,0.6371498,29.13451,1,2020-06-12,11:22:22 10 Aug 2020,40000
2020,President,Trump,Biden,,18,0.0003125,0.0157788,0.898125,0.101875,,0.2696173,0.9980368,0.9991748,0.1347938,55.01017,43.52238,,1.467448,49.21498,37.81647,,0.7477701,60.71964,49.32473,,2.272938,11.48778,-0.0886383,22.88397,1,2020-06-12,11:22:22 10 Aug 2020,40000
2020,President,Trump,Biden,,19,0.00435,0.3945135,0.6377,0.3623,,0.3789007,0.9977919,0.9970084,0.4792523,50.95327,47.6735,,1.373233,44.74416,41.51685,,0.7007709,57.11205,53.86593,,2.125134,3.279777,-9.071062,15.53129,1,2020-06-12,11:22:22 10 Aug 2020,40000
2020,President,Trump,Biden,,20,0.000175,0.0207658,0.9227,0.0773,,0.2624363,0.9974127,0.9991748,0.102214,55.63928,42.54069,,1.820031,49.72158,36.75011,,0.9229166,61.4474,48.42289,,2.827381,13.0986,1.390394,24.62806,1,2020-06-12,11:22:22 10 Aug 2020,40000
2020,President,Trump,Biden,,21,0.000125,0.0093855,0.9729,0.0271,,0.2488694,0.9916974,0.9990716,0.0356291,59.38066,39.38306,,1.236278,53.04046,33.11869,,0.6323313,65.64118,45.70199,,1.910518,19.99759,7.356373,32.51918,1,2020-06-12,11:22:22 10 Aug 2020,40000
2020,President,Trump,Biden,,27,0.0794125,3.67932,0.2117,0.7883,,0.8174303,0.9089179,0.7140499,0.9498873,45.90979,52.61081,,1.479394,40.41675,47.0868,,0.7537191,51.41717,58.11005,,2.291695,-6.701018,-17.69263,4.303915,1,2020-06-12,11:22:22 10 Aug 2020,40000
2020,President,Trump,Biden,,23,0.004225,0.7978085,0.178675,0.821325,,0.7555618,0.8656744,0.5570456,0.9425958,44.27085,54.34536,,1.383783,37.09813,47.20454,,0.7057288,51.41372,61.49993,,2.141859,-10.0745,-24.38741,4.197948,1,2020-06-12,11:22:22 10 Aug 2020,40000
2020,President,Trump,Biden,,24,0.00045,0.0220192,0.002875,0.997125,,0.7826087,0.7558481,0.0092841,0.9991714,35.44117,63.18711,,1.37172,29.85646,57.54768,,0.7000151,41.04857,68.75981,,2.122759,-27.74593,-38.87508,-16.50604,1,2020-06-12,11:22:22 10 Aug 2020,40000
2020,President,Trump,Biden,,25,0.0005,0.0214977,0.0082,0.9918,,0.7957317,0.7588475,0.0269239,0.9977794,33.92989,64.56079,,1.509319,26.63165,57.11882,,0.7686148,41.32217,71.90309,,2.33872,-30.6309,-45.24792,-15.81532,1,2020-06-12,11:22:22 10 Aug 2020,40000
2020,President,Trump,Biden,,26,0.0412625,1.161081,0.118275,0.881725,,0.9585711,0.8500383,0.4678151,0.9936365,44.48627,54.37765,,1.136076,39.12138,48.95853,,0.5821425,49.88923,59.75556,,1.753672,-9.891374,-20.64216,0.9192066,1,2020-06-12,11:22:22 10 Aug 2020,40000
2020,President,Trump,Biden,,16,7.5e-05,0.0135536,0.983325,0.016675,,0.2460021,0.9715142,0.9981432,0.0214769,62.1178,34.6874,,3.194799,54.38673,27.16753,,1.597069,69.74146,42.35902,,5.002507,27.4304,12.15231,42.43303,1,2020-06-12,11:22:22 10 Aug 2020,40000
2020,President,Trump,Biden,,17,0.0049875,0.1245739,0.019025,0.980975,,0.7989488,0.7651061,0.0627192,0.9950285,38.57454,59.85367,,1.571797,32.43691,53.65368,,0.7997047,44.76948,65.99928,,2.436884,-21.27913,-33.52373,-8.968241,1,2020-06-12,11:22:22 10 Aug 2020,40000
2020,President,Trump,Biden,,09,0.0019875,0.17286,0.032325,0.967675,,0.8592421,0.7748211,0.114607,0.994001,39.75243,59.31757,,0.9299933,33.27731,52.76095,,0.4785389,46.31636,65.80623,,1.431714,-19.56514,-32.52242,-6.48649,1,2020-06-12,11:22:22 10 Aug 2020,40000
2020,President,Trump,Biden,,15,0.0004875,0.1573012,0.006725,0.993275,,0.5873606,0.7566132,0.0162987,0.9963211,29.52759,68.81097,,1.661435,20.98916,60.11728,,0.8442565,38.23176,77.36348,,2.577881,-39.28339,-56.35986,-21.9172,1,2020-06-12,11:22:22 10 Aug 2020,40000
2020,President,Trump,Biden,,13,0.023725,0.7804586,0.56475,0.43525,,0.4207171,0.9886847,0.9804003,0.5704958,50.20513,48.9966,,0.7982668,45.38223,44.16679,,0.411994,55.03282,53.82671,,1.226359,1.208525,-8.433109,10.86007,1,2020-06-12,11:22:22 10 Aug 2020,40000
2020,President,Trump,Biden,,12,0.25395,3.552693,0.3113,0.6887,,0.7426919,0.9834108,0.9539922,0.8978854,47.54382,51.6484,,0.8077797,42.09439,46.2102,,0.4168107,52.98895,57.09357,,1.241174,-4.104575,-14.99564,6.780941,1,2020-06-12,11:22:22 10 Aug 2020,40000
2020,President,Trump,Biden,,11,0.0,0.0,0.0,1.0,,,0.7543,0.0,1.0,6.028843,90.36703,,3.604133,2.248013,85.67329,,1.795477,10.17576,94.63855,,5.654378,-84.33818,-92.15425,-75.8257,1,2020-06-12,11:22:22 10 Aug 2020,40000
2020,President,Trump,Biden,,10,0.0001125,0.0337434,0.00355,0.99645,,0.9507042,0.7568117,0.0139261,0.999768,37.59485,61.23564,,1.16951,32.42555,55.98137,,0.5989012,42.83189,66.40738,,1.805989,-23.64079,-33.95868,-13.13767,1,2020-06-12,11:22:22 10 Aug 2020,40000
2020,President,Trump,Biden,,08,0.0268625,1.315625,0.128825,0.871175,,0.8932661,0.8503458,0.4748298,0.9821026,43.92892,54.14276,,1.928324,38.07105,48.27959,,0.9765127,49.77509,59.98198,,2.997934,-10.21384,-21.79874,1.433893,1,2020-06-12,11:22:22 10 Aug 2020,40000
2020,President,Trump,Biden,,06,0.0031,0.0307856,0.004275,0.995725,,0.7309942,0.7564086,0.0128946,0.9985086,34.78352,63.29489,,1.921588,28.72845,57.12331,,0.9731814,40.90553,69.39899,,2.987313,-28.51136,-40.62978,-16.2717,1,2020-06-12,11:22:22 10 Aug 2020,40000
2020,President,Trump,Biden,,05,0.00075,0.0944399,0.900075,0.099925,,0.2678388,0.9867401,0.994739,0.1307172,56.0161,42.33989,,1.644014,49.16956,35.6161,,0.8356031,62.72456,49.18479,,2.550457,13.67621,0.0024414,27.09142,1,2020-06-12,11:22:22 10 Aug 2020,40000
2020,President,Trump,Biden,,04,0.0529625,2.676587,0.40915,0.59085,,0.5586582,0.9754591,0.9431607,0.7640859,48.28724,50.30919,,1.403574,42.43937,44.43438,,0.7159203,54.15031,56.15164,,2.172738,-2.02195,-13.72029,9.684225,1,2020-06-12,11:22:22 10 Aug 2020,40000
2020,President,Trump,Biden,,02,0.0018375,0.8184457,0.81145,0.18855,,0.2910531,0.9668523,0.9745203,0.241681,53.94417,43.45555,,2.600281,46.10918,35.72153,,1.307095,61.68719,51.22549,,4.059698,10.48863,-5.039648,25.90739,1,2020-06-12,11:22:22 10 Aug 2020,40000
2020,President,Trump,Biden,,01,0.0004125,0.0274524,0.97355,0.02645,,0.2484464,0.9810964,0.99804,0.0344028,59.49438,39.69752,,0.8081048,53.30068,33.61036,,0.4169754,65.55585,45.87885,,1.24168,19.79686,7.408768,31.92113,1,2020-06-12,11:22:22 10 Aug 2020,40000
2020,President,Trump,Biden,,28,0.001475,0.1705711,0.87385,0.12615,,0.2733879,0.9718589,0.9857644,0.1625348,55.18147,44.01478,,0.803749,48.87486,37.73046,,0.4147701,61.44756,50.34081,,1.234896,11.16669,-1.457062,23.72232,1,2020-06-12,11:22:22 10 Aug 2020,40000
2020,President,Trump,Biden,,29,0.0008,0.0407125,0.84585,0.15415,,0.2857481,0.9956211,0.9973179,0.2034668,53.96069,44.57498,,1.464335,47.95781,38.64299,,0.7462201,59.91425,50.56978,,2.268051,9.385708,-2.589804,21.25406,1,2020-06-12,11:22:22 10 Aug 2020,40000
2020,President,Trump,Biden,,35,0.010325,1.807465,0.0922,0.9078,,0.8942516,0.8204726,0.3402104,0.9874387,42.7984,55.41597,,1.785625,36.73853,49.32461,,0.9058691,48.88733,61.47077,,2.773248,-12.61757,-24.65971,-0.4616966,1,2020-06-12,11:22:22 10 Aug 2020,40000
2020,President,Trump,Biden,,30,0.0004,0.1075003,0.894175,0.105825,,0.2697179,0.9886605,0.9951516,0.1387048,55.36403,42.07639,,2.559585,48.49072,35.3217,,1.287168,62.10585,48.9208,,3.995182,13.28763,-0.3777943,26.72022,1,2020-06-12,11:22:22 10 Aug 2020,40000
2020,President,Trump,Biden,,44,0.00085,0.2540433,0.0318,0.9682,,0.7877358,0.772232,0.1033629,0.991217,37.19591,61.32711,,1.476981,29.28517,53.29786,,0.7525172,45.17945,69.23076,,2.287905,-24.1312,-39.92043,-8.14142,1,2020-06-12,11:22:22 10 Aug 2020,40000
2020,President,Trump,Biden,,56,3.75e-05,0.0200608,0.996875,0.003125,,0.2430094,0.968,0.9995874,0.0040103,68.04498,28.46511,,3.489921,60.58189,21.37718,,1.740207,75.2215,35.76586,,5.472168,39.57986,24.97703,53.697,1,2020-06-12,11:22:22 10 Aug 2020,40000
2020,President,Trump,Biden,,55,0.1082875,5.064326,0.25085,0.74915,,0.8024716,0.9429353,0.8306169,0.9364974,46.55285,52.42291,,1.024241,40.83509,46.71786,,0.5259988,52.26,58.14014,,1.578862,-5.870069,-17.28033,5.533348,1,2020-06-12,11:22:22 10 Aug 2020,40000
2020,President,Trump,Biden,,54,6.25e-05,0.0122453,0.992225,0.007775,,0.2441735,0.9903537,0.9996905,0.0102081,65.45501,32.69749,,1.847501,57.86443,25.29626,,0.9365207,72.90012,40.26186,,2.8706,32.75752,17.64381,47.56983,1,2020-06-12,11:22:22 10 Aug 2020,40000
2020,President,Trump,Biden,,53,0.001475,0.0583465,0.01395,0.98605,,0.8458781,0.7628163,0.0486899,0.9971828,37.29114,60.46544,,2.243422,30.98158,54.11038,,1.131964,43.66637,66.78097,,3.495131,-23.1743,-35.76863,-10.48214,1,2020-06-12,11:22:22 10 Aug 2020,40000
2020,President,Trump,Biden,,51,0.020925,0.6977968,0.071775,0.928225,,0.9606409,0.8097175,0.2845059,0.9964205,43.71837,55.24737,,1.034254,38.73589,50.24779,,0.5310302,48.72866,60.23205,,1.594479,-11.529,-21.46201,-1.548946,1,2020-06-12,11:22:22 10 Aug 2020,40000
2020,President,Trump,Biden,,50,0.0001875,0.0837027,0.0071,0.9929,,0.7570422,0.7579565,0.0221787,0.9977131,31.05789,66.16043,,2.781674,23.01213,57.91722,,1.395789,39.21593,74.26546,,4.347346,-35.10254,-51.14308,-18.85312,1,2020-06-12,11:22:22 10 Aug 2020,40000
2020,President,Trump,Biden,,31,3.75e-05,0.0064023,0.97715,0.02285,,0.2480172,1.0,1.0,0.030293,58.62143,39.48717,,1.891395,52.71038,33.71238,,0.9571469,64.443,45.37569,,2.942492,19.13426,7.383635,30.66844,1,2020-06-12,11:22:22 10 Aug 2020,40000
2020,President,Trump,Biden,,48,0.011025,0.1654176,0.6985,0.3015,,0.3462062,0.9981758,0.9978337,0.3989792,51.7338,47.26828,,0.9979138,46.11144,41.68124,,0.5127577,57.33527,52.895,,1.537802,4.465516,-6.794794,15.65908,1,2020-06-12,11:22:22 10 Aug 2020,40000
2020,President,Trump,Biden,,47,0.0007125,0.0386684,0.930875,0.069125,,0.2595139,0.9887884,0.9968022,0.0906138,57.25179,41.63567,,1.112548,50.57867,35.0647,,0.5703408,63.82917,48.29017,,1.716867,15.61612,2.294174,28.73452,1,2020-06-12,11:22:22 10 Aug 2020,40000
2020,President,Trump,Biden,,46,0.0003,0.10833,0.942575,0.057425,,0.2552582,0.9682194,0.992779,0.0737107,59.18061,39.29139,,1.528001,51.27086,31.5465,,0.777912,66.93987,47.18698,,2.36805,19.88923,4.12118,35.35559,1,2020-06-12,11:22:22 10 Aug 2020,40000
2020,President,Trump,Biden,,45,0.00105,0.0691061,0.85965,0.14035,,0.2814227,0.9967937,0.9982463,0.18547,54.04551,45.05433,,0.9001645,48.65186,39.75788,,0.4634914,59.35659,50.43523,,1.385153,8.99118,-1.770767,19.58143,1,2020-06-12,11:22:22 10 Aug 2020,40000
2020,President,Trump,Biden,,49,0.00065,0.0745511,0.92645,0.07355,,0.2603216,0.9840245,0.9951516,0.0959499,55.97225,40.69564,,3.332116,49.20258,34.02758,,1.663736,62.68295,47.45323,,5.220868,15.27661,1.878481,28.50401,1,2020-06-12,11:22:22 10 Aug 2020,40000
2020,President,Trump,Biden,,42,0.164,3.705775,0.210625,0.789375,,0.8716914,0.9222803,0.757582,0.9651664,46.40681,52.85303,,0.7401553,41.22499,47.64639,,0.382558,51.60711,58.03936,,1.135927,-6.44622,-16.81581,3.991608,1,2020-06-12,11:22:22 10 Aug 2020,40000
2020,President,Trump,Biden,,40,6.25e-05,0.0059391,0.989,0.011,,0.2448938,0.9863636,0.9993811,0.0143842,62.78106,36.00747,,1.21147,56.22618,29.57596,,0.619916,69.22843,42.53694,,1.87168,26.77359,13.68934,39.64819,1,2020-06-12,11:22:22 10 Aug 2020,40000
2020,President,Trump,Biden,,39,0.03365,0.8420221,0.49735,0.50265,,0.4838142,0.9963195,0.9928822,0.6639268,49.44302,49.5332,,1.023783,43.91531,44.02023,,0.5257688,54.92709,55.02979,,1.578148,-0.0901746,-11.092,10.87157,1,2020-06-12,11:22:22 10 Aug 2020,40000
2020,President,Trump,Biden,,38,2.5e-05,0.0102274,0.9815,0.0185,,0.2468161,0.9945946,0.9995874,0.0243935,60.5151,36.78693,,2.697974,53.64544,30.04855,,1.354888,67.28593,43.62099,,4.214507,23.72818,10.12996,37.17626,1,2020-06-12,11:22:22 10 Aug 2020,40000
2020,President,Trump,Biden,,37,0.048775,1.386708,0.446525,0.553475,,0.5215833,0.982113,0.9610068,0.720635,49.04868,50.14901,,0.8023038,43.74316,44.84185,,0.4140383,54.35617,55.46878,,1.232646,-1.100335,-11.71035,9.493795,1,2020-06-12,11:22:22 10 Aug 2020,40000
2020,President,Trump,Biden,,36,0.0022375,0.0406036,0.007525,0.992475,,0.717608,0.757878,0.0222818,0.9971828,36.31725,62.57451,,1.108249,30.22172,56.41607,,0.5681838,42.46333,68.67503,,1.710143,-26.25726,-38.46792,-13.95623,1,2020-06-12,11:22:22 10 Aug 2020,40000
2020,President,Trump,Biden,,34,0.0076625,0.2789696,0.043775,0.956225,,0.7275842,0.7764648,0.1314215,0.9843232,39.93872,59.20443,,0.8568409,32.9607,52.22059,,0.4416219,46.92316,66.16856,,1.317647,-19.26571,-33.20961,-5.316994,1,2020-06-12,11:22:22 10 Aug 2020,40000
2020,President,Trump,Biden,,33,0.0215,4.010764,0.29255,0.70745,,0.6935567,0.9408792,0.8372189,0.8824407,46.49663,52.42561,,1.077759,39.40971,45.36243,,0.5528788,53.57948,59.5008,,1.662467,-5.928976,-20.05058,8.217237,1,2020-06-12,11:22:22 10 Aug 2020,40000
2020,President,Trump,Biden,,32,0.03835,4.473927,0.2128,0.7872,,0.8117951,0.9084095,0.7128121,0.9480313,45.58288,52.65791,,1.759205,39.78847,46.82781,,0.8927723,51.43159,58.43945,,2.731678,-7.075032,-18.61281,4.545176,1,2020-06-12,11:22:22 10 Aug 2020,40000
2020,President,Trump,Biden,,41,0.0095125,0.640893,0.094175,0.905825,,0.7252455,0.8045152,0.2818238,0.9661275,41.28396,56.25209,,2.46395,34.07117,48.95245,,1.240299,48.58014,63.51434,,3.843757,-14.96813,-29.38292,-0.4200821,1,2020-06-12,11:22:22 10 Aug 2020,40000
2020,President,Trump,Biden,,21,0.000225,0.0165173,0.9721,0.0279,,0.2522374,0.9955197,0.9994905,0.0369717,59.35996,39.40382,,1.236222,52.99702,33.12129,,0.6318853,65.65335,45.77022,,1.906727,19.95614,7.207359,32.53448,1,2020-06-11,11:31:50 10 Aug 2020,40000
2020,President,Trump,Biden,,17,0.004325,0.1096219,0.020225,0.979775,,0.8145859,0.7629813,0.0671558,0.9950749,38.60067,59.82679,,1.572541,32.46819,53.60383,,0.7995538,44.83025,65.98167,,2.43338,-21.22612,-33.54415,-8.793699,1,2020-06-11,11:31:50 10 Aug 2020,40000
2020,President,Trump,Biden,,18,0.0005,0.0251255,0.90055,0.09945,,0.2722503,0.9984917,0.9993886,0.1321797,55.02131,43.51147,,1.467213,49.26612,37.79027,,0.747193,60.77411,49.2845,,2.268385,11.50984,0.0179176,22.93796,1,2020-06-11,11:31:50 10 Aug 2020,40000
2020,President,Trump,Biden,,19,0.0046125,0.4172148,0.63815,0.36185,,0.3826295,0.9968219,0.9953123,0.4801331,50.96122,47.66638,,1.372394,44.81096,41.50581,,0.6999237,57.11045,53.84549,,2.119916,3.294838,-9.020655,15.55608,1,2020-06-11,11:31:50 10 Aug 2020,40000
2020,President,Trump,Biden,,20,0.00015,0.0177367,0.921175,0.078825,,0.2662089,0.9987314,0.9995924,0.104792,55.66287,42.51635,,1.820778,49.73734,36.73263,,0.922616,61.46311,48.45461,,2.823284,13.14652,1.348343,24.67633,1,2020-06-11,11:31:50 10 Aug 2020,40000
2020,President,Trump,Biden,,26,0.0489125,1.379401,0.1327,0.8673,,0.9517709,0.859103,0.5148273,0.9918137,44.76976,54.1166,,1.113646,39.3591,48.70313,,0.5704884,50.18474,59.52258,,1.715251,-9.346839,-20.14078,1.476269,1,2020-06-11,11:31:50 10 Aug 2020,40000
2020,President,Trump,Biden,,22,0.001825,0.1265192,0.906675,0.093325,,0.2677641,0.9724082,0.9896056,0.1207987,57.10315,42.0612,,0.8356512,49.80938,34.82072,,0.430709,64.35138,49.32967,,1.282308,15.04194,0.4798851,29.5256,1,2020-06-11,11:31:50 10 Aug 2020,40000
2020,President,Trump,Biden,,23,0.0041125,0.775252,0.182725,0.817275,,0.7497606,0.8639381,0.5584429,0.9398669,44.3311,54.28794,,1.380964,37.21612,47.14101,,0.7040225,51.48235,61.39671,,2.13378,-9.95684,-24.17203,4.357264,1,2020-06-11,11:31:50 10 Aug 2020,40000
2020,President,Trump,Biden,,24,0.0005625,0.0285463,0.0031,0.9969,,0.7419355,0.7527837,0.0093753,0.9989351,35.46256,63.16332,,1.37412,29.90536,57.49236,,0.7007847,41.09414,68.72498,,2.122617,-27.70076,-38.83662,-16.41294,1,2020-06-11,11:31:50 10 Aug 2020,40000
2020,President,Trump,Biden,,25,0.0005875,0.0253111,0.007875,0.992125,,0.7777778,0.7554744,0.0249669,0.9977039,33.98267,64.50652,,1.510807,26.8118,57.2325,,0.768877,41.2117,71.71043,,2.336656,-30.52384,-44.87617,-16.0792,1,2020-06-11,11:31:50 10 Aug 2020,40000
2020,President,Trump,Biden,,15,0.0003125,0.0996516,0.007475,0.992525,,0.5752509,0.7537593,0.0175278,0.9958403,29.62522,68.71257,,1.662207,21.11804,59.80582,,0.8440496,38.49324,77.22036,,2.574126,-39.08735,-56.08356,-21.34774,1,2020-06-11,11:31:50 10 Aug 2020,40000
2020,President,Trump,Biden,,16,0.0001125,0.0212691,0.983225,0.016775,,0.2492054,0.9821162,0.9987772,0.0219301,62.1541,34.64967,,3.196236,54.60974,27.22872,,1.596127,69.66464,42.14093,,4.995472,27.50443,12.54408,42.31208,1,2020-06-11,11:31:50 10 Aug 2020,40000
2020,President,Trump,Biden,,28,0.00175,0.2039023,0.8701,0.1299,,0.2776118,0.9705543,0.9846122,0.1678203,55.15646,44.03901,,0.8045386,48.72701,37.71432,,0.4150034,61.50595,50.48027,,1.233994,11.11745,-1.748806,23.79187,1,2020-06-11,11:31:50 10 Aug 2020,40000
2020,President,Trump,Biden,,13,0.024175,0.7983041,0.5651,0.4349,,0.426075,0.9890205,0.9814532,0.5725458,50.19897,49.00204,,0.7989931,45.29854,44.18476,,0.4121971,55.02682,53.89169,,1.225394,1.196935,-8.554222,10.83729,1,2020-06-11,11:31:50 10 Aug 2020,40000
2020,President,Trump,Biden,,12,0.25245,3.528872,0.314075,0.685925,,0.743055,0.9822503,0.9512891,0.8968386,47.56431,51.6274,,0.8082943,42.09399,46.1496,,0.4169039,53.05187,57.10799,,1.239821,-4.063084,-15.01023,6.892216,1,2020-06-11,11:31:50 10 Aug 2020,40000
2020,President,Trump,Biden,,11,0.0,0.0,5e-05,0.99995,,0.0,0.7512376,0.0,0.9999334,6.096658,90.29713,,3.60621,2.306856,85.58232,,1.794569,10.27921,94.59064,,5.64551,-84.20048,-92.03775,-75.58311,1,2020-06-11,11:31:50 10 Aug 2020,40000
2020,President,Trump,Biden,,10,0.000125,0.0381719,0.004225,0.995775,,0.9171597,0.754086,0.0157954,0.9995341,37.64782,61.18147,,1.170713,32.47249,55.9509,,0.5990912,42.88824,66.38623,,1.804416,-23.53365,-33.88824,-13.08975,1,2020-06-11,11:31:50 10 Aug 2020,40000
2020,President,Trump,Biden,,09,0.0021,0.1817658,0.03205,0.96795,,0.8666146,0.7717857,0.1132172,0.9944093,39.78376,59.28471,,0.9315283,33.30924,52.75151,,0.4789957,46.29221,65.76033,,1.43133,-19.50094,-32.40316,-6.477293,1,2020-06-11,11:31:50 10 Aug 2020,40000
2020,President,Trump,Biden,,08,0.024425,1.191651,0.1294,0.8706,,0.9047527,0.8489547,0.4772241,0.9838269,43.95719,54.11223,,1.930578,38.13616,48.26747,,0.9768866,49.80478,59.95383,,2.996015,-10.15504,-21.7573,1.497845,1,2020-06-11,11:31:50 10 Aug 2020,40000
2020,President,Trump,Biden,,06,0.0026125,0.0259439,0.004525,0.995475,,0.7458563,0.7535096,0.0137573,0.9984692,34.831,63.24405,,1.924955,28.79879,57.10581,,0.9741114,40.94656,69.31419,,2.987169,-28.41305,-40.44123,-16.18819,1,2020-06-11,11:31:50 10 Aug 2020,40000
2020,President,Trump,Biden,,05,0.0006625,0.0811858,0.896875,0.103125,,0.2721951,0.9883636,0.9951085,0.1356739,55.97198,42.38474,,1.643283,49.0663,35.63008,,0.8346648,62.72071,49.29111,,2.544405,13.58724,-0.2060032,27.0325,1,2020-06-11,11:31:50 10 Aug 2020,40000
2020,President,Trump,Biden,,04,0.050225,2.546895,0.412875,0.587125,,0.5619134,0.9761124,0.9456843,0.7628619,48.32244,50.27217,,1.405383,42.48858,44.38985,,0.716379,54.20974,56.11592,,2.171562,-1.949731,-13.619,9.786686,1,2020-06-11,11:31:50 10 Aug 2020,40000
2020,President,Trump,Biden,,02,0.0012125,0.5343253,0.8158,0.1842,,0.2929946,0.9652551,0.9743198,0.2366722,54.00981,43.38881,,2.601383,46.22434,35.63197,,1.306435,61.77329,51.18823,,4.054175,10.621,-4.862789,26.06404,1,2020-06-11,11:31:50 10 Aug 2020,40000
2020,President,Trump,Biden,,01,0.0006,0.0397159,0.972325,0.027675,,0.2517934,0.9819332,0.9979619,0.036173,59.47997,39.71133,,0.8087109,53.30546,33.52998,,0.4171146,65.65919,45.89414,,1.240468,19.76864,7.423134,32.12064,1,2020-06-11,11:31:50 10 Aug 2020,40000
2020,President,Trump,Biden,,27,0.0767625,3.558315,0.2144,0.7856,,0.8215951,0.9088595,0.7180271,0.950416,45.93029,52.59034,,1.479367,40.45309,47.12332,,0.7532405,51.38778,58.07966,,2.287418,-6.660049,-17.59674,4.243515,1,2020-06-11,11:31:50 10 Aug 2020,40000
2020,President,Trump,Biden,,56,0.0,0.0,0.99715,0.00285,,0.245976,0.9824561,0.9997962,0.0037271,68.02692,28.48153,,3.491547,60.77824,21.48937,,1.739159,75.2371,35.68408,,5.463572,39.54539,25.2833,53.57708,1,2020-06-11,11:31:50 10 Aug 2020,40000
2020,President,Trump,Biden,,29,0.001375,0.0695509,0.844575,0.155425,,0.2897019,0.9958179,0.9973505,0.2060233,53.94826,44.58632,,1.465414,47.95238,38.67135,,0.7462968,59.88782,50.61333,,2.265562,9.361938,-2.60211,21.19744,1,2020-06-11,11:31:50 10 Aug 2020,40000
2020,President,Trump,Biden,,42,0.1660125,3.751511,0.2112,0.7888,,0.8784328,0.9205756,0.7562417,0.966589,46.43891,52.82077,,0.7403158,41.24668,47.6578,,0.3824737,51.60376,58.01385,,1.13428,-6.381858,-16.74784,3.916124,1,2020-06-11,11:31:50 10 Aug 2020,40000
2020,President,Trump,Biden,,55,0.1056,4.921729,0.25315,0.74685,,0.8077227,0.9429269,0.8334862,0.9374043,46.59764,52.37838,,1.023981,40.95823,46.69286,,0.5254927,52.29209,58.02141,,1.575381,-5.780745,-17.05886,5.574192,1,2020-06-11,11:31:50 10 Aug 2020,40000
2020,President,Trump,Biden,,54,5e-05,0.010154,0.992225,0.007775,,0.2471214,0.9839228,0.9994905,0.010183,65.45784,32.69336,,1.848793,57.98233,25.34879,,0.9364783,72.86269,40.18317,,2.867359,32.76448,17.8361,47.47785,1,2020-06-11,11:31:50 10 Aug 2020,40000
2020,President,Trump,Biden,,53,0.001675,0.0676588,0.013925,0.986075,,0.8438061,0.7596532,0.0478956,0.9971048,37.36334,60.39048,,2.246177,31.12345,53.98182,,1.132362,43.74773,66.65526,,3.493209,-23.02714,-35.45603,-10.30934,1,2020-06-11,11:31:50 10 Aug 2020,40000
2020,President,Trump,Biden,,51,0.0203125,0.6849767,0.071125,0.928875,,0.9666081,0.8062441,0.2802405,0.9968719,43.72927,55.23537,,1.035364,38.75047,50.26321,,0.5312097,48.6932,60.2135,,1.593129,-11.5061,-21.42842,-1.595169,1,2020-06-11,11:31:50 10 Aug 2020,40000
2020,President,Trump,Biden,,50,0.0001875,0.081192,0.007025,0.992975,,0.6761566,0.7543241,0.0193621,0.9970382,31.1038,66.11326,,2.782941,23.1765,57.89929,,1.395122,39.29878,74.13837,,4.341339,-35.00946,-50.89381,-18.71485,1,2020-06-11,11:31:50 10 Aug 2020,40000
2020,President,Trump,Biden,,49,0.0008875,0.1038196,0.926825,0.073175,,0.2632644,0.9812095,0.994599,0.095574,56.00008,40.6629,,3.337025,49.23966,33.99966,,1.664377,62.77563,47.45115,,5.218664,15.33719,1.99262,28.63281,1,2020-06-11,11:31:50 10 Aug 2020,40000
2020,President,Trump,Biden,,48,0.011325,0.1697946,0.698875,0.301125,,0.3505992,0.9987547,0.9987772,0.4003328,51.74585,47.25452,,0.9996341,46.09735,41.63799,,0.5132589,57.37473,52.90362,,1.537428,4.491329,-6.797318,15.70146,1,2020-06-11,11:31:50 10 Aug 2020,40000
2020,President,Trump,Biden,,47,0.00075,0.0413157,0.9311,0.0689,,0.2626195,0.988389,0.996739,0.0906489,57.24208,41.64515,,1.112767,50.63189,35.10086,,0.5700476,63.79643,48.25847,,1.713878,15.59694,2.40251,28.69743,1,2020-06-11,11:31:50 10 Aug 2020,40000
2020,President,Trump,Biden,,46,0.0004,0.1457572,0.943225,0.056775,,0.258793,0.9775429,0.9950066,0.0738769,59.20206,39.26924,,1.528693,51.37411,31.51351,,0.7777689,66.96347,47.08702,,2.364675,19.93282,4.312632,35.43864,1,2020-06-11,11:31:50 10 Aug 2020,40000
2020,President,Trump,Biden,,45,0.000725,0.0461558,0.856475,0.143525,,0.2859687,0.997213,0.9983695,0.1905158,54.0379,45.06137,,0.9007312,48.56526,39.70672,,0.4634937,59.39958,50.5264,,1.383384,8.976534,-1.966843,19.69159,1,2020-06-11,11:31:50 10 Aug 2020,40000
2020,President,Trump,Biden,,44,0.0010125,0.3105039,0.0318,0.9682,,0.8011006,0.769495,0.1038418,0.9917138,37.26872,61.25363,,1.477654,29.49565,53.24693,,0.752388,45.27181,69.06594,,2.284735,-23.98491,-39.55252,-8.033043,1,2020-06-11,11:31:50 10 Aug 2020,40000
2020,President,Trump,Biden,,30,0.0003625,0.1001325,0.896175,0.103825,,0.2727425,0.9910908,0.9963314,0.1369717,55.38752,42.05314,,2.559343,48.55386,35.33907,,1.285869,62.1636,48.86172,,3.98771,13.33438,-0.2525883,26.77003,1,2020-06-11,11:31:50 10 Aug 2020,40000
2020,President,Trump,Biden,,41,0.009075,0.6120499,0.09515,0.90485,,0.7214924,0.8012654,0.2798329,0.9650915,41.34147,56.19355,,2.464984,34.16325,48.87823,,1.239669,48.63799,63.39208,,3.838632,-14.85208,-29.14313,-0.3422623,1,2020-06-11,11:31:50 10 Aug 2020,40000
2020,President,Trump,Biden,,39,0.0341625,0.8582692,0.49685,0.50315,,0.4900372,0.9962735,0.992459,0.6672546,49.45993,49.5164,,1.023673,43.97492,44.02797,,0.5253377,54.94775,55.03294,,1.5749,-0.0564633,-11.00886,10.89375,1,2020-06-11,11:31:50 10 Aug 2020,40000
2020,President,Trump,Biden,,38,2.5e-05,0.0102841,0.981075,0.018925,,0.2499299,0.993395,0.9994905,0.025025,60.53117,36.77085,,2.697979,53.67119,30.0265,,1.353647,67.30479,43.63088,,4.206961,23.76032,10.14487,37.20589,1,2020-06-11,11:31:50 10 Aug 2020,40000
2020,President,Trump,Biden,,37,0.0504375,1.437065,0.4483,0.5517,,0.5264332,0.9823273,0.9619892,0.7213977,49.07281,50.12429,,0.8029054,43.65022,44.74452,,0.414177,54.46186,55.55532,,1.231462,-1.051478,-11.89156,9.741625,1,2020-06-11,11:31:50 10 Aug 2020,40000
2020,President,Trump,Biden,,36,0.0023,0.0423617,0.007175,0.992825,,0.7317073,0.7547402,0.0214002,0.9974376,36.35559,62.53409,,1.11032,30.31218,56.38662,,0.5688205,42.49656,68.59309,,1.71006,-26.17849,-38.26166,-13.90106,1,2020-06-11,11:31:50 10 Aug 2020,40000
2020,President,Trump,Biden,,35,0.0101625,1.777241,0.0929,0.9071,,0.8950484,0.8176607,0.3389381,0.9872879,42.83173,55.38049,,1.787775,36.76012,49.31086,,0.9062777,48.9379,61.46756,,2.771414,-12.54876,-24.65814,-0.4147053,1,2020-06-11,11:31:50 10 Aug 2020,40000
2020,President,Trump,Biden,,34,0.0070125,0.2545586,0.04545,0.95455,,0.720022,0.7737939,0.1333945,0.9831946,39.98427,59.15728,,0.8584499,33.10862,52.12734,,0.4422016,47.01842,66.04623,,1.317681,-19.17301,-32.94561,-5.105045,1,2020-06-11,11:31:50 10 Aug 2020,40000
2020,President,Trump,Biden,,33,0.0216,4.012644,0.2942,0.7058,,0.6981645,0.9401743,0.8372567,0.8832945,46.53967,52.38271,,1.077621,39.50161,45.2852,,0.5524191,53.65125,59.43129,,1.65904,-5.843051,-19.92993,8.340355,1,2020-06-11,11:31:50 10 Aug 2020,40000
2020,President,Trump,Biden,,32,0.0391625,4.55728,0.21765,0.78235,,0.807604,0.9079057,0.7164985,0.9454908,45.63293,52.60508,,1.761988,39.80576,46.78848,,0.8935059,51.44426,58.41701,,2.730917,-6.972139,-18.57324,4.634539,1,2020-06-11,11:31:50 10 Aug 2020,40000
2020,President,Trump,Biden,,31,1.25e-05,0.0023838,0.976825,0.023175,,0.2510685,0.9967638,0.9996943,0.0307488,58.65345,39.45409,,1.892451,52.75888,33.63724,,0.9579048,64.50612,45.33264,,2.938622,19.19936,7.500151,30.81789,1,2020-06-11,11:31:50 10 Aug 2020,40000
2020,President,Trump,Biden,,40,0.0001,0.0090458,0.989025,0.010975,,0.2479209,0.9886105,0.9994905,0.0144426,62.75845,36.02879,,1.212759,56.22856,29.59547,,0.6201445,69.19937,42.5429,,1.870098,26.72967,13.72369,39.57536,1,2020-06-11,11:31:50 10 Aug 2020,40000
2020,President,Trump,Biden,,21,0.0001875,0.0139844,0.974125,0.025875,,0.2912871,0.9922705,0.9992957,0.0360693,59.57468,39.19286,,1.232452,53.16865,32.93888,,0.6252936,65.86153,45.58075,,1.9159,20.38182,7.606562,32.90314,1,2020-06-10,11:34:24 10 Aug 2020,40000
2020,President,Trump,Biden,,17,0.0046125,0.1168528,0.0205,0.9795,,0.8243902,0.7230985,0.0595175,0.9950128,38.80534,59.62733,,1.567328,32.71402,53.40897,,0.7908263,44.9992,65.76562,,2.444226,-20.82199,-33.03203,-8.435457,1,2020-06-10,11:34:24 10 Aug 2020,40000
2020,President,Trump,Biden,,18,0.000475,0.0243833,0.907725,0.092275,,0.3126222,0.9981035,0.9993837,0.1293857,55.21455,43.32101,,1.46444,49.44279,37.60204,,0.7400726,60.93897,49.09325,,2.281918,11.89353,0.3606243,23.33846,1,2020-06-10,11:34:24 10 Aug 2020,40000
2020,President,Trump,Biden,,19,0.0046375,0.4211945,0.651425,0.348575,,0.4340484,0.9964857,0.9957739,0.4879711,51.12143,47.51011,,1.368454,44.94834,41.40735,,0.692641,57.23328,53.66877,,2.130404,3.611319,-8.66869,15.79967,1,2020-06-10,11:34:24 10 Aug 2020,40000
2020,President,Trump,Biden,,20,7.5e-05,0.0092692,0.928675,0.071325,,0.3056505,0.998598,0.9996478,0.1000597,55.83729,42.34625,,1.816458,50.00188,36.5263,,0.9133309,61.6772,48.19048,,2.83852,13.49103,1.831259,25.08006,1,2020-06-10,11:34:24 10 Aug 2020,40000
2020,President,Trump,Biden,,26,0.0394375,1.11498,0.1439,0.8561,,0.9638638,0.8256337,0.4884663,0.9929758,44.9469,53.94217,,1.110935,39.52068,48.45288,,0.5649452,50.40617,59.3745,,1.724734,-8.995268,-19.83063,1.920914,1,2020-06-10,11:34:24 10 Aug 2020,40000
2020,President,Trump,Biden,,22,0.0020875,0.1457358,0.912875,0.087125,,0.3071067,0.9583931,0.9873217,0.1173041,57.32207,41.84517,,0.832767,50.10782,34.63937,,0.426079,64.52344,49.08179,,1.28812,15.4769,1.039984,29.86406,1,2020-06-10,11:34:24 10 Aug 2020,40000
2020,President,Trump,Biden,,23,0.0044,0.8314051,0.195875,0.804125,,0.791321,0.8348204,0.5458708,0.9430689,44.58705,54.03283,,1.380124,37.44505,46.84659,,0.6986126,51.78408,61.18745,,2.148721,-9.445783,-23.72816,4.92564,1,2020-06-10,11:34:24 10 Aug 2020,40000
2020,President,Trump,Biden,,24,0.0004375,0.0220773,0.003275,0.996725,,0.7175573,0.7132609,0.0082761,0.9987357,35.58921,63.03933,,1.371456,29.98643,57.42595,,0.6941253,41.19345,68.65051,,2.135138,-27.45011,-38.63243,-16.25229,1,2020-06-10,11:34:24 10 Aug 2020,40000
2020,President,Trump,Biden,,25,0.000475,0.0202969,0.008925,0.991075,,0.8011205,0.7164695,0.0251805,0.9975415,34.16413,64.32846,,1.507412,26.9212,56.98589,,0.7612824,41.50426,71.57355,,2.349689,-30.16433,-44.63783,-15.49981,1,2020-06-10,11:34:24 10 Aug 2020,40000
2020,President,Trump,Biden,,15,0.000225,0.0712084,0.0073,0.9927,,0.6130137,0.7142138,0.0157598,0.9960313,29.73936,68.60394,,1.656703,21.15291,59.85763,,0.8348309,38.46875,77.19814,,2.585508,-38.86459,-56.00146,-21.40006,1,2020-06-10,11:34:24 10 Aug 2020,40000
2020,President,Trump,Biden,,16,7.5e-05,0.0138031,0.983875,0.016125,,0.2881463,0.972093,0.9984152,0.0220209,62.40229,34.41143,,3.186284,54.73487,26.96017,,1.578723,69.96671,42.05474,,5.018386,27.99087,12.79871,42.91433,1,2020-06-10,11:34:24 10 Aug 2020,40000
2020,President,Trump,Biden,,09,0.00215,0.1820624,0.034575,0.965425,,0.8705712,0.7326825,0.1060046,0.9937133,39.96474,59.10592,,0.9293339,33.47915,52.55033,,0.4743798,46.55682,65.60014,,1.439485,-19.14118,-32.10098,-6.011688,1,2020-06-10,11:34:24 10 Aug 2020,40000
2020,President,Trump,Biden,,13,0.030425,0.9973252,0.58155,0.41845,,0.477474,0.984586,0.977901,0.5787939,50.36062,48.84319,,0.7961931,45.49504,43.97746,,0.4077546,55.20908,53.7059,,1.230866,1.51743,-8.203358,11.21293,1,2020-06-10,11:34:24 10 Aug 2020,40000
2020,President,Trump,Biden,,12,0.2004125,2.809003,0.391,0.609,,0.7088875,0.9883826,0.9761401,0.8456081,48.44225,50.76665,,0.7911085,42.97546,45.30843,,0.4052054,53.88975,56.2201,,1.222908,-2.324401,-13.23426,8.548058,1,2020-06-10,11:34:24 10 Aug 2020,40000
2020,President,Trump,Biden,,11,0.0,0.0,0.0,1.0,,,0.711825,0.0,1.0,6.097475,90.30676,,3.59576,2.300468,85.63731,,1.77556,10.21352,94.61229,,5.674242,-84.20929,-92.08833,-75.73369,1,2020-06-10,11:34:24 10 Aug 2020,40000
2020,President,Trump,Biden,,10,7.5e-05,0.0232533,0.004825,0.995175,,0.9637306,0.7151255,0.0163761,0.9997893,37.7983,61.03331,,1.168391,32.55779,55.77509,,0.5935005,43.05853,66.2719,,1.815118,-23.23501,-33.68806,-12.75244,1,2020-06-10,11:34:24 10 Aug 2020,40000
2020,President,Trump,Biden,,08,0.020925,1.01231,0.1359,0.8641,,0.9192421,0.811538,0.4399542,0.9851438,44.09682,53.97718,,1.926009,38.17128,48.1337,,0.9670545,49.92908,59.89589,,3.012405,-9.880361,-21.69345,1.749039,1,2020-06-10,11:34:24 10 Aug 2020,40000
2020,President,Trump,Biden,,06,0.0024125,0.0243547,0.004725,0.995275,,0.7777778,0.7141494,0.0129424,0.9985249,34.93528,63.14508,,1.919636,28.91499,56.95045,,0.9639349,41.1067,69.24989,,3.002286,-28.20981,-40.2603,-15.92301,1,2020-06-10,11:34:24 10 Aug 2020,40000
2020,President,Trump,Biden,,05,0.00065,0.0806296,0.90405,0.09595,,0.3127869,0.9872329,0.9958619,0.1330734,56.11946,42.24112,,1.639414,49.29732,35.49413,,0.8263277,62.93389,49.07889,,2.558188,13.87834,0.2429504,27.41251,1,2020-06-10,11:34:24 10 Aug 2020,40000
2020,President,Trump,Biden,,04,0.0572375,2.902693,0.4322,0.5678,,0.6148195,0.9652166,0.9358162,0.7699224,48.52021,50.07934,,1.400443,42.65138,44.2523,,0.7084541,54.33769,55.9493,,2.18091,-1.55913,-13.30178,10.09342,1,2020-06-10,11:34:24 10 Aug 2020,40000
2020,President,Trump,Biden,,02,0.001875,0.8264263,0.8258,0.1742,,0.3358259,0.9611079,0.9766684,0.2352053,54.22308,43.18392,,2.593006,46.43828,35.53993,,1.292082,61.93698,50.99172,,4.072289,11.03916,-4.454355,26.28068,1,2020-06-10,11:34:24 10 Aug 2020,40000
2020,President,Trump,Biden,,01,0.00025,0.0164675,0.97425,0.02575,,0.2908904,0.9766991,0.998063,0.0353317,59.64019,39.55363,,0.8061784,53.44007,33.44657,,0.4127597,65.75536,45.75386,,1.246494,20.08656,7.70336,32.30483,1,2020-06-10,11:34:24 10 Aug 2020,40000
2020,President,Trump,Biden,,28,0.002375,0.2784924,0.876175,0.123825,,0.3188861,0.9628508,0.9839761,0.167492,55.29244,43.90543,,0.8021297,48.913,37.57439,,0.4107305,61.63824,50.27711,,1.240157,11.38702,-1.358587,24.05634,1,2020-06-10,11:34:24 10 Aug 2020,40000
2020,President,Trump,Biden,,27,0.0719125,3.332195,0.2269,0.7731,,0.8611723,0.8809339,0.6881493,0.9567661,46.0948,52.42963,,1.475571,40.63703,46.96262,,0.7455683,51.56367,57.90304,,2.29947,-6.334828,-17.22987,4.554844,1,2020-06-10,11:34:24 10 Aug 2020,40000
2020,President,Trump,Biden,,29,0.001275,0.0632824,0.85615,0.14385,,0.330754,0.9946125,0.9972706,0.2009974,54.15788,44.35082,,1.491292,48.11293,38.33163,,0.7533281,60.1926,50.39098,,2.324264,9.80706,-2.256458,21.8026,1,2020-06-10,11:34:24 10 Aug 2020,40000
2020,President,Trump,Biden,,56,1.25e-05,0.0067025,0.997,0.003,,0.284654,0.95,0.9994717,0.0040038,68.21905,28.30009,,3.48086,60.82092,21.22447,,1.720361,75.44383,35.55193,,5.490253,39.91896,25.49054,54.0557,1,2020-06-10,11:34:24 10 Aug 2020,40000
2020,President,Trump,Biden,,42,0.21115,4.775813,0.2776,0.7224,,0.8592399,0.9333818,0.8400247,0.9472483,47.26014,51.98991,,0.7499511,42.07314,46.82116,,0.3845383,52.42534,57.16908,,1.158468,-4.729769,-15.09278,5.607208,1,2020-06-10,11:34:24 10 Aug 2020,40000
2020,President,Trump,Biden,,30,0.0005,0.1395752,0.9005,0.0995,,0.3137701,0.9859297,0.9950696,0.1378148,55.54264,41.90118,,2.556175,48.66922,35.22462,,1.274199,62.27534,48.7151,,4.013708,13.64145,0.0400467,26.9774,1,2020-06-10,11:34:24 10 Aug 2020,40000
2020,President,Trump,Biden,,55,0.102575,4.77365,0.264675,0.735325,,0.8580334,0.9192194,0.7997887,0.9495662,46.75965,52.2185,,1.021842,41.08195,46.54042,,0.5205703,52.45348,57.89149,,1.584708,-5.458849,-16.81816,5.907536,1,2020-06-10,11:34:24 10 Aug 2020,40000
2020,President,Trump,Biden,,54,0.0,0.0,0.993075,0.006925,,0.2857538,0.9747292,0.9993837,0.0094827,65.67196,32.48426,,1.843774,58.14962,25.05387,,0.926737,73.15752,39.9909,,2.881861,33.18769,18.19452,48.02441,1,2020-06-10,11:34:24 10 Aug 2020,40000
2020,President,Trump,Biden,,53,0.0014375,0.0571274,0.0154,0.9846,,0.8668831,0.7208765,0.0470153,0.9971201,37.45283,60.30648,,2.240691,31.16888,53.944,,1.120736,43.8261,66.64508,,3.512023,-22.85365,-35.40616,-10.20653,1,2020-06-10,11:34:24 10 Aug 2020,40000
2020,President,Trump,Biden,,51,0.016125,0.5441856,0.074175,0.925825,,0.9774182,0.7671806,0.2553266,0.9978225,43.87087,55.09645,,1.032685,38.88022,50.14018,,0.5259804,48.83529,60.10565,,1.601741,-11.22558,-21.24477,-1.30249,1,2020-06-10,11:34:24 10 Aug 2020,40000
2020,President,Trump,Biden,,50,0.0002,0.0885342,0.00805,0.99195,,0.7732919,0.7157871,0.0219229,0.9974713,31.30014,65.9257,,2.774165,23.26018,57.67314,,1.379918,39.47563,74.04963,,4.360698,-34.62556,-50.743,-18.2831,1,2020-06-10,11:34:24 10 Aug 2020,40000
2020,President,Trump,Biden,,49,0.0007625,0.0877894,0.9288,0.0712,,0.3042097,0.9803371,0.9950696,0.0980578,56.12664,40.54368,,3.329675,49.33023,33.9203,,1.647726,62.83818,47.24738,,5.247906,15.58296,2.26049,28.76787,1,2020-06-10,11:34:24 10 Aug 2020,40000
2020,President,Trump,Biden,,47,0.0007375,0.0411396,0.936075,0.063925,,0.3024597,0.9867032,0.9970946,0.0886103,57.43279,41.45811,,1.109103,50.85991,34.94149,,0.5640345,63.9829,48.0137,,1.721854,15.97468,2.895882,29.03201,1,2020-06-10,11:34:24 10 Aug 2020,40000
2020,President,Trump,Biden,,46,0.0003,0.1103668,0.94575,0.05425,,0.298599,0.9700461,0.9945413,0.0739297,59.40833,39.0681,,1.523572,51.52679,31.32581,,0.7692537,67.17033,46.94747,,2.375182,20.34024,4.594204,35.83251,1,2020-06-10,11:34:24 10 Aug 2020,40000
2020,President,Trump,Biden,,45,0.0013,0.0835706,0.865675,0.134325,,0.3272302,0.9946026,0.9976228,0.1876866,54.20287,44.89962,,0.8975125,48.76408,39.49245,,0.4584774,59.60696,50.34604,,1.389573,9.303252,-1.558533,20.08327,1,2020-06-10,11:34:24 10 Aug 2020,40000
2020,President,Trump,Biden,,44,0.000825,0.2499334,0.03575,0.96425,,0.8426573,0.7324345,0.1060926,0.992168,37.58198,60.94532,,1.472693,29.67952,52.93255,,0.7441477,45.5797,68.86566,,2.294932,-23.36334,-39.16689,-7.356987,1,2020-06-10,11:34:24 10 Aug 2020,40000
2020,President,Trump,Biden,,48,0.0144125,0.216987,0.714825,0.285175,,0.3964956,0.9980714,0.9981511,0.3998525,51.93203,47.07227,,0.9957041,46.29694,41.45379,,0.5075231,57.56614,52.72422,,1.543646,4.859756,-6.41378,16.08004,1,2020-06-10,11:34:24 10 Aug 2020,40000
2020,President,Trump,Biden,,41,0.0081375,0.5444077,0.0989,0.9011,,0.7692114,0.764843,0.2679169,0.9682155,41.51094,56.03207,,2.456985,34.30746,48.75101,,1.225996,48.75021,63.23801,,3.855862,-14.52113,-28.86783,-0.0700264,1,2020-06-10,11:34:24 10 Aug 2020,40000
2020,President,Trump,Biden,,35,0.0086,1.495118,0.09855,0.90145,,0.9198377,0.7811027,0.3192464,0.9891827,43.01131,55.2064,,1.782293,36.93169,49.14202,,0.8965551,49.11263,61.27057,,2.784327,-12.19509,-24.28191,-0.0768604,1,2020-06-10,11:34:24 10 Aug 2020,40000
2020,President,Trump,Biden,,40,0.0001,0.0099323,0.990025,0.009975,,0.2866342,0.9824561,0.9993837,0.0137674,62.9218,35.8684,,1.209799,56.36523,29.39964,,0.6140561,69.39348,42.42703,,1.880235,27.05341,13.95213,39.98395,1,2020-06-10,11:34:24 10 Aug 2020,40000
2020,President,Trump,Biden,,32,0.0362,4.216791,0.23215,0.76785,,0.8480508,0.8823012,0.6933439,0.9517438,45.82335,52.4202,,1.756449,39.97937,46.57658,,0.8838587,51.64857,58.27552,,2.743345,-6.596847,-18.25716,5.026829,1,2020-06-10,11:34:24 10 Aug 2020,40000
2020,President,Trump,Biden,,33,0.0220125,4.099787,0.310475,0.689525,,0.7498188,0.9215402,0.8198627,0.8926703,46.76001,52.16361,,1.076385,39.68275,45.02122,,0.547755,53.87012,59.27996,,1.670414,-5.403603,-19.58184,8.814264,1,2020-06-10,11:34:24 10 Aug 2020,40000
2020,President,Trump,Biden,,34,0.006725,0.2417147,0.048175,0.951825,,0.7368968,0.7346676,0.125022,0.9823692,40.18063,58.96383,,0.855535,33.17611,51.91998,,0.4374766,47.22955,65.97981,,1.323781,-18.78321,-32.76953,-4.667601,1,2020-06-10,11:34:24 10 Aug 2020,40000
2020,President,Trump,Biden,,31,0.0,0.0,0.9794,0.0206,,0.2898458,0.9963592,0.9997359,0.0288343,58.87099,39.24196,,1.887047,52.99875,33.42295,,0.9477034,64.73979,45.11102,,2.94918,19.62903,7.927778,31.26793,1,2020-06-10,11:34:24 10 Aug 2020,40000
2020,President,Trump,Biden,,36,0.001975,0.0366824,0.008925,0.991075,,0.7507003,0.7160155,0.0235957,0.9969094,36.503,62.39029,,1.106717,30.40674,56.24632,,0.5628474,42.63943,68.47876,,1.718102,-25.88729,-38.07621,-13.60191,1,2020-06-10,11:34:24 10 Aug 2020,40000
2020,President,Trump,Biden,,37,0.060775,1.732729,0.465125,0.534875,,0.5834991,0.9756485,0.9558021,0.7331156,49.22461,49.97495,,0.8004317,43.86417,44.57836,,0.4098794,54.64324,55.35304,,1.237499,-0.7503404,-11.4957,10.03756,1,2020-06-10,11:34:24 10 Aug 2020,40000
2020,President,Trump,Biden,,38,7.5e-05,0.0316262,0.98325,0.01675,,0.2886092,0.9895523,0.9993837,0.0232852,60.69117,36.61421,,2.694624,53.83818,29.91917,,1.341378,67.4505,43.46657,,4.233964,24.07696,10.49035,37.4082,1,2020-06-10,11:34:24 10 Aug 2020,40000
2020,President,Trump,Biden,,39,0.0437,1.094201,0.517475,0.482525,,0.5439393,0.9947153,0.9912837,0.6742879,49.64518,49.33426,,1.02056,44.12708,43.81786,,0.5199306,55.17119,54.85067,,1.582695,0.3109214,-10.71232,11.33962,1,2020-06-10,11:34:24 10 Aug 2020,40000
2020,President,Trump,Biden,,15,0.0003875,0.1273063,0.007975,0.992025,,0.6269593,0.7098864,0.0173295,0.9957933,29.75428,68.59077,,1.654943,21.1043,59.79918,,0.8422323,38.56923,77.24505,,2.583896,-38.83649,-56.14755,-21.27273,1,2020-06-09,11:57:35 10 Aug 2020,40000
2020,President,Trump,Biden,,26,0.0403375,1.141035,0.147075,0.852925,,0.9600544,0.8224639,0.4893857,0.99194,45.01091,53.8785,,1.110593,39.56049,48.42167,,0.5702569,50.46888,59.31868,,1.723907,-8.867594,-19.75189,2.023188,1,2020-06-09,11:57:35 10 Aug 2020,40000
2020,President,Trump,Biden,,25,0.0004375,0.0184905,0.0088,0.9912,,0.8125,0.7118392,0.0247812,0.9977022,34.23784,64.25533,,1.506835,27.0263,57.01291,,0.7685601,41.49253,71.48595,,2.349341,-30.01748,-44.43193,-15.52514,1,2020-06-09,11:57:35 10 Aug 2020,40000
2020,President,Trump,Biden,,24,0.000325,0.0169835,0.003325,0.996675,,0.7894737,0.7088569,0.009098,0.9990102,35.61155,63.01739,,1.371063,29.97668,57.35873,,0.7007967,41.28045,68.65279,,2.13449,-27.40584,-38.64048,-16.1051,1,2020-06-09,11:57:35 10 Aug 2020,40000
2020,President,Trump,Biden,,23,0.00465,0.8701979,0.201825,0.798175,,0.7901648,0.8334012,0.5527251,0.9406109,44.70585,53.91653,,1.377623,37.53124,46.758,,0.7040411,51.86649,61.06445,,2.144558,-9.210673,-23.5139,5.092693,1,2020-06-09,11:57:35 10 Aug 2020,40000
2020,President,Trump,Biden,,22,0.0019875,0.1394904,0.91725,0.08275,,0.3110112,0.9601209,0.9887358,0.1123445,57.52124,41.64649,,0.8322678,50.2361,34.52033,,0.4298992,64.64685,48.9291,,1.286713,15.87474,1.335211,30.09223,1,2020-06-09,11:57:35 10 Aug 2020,40000
2020,President,Trump,Biden,,21,0.0001875,0.014086,0.97635,0.02365,,0.2952578,0.9894292,0.9991335,0.0330882,59.72987,39.03908,,1.231054,53.41651,32.81428,,0.6307459,65.99657,45.31135,,1.913681,20.69079,8.139269,33.1601,1,2020-06-09,11:57:35 10 Aug 2020,40000
2020,President,Trump,Biden,,20,0.0001375,0.0157562,0.93185,0.06815,,0.3094382,0.9974321,0.9993935,0.0961185,55.94807,42.23785,,1.814079,50.0676,36.4312,,0.9211738,61.79849,48.10036,,2.83602,13.71023,1.990095,25.30831,1,2020-06-09,11:57:35 10 Aug 2020,40000
2020,President,Trump,Biden,,19,0.00495,0.4464319,0.660775,0.339225,,0.4343763,0.9952834,0.9948012,0.4774109,51.27619,47.4047,,1.319112,45.11273,41.2477,,0.6748376,57.44871,53.58749,,2.052502,3.87149,-8.432192,16.18311,1,2020-06-09,11:57:35 10 Aug 2020,40000
2020,President,Trump,Biden,,18,0.00035,0.0180208,0.911975,0.088025,,0.31599,0.9960238,0.9987869,0.1239748,55.33014,43.2068,,1.463054,49.58357,37.46282,,0.7467426,61.05564,48.92994,,2.280089,12.12334,0.6731091,23.54424,1,2020-06-09,11:57:35 10 Aug 2020,40000
2020,President,Trump,Biden,,17,0.0048125,0.1214857,0.021875,0.978125,,0.8537143,0.7198467,0.0647258,0.9956165,38.87832,59.55593,,1.565746,32.68643,53.30072,,0.7978877,45.14639,65.7473,,2.442698,-20.67761,-33.03639,-8.207247,1,2020-06-09,11:57:35 10 Aug 2020,40000
2020,President,Trump,Biden,,16,0.0002125,0.0412016,0.9857,0.0143,,0.2924318,0.9807692,0.9990469,0.0198317,62.61203,34.20658,,3.181392,54.95248,26.84422,,1.59217,70.13937,41.72781,,5.014437,28.40545,13.35423,43.17068,1,2020-06-09,11:57:35 10 Aug 2020,40000
2020,President,Trump,Biden,,28,0.0018875,0.2187605,0.880775,0.119225,,0.3221311,0.9593206,0.9833637,0.1617294,55.42866,43.76938,,0.8019608,49.02831,37.40363,,0.4145535,61.77475,50.16301,,1.239262,11.65928,-1.117891,24.37883,1,2020-06-09,11:57:35 10 Aug 2020,40000
2020,President,Trump,Biden,,13,0.0316625,1.04383,0.592925,0.407075,,0.4767045,0.9849536,0.9796378,0.5669542,50.44949,48.75451,,0.7960047,45.58335,43.94962,,0.411536,55.25422,53.62285,,1.22994,1.694978,-8.032036,11.30406,1,2020-06-09,11:57:35 10 Aug 2020,40000
2020,President,Trump,Biden,,12,0.206525,2.891139,0.396325,0.603675,,0.7088248,0.9869963,0.9736592,0.8425127,48.50142,50.70751,,0.7910677,43.04117,45.25833,,0.4090343,53.95164,56.15326,,1.222213,-2.206091,-13.13334,8.694904,1,2020-06-09,11:57:35 10 Aug 2020,40000
2020,President,Trump,Biden,,11,0.0,0.0,0.0,1.0,,,0.7072,0.0,1.0,5.996972,90.41225,,3.590775,2.188446,85.6725,,1.790738,10.13984,94.68994,,5.670172,-84.41528,-92.26737,-75.83859,1,2020-06-09,11:57:35 10 Aug 2020,40000
2020,President,Trump,Biden,,10,0.0002,0.0625082,0.0047,0.9953,,0.9680851,0.7103888,0.0157699,0.9997879,37.85185,60.97995,,1.1682,32.60086,55.71014,,0.599204,43.12172,66.25544,,1.814581,-23.1281,-33.63801,-12.63766,1,2020-06-09,11:57:35 10 Aug 2020,40000
2020,President,Trump,Biden,,09,0.0019375,0.1705047,0.035225,0.964775,,0.8914124,0.7291597,0.1088294,0.9947327,40.03019,59.04049,,0.9293122,33.553,52.52217,,0.4789434,46.51737,65.4991,,1.438913,-19.0103,-31.93567,-6.036678,1,2020-06-09,11:57:35 10 Aug 2020,40000
2020,President,Trump,Biden,,08,0.02215,1.079747,0.142825,0.857175,,0.9105549,0.8103363,0.4507408,0.9821833,44.19703,53.87826,,1.924703,38.34396,48.00854,,0.9759251,50.06888,59.72549,,3.01154,-9.68123,-21.31365,2.02437,1,2020-06-09,11:57:35 10 Aug 2020,40000
2020,President,Trump,Biden,,06,0.0023875,0.0242241,0.005075,0.994925,,0.7832512,0.7097017,0.013777,0.9984446,34.9508,63.13049,,1.918709,28.82324,56.93734,,0.9729611,41.14256,69.28537,,3.002022,-28.17969,-40.41626,-15.83869,1,2020-06-09,11:57:35 10 Aug 2020,40000
2020,President,Trump,Biden,,05,0.0002875,0.0356041,0.968525,0.031475,,0.2969722,0.9698173,0.9968807,0.0431632,60.82252,37.50626,,1.671226,53.17653,29.97924,,0.85032,68.38818,45.13076,,2.609663,23.31626,8.057816,38.33937,1,2020-06-09,11:57:35 10 Aug 2020,40000
2020,President,Trump,Biden,,04,0.0577375,2.921583,0.437575,0.562425,,0.6116095,0.9607059,0.9275626,0.7640342,48.57986,50.02019,,1.399947,42.67272,44.17527,,0.715228,54.42412,55.9157,,2.180181,-1.440325,-13.22554,10.20843,1,2020-06-09,11:57:35 10 Aug 2020,40000
2020,President,Trump,Biden,,02,0.00195,0.8573195,0.82645,0.17355,,0.340795,0.9588015,0.9761719,0.2352941,54.32933,43.0814,,2.589269,46.43977,35.33348,,1.303121,62.15784,50.94739,,4.069189,11.24793,-4.38979,26.75169,1,2020-06-09,11:57:35 10 Aug 2020,40000
2020,President,Trump,Biden,,01,0.0003875,0.0248839,0.97595,0.02405,,0.2948665,0.968815,0.9974006,0.0329468,59.76625,39.4286,,0.8051527,53.5659,33.34009,,0.4161704,65.86745,45.61549,,1.244259,20.33766,7.97613,32.51023,1,2020-06-09,11:57:35 10 Aug 2020,40000
2020,President,Trump,Biden,,27,0.066175,3.071171,0.2326,0.7674,,0.8549011,0.8794305,0.689195,0.9542916,46.17873,52.34716,,1.474114,40.71937,46.86317,,0.752256,51.65971,57.81092,,2.297579,-6.168433,-17.08792,4.78438,1,2020-06-09,11:57:35 10 Aug 2020,40000
2020,President,Trump,Biden,,56,1.25e-05,0.0059295,0.99735,0.00265,,0.2891412,0.9433962,0.9994801,0.0035351,68.41368,28.11091,,3.475408,61.0744,21.06002,,1.734859,75.63953,35.31475,,5.484953,40.30277,26.01636,54.43257,1,2020-06-09,11:57:35 10 Aug 2020,40000
2020,President,Trump,Biden,,29,0.0011375,0.0569179,0.859125,0.140875,,0.3344973,0.9918367,0.9960142,0.1975749,54.2897,44.22091,,1.489394,48.24247,38.24908,,0.7598708,60.25616,50.27824,,2.321744,10.06879,-2.025961,21.93035,1,2020-06-09,11:57:35 10 Aug 2020,40000
2020,President,Trump,Biden,,42,0.2097125,4.759757,0.284425,0.715575,,0.8556737,0.9325717,0.8435144,0.9436157,47.35623,51.89406,,0.7497139,42.1651,46.6992,,0.3880586,52.55204,57.07555,,1.15752,-4.537831,-14.90046,5.841129,1,2020-06-09,11:57:35 10 Aug 2020,40000
2020,President,Trump,Biden,,30,0.0004125,0.1155017,0.908475,0.091525,,0.3162993,0.9866157,0.9959276,0.1276866,55.71629,41.7329,,2.550812,48.90823,35.03793,,1.284268,62.44935,48.47261,,4.007868,13.98338,0.571867,27.32298,1,2020-06-09,11:57:35 10 Aug 2020,40000
2020,President,Trump,Biden,,55,0.0984,4.598804,0.274425,0.725575,,0.8441286,0.9177549,0.8028767,0.9416007,46.85302,52.12572,,1.021258,41.14324,46.45902,,0.5252904,52.5393,57.82161,,1.58335,-5.272708,-16.64648,6.049896,1,2020-06-09,11:57:35 10 Aug 2020,40000
2020,President,Trump,Biden,,54,0.0,0.0,0.9933,0.0067,,0.290295,0.9738806,0.9993935,0.0092265,65.91083,32.25623,,1.832945,58.34384,24.95963,,0.9305186,73.27007,39.77527,,2.865923,33.6546,18.62542,48.29187,1,2020-06-09,11:57:35 10 Aug 2020,40000
2020,President,Trump,Biden,,53,0.001575,0.0613022,0.0154,0.9846,,0.8652598,0.7161537,0.0461832,0.9970659,37.53757,60.22336,,2.239074,31.19431,53.87318,,1.131089,43.87497,66.59719,,3.511104,-22.68579,-35.35082,-10.05928,1,2020-06-09,11:57:35 10 Aug 2020,40000
2020,President,Trump,Biden,,51,0.016875,0.5701723,0.078475,0.921525,,0.9678242,0.7647649,0.2632354,0.9965357,43.9603,55.00732,,1.03238,38.99063,50.04704,,0.5308927,48.93495,59.98956,,1.600838,-11.04702,-20.98946,-1.135166,1,2020-06-09,11:57:35 10 Aug 2020,40000
2020,President,Trump,Biden,,50,6.25e-05,0.0276132,0.008425,0.991575,,0.7566766,0.7111413,0.0220951,0.9971012,31.41355,65.81625,,2.770202,23.35967,57.51338,,1.391685,39.6748,73.87929,,4.357903,-34.40269,-50.40885,-17.93064,1,2020-06-09,11:57:35 10 Aug 2020,40000
2020,President,Trump,Biden,,49,0.0009625,0.1111104,0.931175,0.068825,,0.3082664,0.9782056,0.9948878,0.0951994,56.24915,40.42525,,3.325602,49.39656,33.71867,,1.662217,63.01509,47.25464,,5.245066,15.82389,2.296211,29.15354,1,2020-06-09,11:57:35 10 Aug 2020,40000
2020,President,Trump,Biden,,47,0.0008125,0.0453644,0.93765,0.06235,,0.3066443,0.9839615,0.9965341,0.0867506,57.55776,41.33418,,1.108065,50.95132,34.76232,,0.5689853,64.11279,47.94224,,1.719925,16.22358,3.016212,29.35237,1,2020-06-09,11:57:35 10 Aug 2020,40000
2020,President,Trump,Biden,,46,0.0003375,0.1269822,0.94935,0.05065,,0.3020751,0.9654492,0.9939347,0.0691459,59.63772,38.84027,,1.522006,51.71832,31.05594,,0.7761154,67.41744,46.68238,,2.373376,20.79745,5.048403,36.33002,1,2020-06-09,11:57:35 10 Aug 2020,40000
2020,President,Trump,Biden,,45,0.0012,0.0776069,0.874225,0.125775,,0.3292345,0.9944345,0.9975739,0.1768594,54.3261,44.777,,0.8968973,48.93893,39.42005,,0.4625767,59.68884,50.16216,,1.388028,9.549091,-1.204441,20.26868,1,2020-06-09,11:57:35 10 Aug 2020,40000
2020,President,Trump,Biden,,44,0.0010875,0.3332961,0.036,0.964,,0.8319445,0.7274897,0.1038038,0.9916573,37.65191,60.87687,,1.471218,29.75442,52.82384,,0.7508126,45.67595,68.77364,,2.293,-23.22496,-39.00387,-7.202351,1,2020-06-09,11:57:35 10 Aug 2020,40000
2020,President,Trump,Biden,,48,0.0141125,0.211646,0.72025,0.27975,,0.3995488,0.9972297,0.9974006,0.3944782,52.00124,47.00325,,0.9955136,46.36814,41.41035,,0.5123246,57.593,52.63075,,1.542852,4.997987,-6.249285,16.15782,1,2020-06-09,11:57:35 10 Aug 2020,40000
2020,President,Trump,Biden,,41,0.0084625,0.5724542,0.104925,0.895075,,0.756731,0.7618356,0.2751928,0.9642251,41.67389,55.87259,,2.453516,34.43182,48.59153,,1.23653,49.00859,63.13525,,3.852841,-14.1987,-28.60577,0.3611584,1,2020-06-09,11:57:35 10 Aug 2020,40000
2020,President,Trump,Biden,,35,0.0090125,1.566858,0.10305,0.89695,,0.9085395,0.778137,0.3244953,0.9869202,43.11444,55.10445,,1.781107,36.99425,49.00885,,0.9048357,49.22647,61.19121,,2.783771,-11.99001,-24.14576,0.1546555,1,2020-06-09,11:57:35 10 Aug 2020,40000
2020,President,Trump,Biden,,40,6.25e-05,0.0056902,0.990525,0.009475,,0.2911083,0.9788918,0.9993935,0.0131151,63.05714,35.73386,,1.20899,56.53185,29.30215,,0.6196784,69.50807,42.23838,,1.87887,27.32328,14.33268,40.20728,1,2020-06-09,11:57:35 10 Aug 2020,40000
2020,President,Trump,Biden,,32,0.0369,4.302247,0.2333,0.7667,,0.8435491,0.8762554,0.6820899,0.9499788,45.88289,52.36143,,1.755681,40.07916,46.53056,,0.89223,51.69497,58.16645,,2.743455,-6.478541,-18.02773,5.12332,1,2020-06-09,11:57:35 10 Aug 2020,40000
2020,President,Trump,Biden,,33,0.020575,3.841647,0.31865,0.68135,,0.7436059,0.9201218,0.821246,0.886489,46.86993,52.05578,,1.074293,39.75403,44.92923,,0.5519962,53.98881,59.18958,,1.666763,-5.185858,-19.42449,9.059921,1,2020-06-09,11:57:35 10 Aug 2020,40000
2020,President,Trump,Biden,,34,0.006025,0.2185396,0.0489,0.9511,,0.7622699,0.7314425,0.1291916,0.9837033,40.22758,58.91689,,0.8555313,33.23501,51.90809,,0.4416687,47.21832,65.89218,,1.323162,-18.68931,-32.64875,-4.686031,1,2020-06-09,11:57:35 10 Aug 2020,40000
2020,President,Trump,Biden,,31,1.25e-05,0.0018776,0.980125,0.019875,,0.2942482,0.9937107,0.9995667,0.027927,59.01588,39.099,,1.88513,53.15466,33.33192,,0.9554884,64.83556,44.95109,,2.946064,19.91688,8.250717,31.45957,1,2020-06-09,11:57:35 10 Aug 2020,40000
2020,President,Trump,Biden,,36,0.0017375,0.0320693,0.0087,0.9913,,0.7988506,0.7116413,0.024088,0.9975255,36.53603,62.35743,,1.106542,30.43624,56.19564,,0.5682198,42.69859,68.45936,,1.717528,-25.8214,-38.01707,-13.50283,1,2020-06-09,11:57:35 10 Aug 2020,40000
2020,President,Trump,Biden,,37,0.06135,1.741663,0.470875,0.529125,,0.581099,0.9709426,0.948358,0.7264565,49.30495,49.89476,,0.8002951,43.93245,44.48396,,0.4137098,54.70721,55.26545,,1.236655,-0.5898138,-11.33144,10.22306,1,2020-06-09,11:57:35 10 Aug 2020,40000
2020,President,Trump,Biden,,38,5e-05,0.0187604,0.983125,0.016875,,0.2934012,0.9955556,0.9997401,0.0237557,60.86003,36.45308,,2.686882,54.02167,29.76281,,1.350931,67.64341,43.22337,,4.225,24.40695,10.89155,37.77655,1,2020-06-09,11:57:35 10 Aug 2020,40000
2020,President,Trump,Biden,,39,0.045375,1.131301,0.52565,0.47435,,0.5435175,0.9938337,0.9902088,0.6666077,49.74831,49.23171,,1.019979,44.30514,43.79072,,0.5246463,55.19316,54.66519,,1.581334,0.5166034,-10.32649,11.39774,1,2020-06-09,11:57:35 10 Aug 2020,40000
2020,President,Trump,Biden,,29,0.001375,0.0686456,0.865675,0.134325,,0.3497849,0.995161,0.9979402,0.1930255,54.4089,44.0967,,1.494398,48.39812,38.07546,,0.7630449,60.42294,50.10262,,2.323467,10.3122,-1.66013,22.31913,1,2020-06-08,11:59:04 10 Aug 2020,40000
2020,President,Trump,Biden,,27,0.07015,3.260272,0.241525,0.758475,,0.8691647,0.8722436,0.6918514,0.9553085,46.28781,52.23454,,1.477652,40.80919,46.72897,,0.7546973,51.78763,57.73514,,2.297107,-5.946735,-16.87484,5.019527,1,2020-06-08,11:59:04 10 Aug 2020,40000
2020,President,Trump,Biden,,26,0.0373125,1.052487,0.1536,0.8464,,0.9676107,0.8125,0.4898245,0.9930328,45.10882,53.77588,,1.115296,39.6843,48.33002,,0.5731935,50.56271,59.24944,,1.727001,-8.667065,-19.54569,2.235723,1,2020-06-08,11:59:04 10 Aug 2020,40000
2020,President,Trump,Biden,,25,0.0005875,0.0250871,0.0091,0.9909,,0.7884616,0.6969422,0.0236467,0.9972203,34.34349,64.14535,,1.511163,27.05222,56.74609,,0.7713999,41.76401,71.44868,,2.349877,-29.80186,-44.3697,-15.02885,1,2020-06-08,11:59:04 10 Aug 2020,40000
2020,President,Trump,Biden,,24,0.000225,0.0108209,0.00305,0.99695,,0.7622951,0.6939164,0.0076625,0.9989531,35.70655,62.91845,,1.374995,30.09368,57.22035,,0.7034237,41.37059,68.57007,,2.135641,-27.2119,-38.44872,-15.88584,1,2020-06-08,11:59:04 10 Aug 2020,40000
2020,President,Trump,Biden,,23,0.0047125,0.8839186,0.208475,0.791525,,0.8032138,0.8236632,0.5518662,0.9414101,44.79701,53.82118,,1.381808,37.63229,46.59418,,0.7071588,52.00698,61.0023,,2.144455,-9.024166,-23.33619,5.423115,1,2020-06-08,11:59:04 10 Aug 2020,40000
2020,President,Trump,Biden,,22,0.0015875,0.1121425,0.92135,0.07865,,0.3258262,0.9586777,0.9893714,0.1088769,57.67054,41.49279,,0.8366657,50.38778,34.28016,,0.4325858,64.8701,48.76643,,1.290363,16.17775,1.625137,30.57688,1,2020-06-08,11:59:04 10 Aug 2020,40000
2020,President,Trump,Biden,,21,0.000175,0.0128374,0.9764,0.0236,,0.3106565,0.9957627,0.9996704,0.0339338,59.84056,38.9249,,1.23454,53.43279,32.62494,,0.6330587,66.17988,45.3149,,1.914472,20.91567,8.125717,33.53517,1,2020-06-08,11:59:04 10 Aug 2020,40000
2020,President,Trump,Biden,,20,0.000125,0.0143977,0.9335,0.0665,,0.3249866,0.9992481,0.9998352,0.0959532,56.06391,42.11504,,1.821048,50.14706,36.28634,,0.9255776,61.91866,47.98441,,2.838772,13.94886,2.218113,25.57019,1,2020-06-08,11:59:04 10 Aug 2020,40000
2020,President,Trump,Biden,,19,0.0057125,0.5233863,0.6682,0.3318,,0.4519605,0.9956299,0.9953036,0.4770225,51.37392,47.30276,,1.323326,45.19679,41.12505,,0.6775564,57.52295,53.49859,,2.05424,4.071155,-8.265535,16.41759,1,2020-06-08,11:59:04 10 Aug 2020,40000
2020,President,Trump,Biden,,18,0.0004125,0.0202691,0.915375,0.084625,,0.331285,0.9979321,0.9994233,0.1219451,55.4604,43.07238,,1.467225,49.673,37.31993,,0.7494998,61.21678,48.85626,,2.280706,12.38803,0.8587933,23.85693,1,2020-06-08,11:59:04 10 Aug 2020,40000
2020,President,Trump,Biden,,17,0.00515,0.1291857,0.025175,0.974825,,0.8232374,0.7058703,0.0683035,0.9936103,38.99522,59.43037,,1.574412,32.81429,53.16142,,0.8029091,45.22929,65.66791,,2.449663,-20.43514,-32.84541,-7.978992,1,2020-06-08,11:59:04 10 Aug 2020,40000
2020,President,Trump,Biden,,01,0.000275,0.0180146,0.97515,0.02485,,0.3103369,0.9668008,0.9973634,0.0346919,59.89713,39.29534,,0.8075294,53.69088,33.17724,,0.4178123,66.0298,45.49801,,1.244866,20.6018,8.19665,32.84784,1,2020-06-08,11:59:04 10 Aug 2020,40000
2020,President,Trump,Biden,,15,0.0002125,0.0701866,0.0067,0.9933,,0.6753731,0.6950569,0.0149131,0.9969315,29.82542,68.51042,,1.664151,21.30155,59.75122,,0.8476025,38.52363,77.03486,,2.591093,-38.685,-55.70158,-21.32432,1,2020-06-08,11:59:04 10 Aug 2020,40000
2020,President,Trump,Biden,,13,0.029575,0.9727653,0.6025,0.3975,,0.4934855,0.9838994,0.9798962,0.5647449,50.56366,48.63828,,0.7980564,45.62309,43.78035,,0.4130062,55.43139,53.5882,,1.230078,1.925385,-7.955667,11.62055,1,2020-06-08,11:59:04 10 Aug 2020,40000
2020,President,Trump,Biden,,12,0.20515,2.871314,0.40805,0.59195,,0.7224605,0.9850916,0.9715745,0.8420274,48.60905,50.59771,,0.7932366,43.13636,45.14044,,0.4105604,54.09453,56.07265,,1.222555,-1.988654,-12.93075,8.951298,1,2020-06-08,11:59:04 10 Aug 2020,40000
2020,President,Trump,Biden,,11,0.0,0.0,0.0,1.0,,,0.692525,0.0,1.0,6.040336,90.348,,3.611668,2.209916,85.58486,,1.803507,10.2621,94.66018,,5.68782,-84.30766,-92.19669,-75.62791,1,2020-06-08,11:59:04 10 Aug 2020,40000
2020,President,Trump,Biden,,10,7.5e-05,0.0198379,0.004775,0.995225,,0.9790576,0.6957472,0.0154074,0.9998556,37.98755,60.84118,,1.171281,32.71426,55.51949,,0.6013124,43.30795,66.11945,,1.814942,-22.85363,-33.3674,-12.2555,1,2020-06-08,11:59:04 10 Aug 2020,40000
2020,President,Trump,Biden,,09,0.0020125,0.1762288,0.03775,0.96225,,0.8900662,0.7153806,0.1107358,0.9940074,40.20027,58.86811,,0.931613,33.6693,52.31359,,0.4806435,46.77115,65.39147,,1.438828,-18.66784,-31.71313,-5.56455,1,2020-06-08,11:59:04 10 Aug 2020,40000
2020,President,Trump,Biden,,08,0.0213,1.035866,0.151,0.849,,0.919702,0.8018551,0.4576914,0.9830331,44.33673,53.734,,1.929278,38.4973,47.89135,,0.9792591,50.22012,59.57835,,3.009876,-9.39727,-21.03549,2.283632,1,2020-06-08,11:59:04 10 Aug 2020,40000
2020,President,Trump,Biden,,06,0.0028875,0.0287628,0.0048,0.9952,,0.8385417,0.6950864,0.0132652,0.9988809,35.01941,63.05549,,1.925104,28.97537,56.89963,,0.97719,41.13194,69.1075,,3.003272,-28.03608,-40.1296,-15.80869,1,2020-06-08,11:59:04 10 Aug 2020,40000
2020,President,Trump,Biden,,05,0.000425,0.0513554,0.9684,0.0316,,0.3122677,0.9675633,0.9966219,0.04415,61.00149,37.31799,,1.680523,53.21774,29.66855,,0.8557508,68.66441,45.08305,,2.616906,23.68351,8.187328,39.00476,1,2020-06-08,11:59:04 10 Aug 2020,40000
2020,President,Trump,Biden,,04,0.0587375,2.97811,0.447425,0.552575,,0.633514,0.9615437,0.9341682,0.7672286,48.68671,49.90789,,1.405405,42.84129,44.08267,,0.7186273,54.50716,55.79176,,2.183494,-1.221184,-12.91909,10.3871,1,2020-06-08,11:59:04 10 Aug 2020,40000
2020,President,Trump,Biden,,02,0.001725,0.7692309,0.829925,0.170075,,0.3554237,0.950022,0.9721513,0.2333129,54.47001,42.92576,,2.604232,46.58092,35.11951,,1.311962,62.28166,50.79287,,4.080401,11.54425,-4.160067,27.0718,1,2020-06-08,11:59:04 10 Aug 2020,40000
2020,President,Trump,Biden,,28,0.002225,0.2602364,0.884375,0.115625,,0.3372155,0.9545946,0.9828623,0.1593805,55.55251,43.64221,,0.8052723,49.15228,37.26216,,0.4166672,61.94368,50.05228,,1.241342,11.9103,-0.9192543,24.66775,1,2020-06-08,11:59:04 10 Aug 2020,40000
2020,President,Trump,Biden,,16,8.75e-05,0.0175774,0.986225,0.013775,,0.3072068,0.9655172,0.9985169,0.0192051,62.74496,34.05503,,3.200004,55.06705,26.56062,,1.603437,70.33977,41.71086,,5.029678,28.68992,13.45291,43.66782,1,2020-06-08,11:59:04 10 Aug 2020,40000
2020,President,Trump,Biden,,30,0.0005125,0.1404763,0.909475,0.090525,,0.3320597,0.9839823,0.9953036,0.1286235,55.83392,41.60639,,2.559686,49.02962,34.89487,,1.29008,62.57301,48.40241,,4.009539,14.22753,0.706398,27.61214,1,2020-06-08,11:59:04 10 Aug 2020,40000
2020,President,Trump,Biden,,44,0.0010125,0.3035994,0.038925,0.961075,,0.8298009,0.713706,0.1064513,0.9904696,37.81647,60.70419,,1.479341,29.87767,52.66346,,0.7555393,45.84481,68.67175,,2.299764,-22.88771,-38.78769,-6.833767,1,2020-06-08,11:59:04 10 Aug 2020,40000
2020,President,Trump,Biden,,56,0.0,0.0,0.997775,0.002225,,0.3040014,0.9550562,0.9996704,0.0030685,68.52454,27.97963,,3.495835,61.09753,20.86961,,1.747302,75.78191,35.26429,,5.502546,40.54491,26.03417,54.7729,1,2020-06-08,11:59:04 10 Aug 2020,40000
2020,President,Trump,Biden,,55,0.1026375,4.782566,0.28155,0.71845,,0.8629906,0.9121025,0.8007745,0.9462474,46.95312,52.02193,,1.024948,41.27656,46.30394,,0.527725,52.662,57.72505,,1.585224,-5.068811,-16.42309,6.316355,1,2020-06-08,11:59:04 10 Aug 2020,40000
2020,President,Trump,Biden,,54,7.5e-05,0.0159297,0.993575,0.006425,,0.305211,0.9727626,0.9994233,0.0090249,66.05302,32.10827,,1.838714,58.47205,24.71889,,0.9343458,73.50482,39.65689,,2.866673,33.94475,18.83388,48.72891,1,2020-06-08,11:59:04 10 Aug 2020,40000
2020,President,Trump,Biden,,53,0.0014375,0.0574079,0.0154,0.9846,,0.8993506,0.7018079,0.0456455,0.9977979,37.63487,60.12004,,2.245088,31.3659,53.80754,,1.135271,43.93608,66.36841,,3.510008,-22.48517,-34.98894,-9.969259,1,2020-06-08,11:59:04 10 Aug 2020,40000
2020,President,Trump,Biden,,51,0.0160375,0.5410021,0.0855,0.9145,,0.980117,0.7554128,0.2761803,0.9975452,44.09012,54.875,,1.034884,39.01749,49.84552,,0.5327296,49.11866,59.9313,,1.600821,-10.78488,-20.89053,-0.7593441,1,2020-06-08,11:59:04 10 Aug 2020,40000
2020,President,Trump,Biden,,50,0.000175,0.0717273,0.00855,0.99145,,0.7982456,0.6967573,0.0224932,0.9975091,31.48478,65.72899,,2.786231,23.39982,57.43876,,1.40124,39.73428,73.85638,,4.369949,-34.24421,-50.37878,-17.77644,1,2020-06-08,11:59:04 10 Aug 2020,40000
2020,President,Trump,Biden,,49,0.0010125,0.1177213,0.93445,0.06555,,0.323051,0.9763539,0.9948916,0.0924154,56.38488,40.2796,,3.335522,49.56615,33.58172,,1.669399,63.13779,47.03795,,5.246327,16.10528,2.717285,29.33803,1,2020-06-08,11:59:04 10 Aug 2020,40000
2020,President,Trump,Biden,,48,0.0153375,0.2292486,0.72985,0.27015,,0.4150168,0.9980567,0.9982697,0.3893361,52.12483,46.87651,,0.9986598,46.4715,41.23539,,0.5144783,57.77653,52.54738,,1.54397,5.248315,-6.076109,16.54983,1,2020-06-08,11:59:04 10 Aug 2020,40000
2020,President,Trump,Biden,,47,0.000675,0.0371848,0.94145,0.05855,,0.3214722,0.9863365,0.9974458,0.0833905,57.71323,41.17553,,1.111239,51.10076,34.59077,,0.5711535,64.32768,47.79888,,1.720634,16.53769,3.324587,29.72933,1,2020-06-08,11:59:04 10 Aug 2020,40000
2020,President,Trump,Biden,,46,0.0003875,0.1399131,0.95035,0.04965,,0.3176461,0.9672709,0.9948916,0.0693477,59.79984,38.66973,,1.530432,51.81423,30.76369,,0.7809992,67.70593,46.58677,,2.380252,21.13011,5.221521,36.92452,1,2020-06-08,11:59:04 10 Aug 2020,40000
2020,President,Trump,Biden,,45,0.0011,0.069345,0.875925,0.124075,,0.3457202,0.9951642,0.9980226,0.1782968,54.44378,44.65644,,0.8997793,48.98577,39.24736,,0.464545,59.84696,50.10586,,1.388958,9.787346,-1.096701,20.58673,1,2020-06-08,11:59:04 10 Aug 2020,40000
2020,President,Trump,Biden,,31,1.25e-05,0.001874,0.981675,0.018325,,0.3090381,0.9972715,0.9998352,0.0263889,59.1511,38.95491,,1.893991,53.25475,33.18209,,0.9590942,64.96373,44.82949,,2.955501,20.19619,8.484869,31.74554,1,2020-06-08,11:59:04 10 Aug 2020,40000
2020,President,Trump,Biden,,42,0.2074125,4.701232,0.29445,0.70555,,0.8655969,0.9276806,0.8399934,0.9451283,47.46817,51.78012,,0.7517139,42.27523,46.56215,,0.3894747,52.68665,56.96959,,1.157811,-4.311953,-14.70335,6.113068,1,2020-06-08,11:59:04 10 Aug 2020,40000
2020,President,Trump,Biden,,40,3.75e-05,0.003739,0.991325,0.008675,,0.3059037,0.9798271,0.9994233,0.0122739,63.16788,35.61809,,1.214035,56.60098,29.15175,,0.6227704,69.63921,42.14186,,1.882216,27.54979,14.48065,40.4575,1,2020-06-08,11:59:04 10 Aug 2020,40000
2020,President,Trump,Biden,,39,0.0447625,1.121541,0.533675,0.466325,,0.5632173,0.9936203,0.9906073,0.6690733,49.84615,49.13047,,1.023376,44.3457,43.60447,,0.5269332,55.3629,54.62531,,1.582757,0.7156847,-10.25303,11.74298,1,2020-06-08,11:59:04 10 Aug 2020,40000
2020,President,Trump,Biden,,38,7.5e-05,0.0287785,0.9843,0.0157,,0.3081632,0.9936306,0.9996704,0.0225263,61.0001,36.30341,,2.696488,54.12777,29.55999,,1.357242,67.7795,43.09701,,4.227167,24.6967,11.16438,38.15465,1,2020-06-08,11:59:04 10 Aug 2020,40000
2020,President,Trump,Biden,,37,0.060625,1.725286,0.4818,0.5182,,0.6002491,0.9715843,0.9531186,0.7270135,49.40817,49.78862,,0.8032136,44.00934,44.39251,,0.4156228,54.7978,55.17591,,1.238128,-0.3804429,-11.13515,10.41781,1,2020-06-08,11:59:04 10 Aug 2020,40000
2020,President,Trump,Biden,,36,0.002,0.0366288,0.009025,0.990975,,0.7700831,0.6967381,0.0229052,0.9970037,36.67762,62.21288,,1.109498,30.49497,55.99621,,0.5702779,42.8728,68.38773,,1.717901,-25.53526,-37.89275,-13.14155,1,2020-06-08,11:59:04 10 Aug 2020,40000
2020,President,Trump,Biden,,35,0.00985,1.712848,0.1093,0.8907,,0.9162855,0.7674863,0.3300651,0.9871124,43.24378,54.97048,,1.785742,37.15811,48.83044,,0.9080495,49.36902,61.08009,,2.782998,-11.7267,-23.88377,0.4794121,1,2020-06-08,11:59:04 10 Aug 2020,40000
2020,President,Trump,Biden,,34,0.006375,0.2339274,0.048525,0.951475,,0.7686759,0.7160987,0.1229299,0.9838634,40.35119,58.79108,,0.8577241,33.36068,51.75531,,0.4432555,47.37607,65.78528,,1.323236,-18.43989,-32.40799,-4.364458,1,2020-06-08,11:59:04 10 Aug 2020,40000
2020,President,Trump,Biden,,33,0.02045,3.813588,0.326125,0.673875,,0.7648141,0.9160452,0.8220318,0.8913758,47.0017,51.92148,,1.076821,39.84814,44.7714,,0.5538395,54.16525,59.04992,,1.66663,-4.919774,-19.2061,9.385798,1,2020-06-08,11:59:04 10 Aug 2020,40000
2020,President,Trump,Biden,,32,0.0354625,4.120646,0.246175,0.753825,,0.8516299,0.8717209,0.690945,0.9488827,46.03664,52.20309,,1.760265,40.16169,46.36295,,0.8954052,51.85244,58.07432,,2.742765,-6.166444,-17.90596,5.436584,1,2020-06-08,11:59:04 10 Aug 2020,40000
2020,President,Trump,Biden,,41,0.0082625,0.5608116,0.105925,0.894075,,0.7826292,0.7490143,0.2732141,0.9670048,41.76124,55.77111,,2.467645,34.60799,48.52179,,1.244828,48.99614,62.9405,,3.863263,-14.00988,-28.2847,0.4193439,1,2020-06-08,11:59:04 10 Aug 2020,40000
2020,President,Trump,Biden,,21,0.000125,0.0085285,0.976875,0.023125,,0.3091491,0.9881081,0.9990903,0.0329488,59.84296,38.92816,,1.228875,53.52359,32.66662,,0.6272844,66.12252,45.28343,,1.913458,20.9148,8.258373,33.43136,1,2020-06-07,11:28:26 10 Aug 2020,40000
2020,President,Trump,Biden,,17,0.0047625,0.1197778,0.0233,0.9767,,0.8315451,0.7060254,0.0640973,0.9943403,38.99602,59.43929,,1.56469,32.78554,53.15201,,0.7944521,45.27641,65.64907,,2.444224,-20.44327,-32.83876,-7.908398,1,2020-06-07,11:28:26 10 Aug 2020,40000
2020,President,Trump,Biden,,18,0.00045,0.0222939,0.914575,0.085425,,0.3302354,0.9970735,0.9991729,0.122819,55.46599,43.07359,,1.460428,49.68407,37.3392,,0.7426401,61.23656,48.87725,,2.279317,12.3924,0.8208103,23.83646,1,2020-06-07,11:28:26 10 Aug 2020,40000
2020,President,Trump,Biden,,19,0.0048375,0.4391498,0.67195,0.32805,,0.4475407,0.9950465,0.9948722,0.4706921,51.45309,47.23155,,1.315359,45.21986,41.04482,,0.6704224,57.65592,53.497,,2.050009,4.221543,-8.255358,16.56657,1,2020-06-07,11:28:26 10 Aug 2020,40000
2020,President,Trump,Biden,,20,0.0001625,0.0180257,0.933425,0.066575,,0.3236736,0.9977469,0.9995038,0.0957823,56.08049,42.10704,,1.812472,50.14082,36.30852,,0.9172115,61.91179,48.00764,,2.836584,13.97344,2.197153,25.58052,1,2020-06-07,11:28:26 10 Aug 2020,40000
2020,President,Trump,Biden,,26,0.037525,1.057741,0.1537,0.8463,,0.9638907,0.8130391,0.4901166,0.9921774,45.11741,53.7729,,1.109688,39.65644,48.31573,,0.5676987,50.59368,59.23889,,1.725766,-8.655487,-19.56528,2.275177,1,2020-06-07,11:28:26 10 Aug 2020,40000
2020,President,Trump,Biden,,22,0.0018875,0.1329841,0.9198,0.0802,,0.3250707,0.9588529,0.9891655,0.1108868,57.65928,41.50912,,0.8315911,50.37513,34.22936,,0.4280475,64.95029,48.79904,,1.288392,16.15016,1.569815,30.71618,1,2020-06-07,11:28:26 10 Aug 2020,40000
2020,President,Trump,Biden,,23,0.004825,0.9001501,0.2094,0.7906,,0.7964422,0.8238363,0.5517327,0.9391853,44.85919,53.76549,,1.375322,37.71806,46.53942,,0.7007564,52.09353,60.90667,,2.145082,-8.906295,-23.17171,5.531048,1,2020-06-07,11:28:26 10 Aug 2020,40000
2020,President,Trump,Biden,,24,0.0003125,0.0154333,0.003425,0.996575,,0.7445256,0.6950054,0.008436,0.9987383,35.76699,62.86429,,1.368714,30.15079,57.19443,,0.6969972,41.43686,68.47857,,2.134338,-27.0973,-38.31179,-15.77237,1,2020-06-07,11:28:26 10 Aug 2020,40000
2020,President,Trump,Biden,,25,0.0005625,0.024298,0.0091,0.9909,,0.8296703,0.6983046,0.0249773,0.9977649,34.36737,64.12837,,1.504252,27.12864,56.79629,,0.7644302,41.73596,71.40198,,2.348637,-29.761,-44.29656,-15.07535,1,2020-06-07,11:28:26 10 Aug 2020,40000
2020,President,Trump,Biden,,15,0.0002375,0.0745134,0.007625,0.992375,,0.6426229,0.6961078,0.0162104,0.9961067,29.9371,68.40905,,1.653846,21.37691,59.61537,,0.8386817,38.70378,76.98618,,2.585338,-38.47195,-55.57566,-20.95903,1,2020-06-07,11:28:26 10 Aug 2020,40000
2020,President,Trump,Biden,,16,8.75e-05,0.0171909,0.98585,0.01415,,0.3061064,0.9628975,0.9983459,0.0196467,62.76597,34.05411,,3.179921,55.05108,26.55616,,1.58683,70.36678,41.66208,,5.017048,28.71186,13.50848,43.69693,1,2020-06-07,11:28:26 10 Aug 2020,40000
2020,President,Trump,Biden,,09,0.0015875,0.1393066,0.039225,0.960775,,0.8865519,0.7171814,0.1150443,0.9935833,40.19487,58.87761,,0.9275237,33.63708,52.28984,,0.4763402,46.76744,65.40762,,1.439127,-18.68274,-31.77747,-5.550005,1,2020-06-07,11:28:26 10 Aug 2020,40000
2020,President,Trump,Biden,,13,0.032325,1.063682,0.604725,0.395275,,0.4908843,0.9857062,0.9820527,0.5618241,50.58724,48.61833,,0.7944329,45.72153,43.70977,,0.4092888,55.49113,53.4743,,1.230053,1.96891,-7.745417,11.76852,1,2020-06-07,11:28:26 10 Aug 2020,40000
2020,President,Trump,Biden,,12,0.2045,2.864802,0.40895,0.59105,,0.7216041,0.9872684,0.9762633,0.8414204,48.65441,50.55592,,0.7896742,43.18346,45.05344,,0.406885,54.16349,56.03117,,1.222585,-1.901514,-12.85852,9.111059,1,2020-06-07,11:28:26 10 Aug 2020,40000
2020,President,Trump,Biden,,11,0.0,0.0,0.0,1.0,,,0.6935,0.0,1.0,6.02923,90.38129,,3.58948,2.204157,85.65439,,1.785246,10.17542,94.69842,,5.673692,-84.35206,-92.26079,-75.74496,1,2020-06-07,11:28:26 10 Aug 2020,40000
2020,President,Trump,Biden,,10,0.0001,0.0323781,0.00575,0.99425,,0.9478261,0.6972341,0.0180299,0.9996035,38.02754,60.8064,,1.166064,32.75523,55.4591,,0.5959045,43.35601,66.10756,,1.814581,-22.77886,-33.30111,-12.11389,1,2020-06-07,11:28:26 10 Aug 2020,40000
2020,President,Trump,Biden,,08,0.0228125,1.106166,0.153475,0.846525,,0.9200196,0.8052627,0.4671243,0.9829488,44.38577,53.69402,,1.920212,38.48615,47.80174,,0.9704401,50.29576,59.60619,,3.00754,-9.308254,-21.07032,2.421938,1,2020-06-07,11:28:26 10 Aug 2020,40000
2020,President,Trump,Biden,,06,0.0024,0.0239395,0.0054,0.9946,,0.7731481,0.6960336,0.0138119,0.9982336,35.1068,62.97703,,1.916172,28.98551,56.73492,,0.9684454,41.30567,69.10291,,3.001132,-27.87023,-40.03407,-15.4875,1,2020-06-07,11:28:26 10 Aug 2020,40000
2020,President,Trump,Biden,,05,0.0004125,0.0494485,0.968725,0.031275,,0.3108983,0.9648281,0.996361,0.0435112,60.98131,37.34856,,1.67013,53.31467,29.743,,0.8467528,68.6154,45.01252,,2.611118,23.63275,8.343567,38.8339,1,2020-06-07,11:28:26 10 Aug 2020,40000
2020,President,Trump,Biden,,04,0.0561625,2.842721,0.44985,0.55015,,0.6277092,0.9612378,0.9341659,0.762545,48.72968,49.87157,,1.398747,42.86999,43.98858,,0.711943,54.63253,55.73428,,2.181763,-1.14189,-12.8478,10.59179,1,2020-06-07,11:28:26 10 Aug 2020,40000
2020,President,Trump,Biden,,02,0.0017,0.7561652,0.833625,0.166375,,0.3533963,0.9532682,0.9746092,0.228695,54.52353,42.88861,,2.587865,46.63593,35.14548,,1.2984,62.24692,50.78302,,4.070359,11.63492,-4.032084,27.02491,1,2020-06-07,11:28:26 10 Aug 2020,40000
2020,President,Trump,Biden,,01,0.0006,0.0404793,0.9755,0.0245,,0.3091748,0.972449,0.9977669,0.0343547,59.89579,39.30045,,0.803758,53.72792,33.08378,,0.4139985,66.12462,45.47096,,1.244691,20.59535,8.251154,33.03345,1,2020-06-07,11:28:26 10 Aug 2020,40000
2020,President,Trump,Biden,,28,0.001875,0.2213816,0.8838,0.1162,,0.3364166,0.9569708,0.9836242,0.1603461,55.53689,43.66187,,0.8012442,49.12857,37.20742,,0.412729,61.99601,50.05312,,1.240745,11.87503,-0.8759346,24.77275,1,2020-06-07,11:28:26 10 Aug 2020,40000
2020,President,Trump,Biden,,27,0.070925,3.293779,0.244125,0.755875,,0.8587813,0.8731933,0.6935737,0.9517304,46.32486,52.20453,,1.470613,40.78828,46.67732,,0.7477058,51.8568,57.73882,,2.295424,-5.879668,-16.93575,5.138735,1,2020-06-07,11:28:26 10 Aug 2020,40000
2020,President,Trump,Biden,,29,0.0017125,0.0861509,0.8647,0.1353,,0.3485602,0.9935329,0.9971053,0.1938356,54.40638,44.10629,,1.487332,48.33847,38.07567,,0.756019,60.45655,50.14333,,2.321868,10.30009,-1.76803,22.33946,1,2020-06-07,11:28:26 10 Aug 2020,40000
2020,President,Trump,Biden,,56,6.25e-05,0.0365999,0.9969,0.0031,,0.3030394,0.9435484,0.9994211,0.0042177,68.50793,28.01814,,3.47393,61.16383,20.91967,,1.729366,75.75459,35.25775,,5.488313,40.48979,26.00525,54.6429,1,2020-06-07,11:28:26 10 Aug 2020,40000
2020,President,Trump,Biden,,42,0.2121125,4.803837,0.296575,0.703425,,0.8608278,0.9298077,0.8445951,0.9431146,47.48367,51.76799,,0.7483417,42.26459,46.54462,,0.3859881,52.70111,56.9941,,1.15774,-4.284315,-14.71858,6.135969,1,2020-06-07,11:28:26 10 Aug 2020,40000
2020,President,Trump,Biden,,30,0.000625,0.1771387,0.90945,0.09055,,0.3308868,0.9845389,0.9955339,0.1285508,55.86356,41.58929,,2.547146,48.9919,34.86172,,1.278489,62.63467,48.45825,,4.005464,14.27427,0.6214066,27.67196,1,2020-06-07,11:28:26 10 Aug 2020,40000
2020,President,Trump,Biden,,55,0.099375,4.642384,0.2843,0.7157,,0.8578086,0.9145243,0.8067985,0.9437996,46.98272,51.99704,,1.020244,41.21809,46.26255,,0.5228864,52.71374,57.75565,,1.585011,-5.014314,-16.54589,6.450893,1,2020-06-07,11:28:26 10 Aug 2020,40000
2020,President,Trump,Biden,,54,6.25e-05,0.0125783,0.99345,0.00655,,0.3041421,0.980916,0.9995865,0.0092646,66.04381,32.12775,,1.828443,58.52944,24.75272,,0.9251068,73.4416,39.62446,,2.861935,33.91605,18.92557,48.64908,1,2020-06-07,11:28:26 10 Aug 2020,40000
2020,President,Trump,Biden,,53,0.0013375,0.0532019,0.017125,0.982875,,0.8759124,0.7034211,0.0496237,0.9969358,37.72805,60.03731,,2.234641,31.4096,53.61588,,1.12524,44.10544,66.37929,,3.507475,-22.30926,-34.87596,-9.570028,1,2020-06-07,11:28:26 10 Aug 2020,40000
2020,President,Trump,Biden,,51,0.016475,0.5561178,0.08655,0.91345,,0.9737146,0.7568011,0.2788024,0.9968277,44.10184,54.86797,,1.030186,39.09726,49.82407,,0.5278705,49.15483,59.88479,,1.600672,-10.76613,-20.7768,-0.6837711,1,2020-06-07,11:28:26 10 Aug 2020,40000
2020,President,Trump,Biden,,50,0.000175,0.074848,0.00875,0.99125,,0.7428572,0.6973518,0.0215036,0.9967556,31.5673,65.66389,,2.768803,23.46049,57.35136,,1.386791,39.82404,73.84525,,4.359085,-34.09659,-50.28481,-17.57219,1,2020-06-07,11:28:26 10 Aug 2020,40000
2020,President,Trump,Biden,,49,0.0007625,0.0881126,0.934075,0.065925,,0.3219763,0.9761092,0.9949549,0.0927902,56.423,40.25746,,3.319538,49.56814,33.56038,,1.654597,63.1721,47.08624,,5.240915,16.16554,2.612446,29.44609,1,2020-06-07,11:28:26 10 Aug 2020,40000
2020,President,Trump,Biden,,47,0.0006375,0.0353096,0.941575,0.058425,,0.3199161,0.9820282,0.9965264,0.0827325,57.69467,41.19919,,1.106136,51.11127,34.61657,,0.5659205,64.3035,47.81623,,1.720177,16.49548,3.32925,29.67571,1,2020-06-07,11:28:26 10 Aug 2020,40000
2020,President,Trump,Biden,,46,0.0003875,0.1415415,0.95035,0.04965,,0.3165676,0.9712991,0.9952857,0.0695386,59.75335,38.7257,,1.520952,51.88178,30.97083,,0.7727289,67.55702,46.57272,,2.37506,21.02765,5.331938,36.56498,1,2020-06-07,11:28:26 10 Aug 2020,40000
2020,President,Trump,Biden,,45,0.0011875,0.0751635,0.878125,0.121875,,0.3434875,0.9944615,0.9978496,0.1747657,54.43871,44.6656,,0.8956805,49.03172,39.24979,,0.4603271,59.85033,50.06804,,1.389054,9.773109,-1.023643,20.55739,1,2020-06-07,11:28:26 10 Aug 2020,40000
2020,President,Trump,Biden,,44,0.00115,0.3431157,0.03805,0.96195,,0.8409987,0.7146681,0.1058639,0.9913122,37.80618,60.72364,,1.470188,29.88565,52.72975,,0.7474943,45.83394,68.6794,,2.294752,-22.91746,-38.75798,-6.923189,1,2020-06-07,11:28:26 10 Aug 2020,40000
2020,President,Trump,Biden,,48,0.014375,0.2164933,0.7286,0.2714,,0.4140818,0.9977893,0.9980978,0.3904831,52.13012,46.87622,,0.9936587,46.42862,41.2387,,0.5095522,57.78311,52.56364,,1.543157,5.253891,-6.128119,16.55358,1,2020-06-07,11:28:26 10 Aug 2020,40000
2020,President,Trump,Biden,,41,0.0093,0.6307577,0.10785,0.89215,,0.7777005,0.7506585,0.2774791,0.9656813,41.78698,55.76088,,2.452137,34.54024,48.44629,,1.23197,49.08158,63.04385,,3.854107,-13.9739,-28.44695,0.5509911,1,2020-06-07,11:28:26 10 Aug 2020,40000
2020,President,Trump,Biden,,35,0.009375,1.627981,0.11135,0.88865,,0.9160305,0.770157,0.3374411,0.9868782,43.29808,54.92428,,1.777638,37.22278,48.76849,,0.8999839,49.42714,61.02144,,2.781396,-11.62619,-23.74979,0.6275101,1,2020-06-07,11:28:26 10 Aug 2020,40000
2020,President,Trump,Biden,,40,6.25e-05,0.0060632,0.990375,0.009625,,0.3050865,0.987013,0.9995865,0.0136986,63.15805,35.63507,,1.206878,56.63495,29.17361,,0.6162994,69.60216,42.1497,,1.878811,27.52297,14.52819,40.42323,1,2020-06-07,11:28:26 10 Aug 2020,40000
2020,President,Trump,Biden,,32,0.035275,4.097228,0.248625,0.751375,,0.8546003,0.8759608,0.7029195,0.9490627,46.08049,52.16724,,1.75227,40.23699,46.279,,0.8874314,51.94528,58.02331,,2.741208,-6.086747,-17.73934,5.647873,1,2020-06-07,11:28:26 10 Aug 2020,40000
2020,President,Trump,Biden,,33,0.0215875,4.010024,0.32895,0.67105,,0.754294,0.9150585,0.8208585,0.8854362,47.03534,51.8929,,1.071761,39.90408,44.75082,,0.548703,54.16925,59.01094,,1.666102,-4.857568,-19.08087,9.384846,1,2020-06-07,11:28:26 10 Aug 2020,40000
2020,President,Trump,Biden,,34,0.0055625,0.1993622,0.052025,0.947975,,0.7808746,0.7195865,0.1343975,0.9836338,40.38758,58.75847,,0.8539554,33.4079,51.77031,,0.4393217,47.38941,65.74341,,1.323521,-18.37089,-32.35818,-4.380808,1,2020-06-07,11:28:26 10 Aug 2020,40000
2020,President,Trump,Biden,,31,3.75e-05,0.0065278,0.982775,0.017225,,0.3075221,0.9970973,0.9998346,0.0247657,59.17255,38.94426,,1.883191,53.2854,33.14827,,0.9515095,65.00053,44.79504,,2.954486,20.2283,8.507919,31.77417,1,2020-06-07,11:28:26 10 Aug 2020,40000
2020,President,Trump,Biden,,36,0.0023,0.0422808,0.009125,0.990875,,0.8438356,0.6984484,0.0254735,0.9979452,36.69335,62.20213,,1.10452,30.56955,56.02778,,0.565111,42.86496,68.3678,,1.717633,-25.50879,-37.77955,-13.17534,1,2020-06-07,11:28:26 10 Aug 2020,40000
2020,President,Trump,Biden,,37,0.0597875,1.698264,0.4809,0.5191,,0.5987731,0.9712483,0.9526094,0.7270007,49.41886,49.78182,,0.7993181,44.05323,44.35829,,0.4117563,54.85334,55.14487,,1.237721,-0.3629563,-11.0908,10.47448,1,2020-06-07,11:28:26 10 Aug 2020,40000
2020,President,Trump,Biden,,38,5e-05,0.0225557,0.9849,0.0151,,0.3068078,0.9933775,0.9996692,0.0216294,61.0008,36.31649,,2.682709,54.14029,29.63994,,1.344772,67.74545,43.14626,,4.22158,24.6843,11.13213,38.01024,1,2020-06-07,11:28:26 10 Aug 2020,40000
2020,President,Trump,Biden,,39,0.042925,1.079478,0.535725,0.464275,,0.5579821,0.9926229,0.9889174,0.6645278,49.87818,49.10319,,1.018634,44.34851,43.60313,,0.5220793,55.37899,54.62403,,1.582478,0.7749917,-10.25092,11.75425,1,2020-06-07,11:28:26 10 Aug 2020,40000
2020,President,Trump,Biden,,15,0.0001875,0.0650653,0.0081,0.9919,,0.6759259,0.6938452,0.0179361,0.9962003,29.94794,68.40226,,1.649797,21.3819,59.6843,,0.8336723,38.62525,76.96231,,2.585214,-38.45431,-55.54961,-21.09932,1,2020-06-06,11:47:23 10 Aug 2020,40000
2020,President,Trump,Biden,,26,0.0467375,1.31756,0.16785,0.83215,,0.9571046,0.8217269,0.5262899,0.9897952,45.41685,53.49747,,1.085675,39.98383,48.01604,,0.553707,50.87934,58.89922,,1.691467,-8.080617,-18.87397,2.856518,1,2020-06-06,11:47:23 10 Aug 2020,40000
2020,President,Trump,Biden,,25,0.0006,0.0258246,0.0097,0.9903,,0.8195876,0.695875,0.0260442,0.9975031,34.42765,64.06878,,1.503574,27.2075,56.74579,,0.7613976,41.76694,71.29868,,2.352942,-29.64113,-44.06604,-15.00174,1,2020-06-06,11:47:23 10 Aug 2020,40000
2020,President,Trump,Biden,,24,0.0003375,0.0174777,0.0036,0.9964,,0.7847222,0.6925682,0.0092547,0.9988782,35.7804,62.84996,,1.369641,30.19031,57.21654,,0.6950421,41.41839,68.44957,,2.140547,-27.06956,-38.24409,-15.84763,1,2020-06-06,11:47:23 10 Aug 2020,40000
2020,President,Trump,Biden,,23,0.0046125,0.8724641,0.2123,0.7877,,0.799105,0.8234734,0.555774,0.9389158,44.91622,53.7129,,1.370878,37.7851,46.56911,,0.6949828,52.07822,60.8699,,2.143579,-8.796677,-23.07029,5.532459,1,2020-06-06,11:47:23 10 Aug 2020,40000
2020,President,Trump,Biden,,22,0.001825,0.1263246,0.922225,0.077775,,0.3271707,0.9537126,0.9884521,0.1073677,57.66924,41.50086,,0.8298998,50.43415,34.28453,,0.4255055,64.89074,48.71038,,1.288268,16.16838,1.717405,30.60889,1,2020-06-06,11:47:23 10 Aug 2020,40000
2020,President,Trump,Biden,,21,0.000175,0.0127805,0.976425,0.023575,,0.312236,0.9840933,0.9987715,0.0335818,59.86142,38.90988,,1.228699,53.56923,32.64173,,0.6250204,66.13782,45.21011,,1.917418,20.95154,8.396498,33.50266,1,2020-06-06,11:47:23 10 Aug 2020,40000
2020,President,Trump,Biden,,20,3.75e-05,0.0043502,0.934875,0.065125,,0.3264073,0.9984645,0.9996724,0.0941232,56.10556,42.08071,,1.813734,50.20299,36.23443,,0.9144874,61.99559,47.94461,,2.845751,14.02485,2.319456,25.69026,1,2020-06-06,11:47:23 10 Aug 2020,40000
2020,President,Trump,Biden,,19,0.004425,0.4039036,0.6771,0.3229,,0.4486782,0.9953546,0.9952498,0.465224,51.50276,47.18351,,1.313732,45.31358,40.95683,,0.6672902,57.71057,53.36231,,2.051922,4.319249,-8.041399,16.71252,1,2020-06-06,11:47:23 10 Aug 2020,40000
2020,President,Trump,Biden,,18,0.0004375,0.0223445,0.918025,0.081975,,0.3319354,0.9935956,0.9982801,0.1178982,55.50965,43.03072,,1.45963,49.77272,37.31816,,0.739645,61.22577,48.77514,,2.283196,12.47893,1.04974,23.89335,1,2020-06-06,11:47:23 10 Aug 2020,40000
2020,President,Trump,Biden,,17,0.0046125,0.1147728,0.02395,0.97605,,0.8768267,0.7048307,0.0687961,0.9958023,39.04625,59.3927,,1.561052,32.86435,53.1364,,0.7898221,45.31027,65.57262,,2.444215,-20.34646,-32.69294,-7.838684,1,2020-06-06,11:47:23 10 Aug 2020,40000
2020,President,Trump,Biden,,16,7.5e-05,0.0150942,0.9873,0.0127,,0.3086448,0.9547244,0.9982801,0.0175508,62.83736,33.99139,,3.171252,55.1898,26.58748,,1.576568,70.35597,41.52812,,5.015107,28.84597,13.77632,43.64649,1,2020-06-06,11:47:23 10 Aug 2020,40000
2020,President,Trump,Biden,,28,0.0017125,0.2012397,0.884575,0.115425,,0.3390329,0.953433,0.9824734,0.1592965,55.5299,43.66782,,0.8022772,49.13319,37.29346,,0.411606,61.90404,50.05517,,1.244801,11.86208,-0.9238186,24.59418,1,2020-06-06,11:47:23 10 Aug 2020,40000
2020,President,Trump,Biden,,13,0.0322125,1.06242,0.6044,0.3956,,0.4947055,0.983822,0.979525,0.563364,50.5953,48.60999,,0.794709,45.75368,43.76465,,0.4077958,55.43412,53.45621,,1.232904,1.98531,-7.673969,11.66423,1,2020-06-06,11:47:23 10 Aug 2020,40000
2020,President,Trump,Biden,,12,0.2053875,2.874471,0.40795,0.59205,,0.7263758,0.9844186,0.9707617,0.8436347,48.64592,50.56398,,0.7900972,43.19084,45.10765,,0.4054736,54.09785,55.98235,,1.225657,-1.918065,-12.76813,8.978827,1,2020-06-06,11:47:23 10 Aug 2020,40000
2020,President,Trump,Biden,,11,0.0,0.0,0.0,1.0,,,0.69085,0.0,1.0,6.030996,90.38386,,3.585144,2.178481,85.68257,,1.776253,10.16726,94.70929,,5.680619,-84.35287,-92.26811,-75.82103,1,2020-06-06,11:47:23 10 Aug 2020,40000
2020,President,Trump,Biden,,10,0.0001,0.0310229,0.0056,0.9944,,0.96875,0.6945646,0.0177723,0.9997467,38.05554,60.77935,,1.165102,32.82056,55.47885,,0.593337,43.35077,66.00302,,1.816897,-22.72381,-33.1549,-12.15001,1,2020-06-06,11:47:23 10 Aug 2020,40000
2020,President,Trump,Biden,,09,0.0017875,0.1539641,0.0389,0.9611,,0.9048843,0.7149881,0.1153153,0.9946805,40.26072,58.81243,,0.9268511,33.75074,52.27563,,0.4742044,46.80137,65.3158,,1.44087,-18.55172,-31.55567,-5.495228,1,2020-06-06,11:47:23 10 Aug 2020,40000
2020,President,Trump,Biden,,08,0.0224875,1.095464,0.152975,0.847025,,0.9246609,0.8025147,0.4633907,0.9839329,44.42275,53.65846,,1.918787,38.59187,47.76907,,0.9661598,50.2878,59.50166,,3.012877,-9.235711,-20.84461,2.476408,1,2020-06-06,11:47:23 10 Aug 2020,40000
2020,President,Trump,Biden,,06,0.0025875,0.02569,0.005875,0.994125,,0.8212766,0.6939017,0.0158067,0.9985163,35.12043,62.96155,,1.918017,29.01157,56.78768,,0.9657815,41.28953,69.07327,,3.011652,-27.84112,-40.03213,-15.53401,1,2020-06-06,11:47:23 10 Aug 2020,40000
2020,President,Trump,Biden,,05,0.0002875,0.0356981,0.968475,0.031525,,0.313973,0.962728,0.9961507,0.0439314,61.00773,37.32607,,1.666203,53.33998,29.74919,,0.8417701,68.57904,44.98959,,2.611282,23.68166,8.367739,38.78461,1,2020-06-06,11:47:23 10 Aug 2020,40000
2020,President,Trump,Biden,,04,0.057175,2.892487,0.45035,0.54965,,0.632397,0.9611571,0.9330058,0.7647101,48.74599,49.85316,,1.400852,42.88525,43.93769,,0.7105208,54.66016,55.71688,,2.190009,-1.107175,-12.78928,10.70188,1,2020-06-06,11:47:23 10 Aug 2020,40000
2020,President,Trump,Biden,,02,0.0015875,0.7134462,0.83725,0.16275,,0.355957,0.9548387,0.9763309,0.2249403,54.58149,42.83846,,2.580058,46.69361,35.12647,,1.289668,62.37922,50.67501,,4.067608,11.74303,-3.863853,27.15546,1,2020-06-06,11:47:23 10 Aug 2020,40000
2020,President,Trump,Biden,,01,0.0005,0.033207,0.975,0.025,,0.3122051,0.966,0.9972154,0.0349569,59.88631,39.30955,,0.8041426,53.70977,33.15761,,0.412545,66.06168,45.49034,,1.247734,20.57676,8.217384,32.88988,1,2020-06-06,11:47:23 10 Aug 2020,40000
2020,President,Trump,Biden,,27,0.069975,3.24949,0.245975,0.754025,,0.8648236,0.8733132,0.6968878,0.9531736,46.37518,52.15491,,1.469912,40.95218,46.65528,,0.7447361,51.87835,57.62085,,2.299511,-5.779732,-16.64904,5.151239,1,2020-06-06,11:47:23 10 Aug 2020,40000
2020,President,Trump,Biden,,29,0.0011,0.0555186,0.868625,0.131375,,0.3501511,0.9912464,0.9963964,0.1884997,54.44407,44.06828,,1.487654,48.40314,38.02211,,0.7535188,60.47778,50.0934,,2.327669,10.37578,-1.689003,22.40169,1,2020-06-06,11:47:23 10 Aug 2020,40000
2020,President,Trump,Biden,,56,0.0,0.0,0.997225,0.002775,,0.3058738,0.9189189,0.9992629,0.0036911,68.56658,27.9683,,3.465111,61.174,20.83015,,1.71842,75.83298,35.16632,,5.487451,40.59828,26.26203,54.79644,1,2020-06-06,11:47:23 10 Aug 2020,40000
2020,President,Trump,Biden,,42,0.2049125,4.643775,0.2979,0.7021,,0.8649715,0.9283222,0.8441442,0.9434392,47.52165,51.73051,,0.7478352,42.37537,46.53289,,0.3841778,52.71316,56.87898,,1.159236,-4.208858,-14.46696,6.159372,1,2020-06-06,11:47:23 10 Aug 2020,40000
2020,President,Trump,Biden,,30,0.0004125,0.1123004,0.91225,0.08775,,0.333105,0.9843305,0.9954955,0.1250271,55.90096,41.55269,,2.546355,49.05508,34.87658,,1.273253,62.60297,48.32529,,4.013772,14.34827,0.8599377,27.6038,1,2020-06-06,11:47:23 10 Aug 2020,40000
2020,President,Trump,Biden,,55,0.09465,4.410637,0.285625,0.714375,,0.85593,0.911496,0.8009009,0.9425346,47.02194,51.95775,,1.020314,41.34492,46.27342,,0.5210292,52.70173,57.62779,,1.588344,-4.93581,-16.29689,6.43067,1,2020-06-06,11:47:23 10 Aug 2020,40000
2020,President,Trump,Biden,,54,1.25e-05,0.0025188,0.9935,0.0065,,0.3069703,0.9576923,0.9990991,0.0090106,66.07506,32.09641,,1.828526,58.54884,24.72888,,0.9217683,73.47432,39.60504,,2.869262,33.97865,18.97264,48.70758,1,2020-06-06,11:47:23 10 Aug 2020,40000
2020,President,Trump,Biden,,53,0.0013125,0.0513282,0.01815,0.98185,,0.8801653,0.7014055,0.0523342,0.9968517,37.75292,60.01307,,2.234013,31.47891,53.60519,,1.120713,44.08942,66.29662,,3.515356,-22.26015,-34.75813,-9.575033,1,2020-06-06,11:47:23 10 Aug 2020,40000
2020,President,Trump,Biden,,51,0.0163375,0.5528101,0.0872,0.9128,,0.9681766,0.7539165,0.2765766,0.996128,44.13081,54.83948,,1.029706,39.14843,49.81488,,0.525727,49.15189,59.83881,,1.603157,-10.70867,-20.66526,-0.6819592,1,2020-06-06,11:47:23 10 Aug 2020,40000
2020,President,Trump,Biden,,50,0.0001375,0.0606791,0.008525,0.991475,,0.8005865,0.6951007,0.0223587,0.9975755,31.60852,65.62998,,2.761497,23.60118,57.33681,,1.377956,39.84863,73.69083,,4.357966,-34.02147,-49.99946,-17.54996,1,2020-06-06,11:47:23 10 Aug 2020,40000
2020,President,Trump,Biden,,49,0.0007625,0.0903979,0.9359,0.0641,,0.324634,0.9773791,0.9953317,0.0906854,56.44205,40.23714,,3.3208,49.6032,33.51717,,1.648825,63.23946,47.0313,,5.255386,16.20491,2.785675,29.58948,1,2020-06-06,11:47:23 10 Aug 2020,40000
2020,President,Trump,Biden,,47,0.0007125,0.0393913,0.940425,0.059575,,0.3230188,0.9748216,0.9951679,0.0840631,57.71084,41.18334,,1.105815,51.04661,34.57259,,0.563763,64.29245,47.8404,,1.723259,16.5275,3.241823,29.71594,1,2020-06-06,11:47:23 10 Aug 2020,40000
2020,President,Trump,Biden,,46,0.00045,0.1634342,0.94975,0.05025,,0.3190313,0.9542289,0.992629,0.0694073,59.79603,38.68691,,1.517058,51.87619,30.89956,,0.7680686,67.57301,46.5944,,2.374349,21.10912,5.262581,36.67809,1,2020-06-06,11:47:23 10 Aug 2020,40000
2020,President,Trump,Biden,,45,0.0010125,0.0636893,0.88085,0.11915,,0.3454334,0.9918171,0.9968059,0.1710574,54.46037,44.64336,,0.8962618,49.08767,39.30741,,0.4588534,59.8038,50.01012,,1.392699,9.817009,-0.9029274,20.49083,1,2020-06-06,11:47:23 10 Aug 2020,40000
2020,President,Trump,Biden,,44,0.001025,0.3063116,0.036875,0.963125,,0.8454238,0.7114082,0.1021294,0.9917855,37.88447,60.64905,,1.466478,30.06532,52.69816,,0.7430359,45.80137,68.43106,,2.294062,-22.76458,-38.35373,-6.910137,1,2020-06-06,11:47:23 10 Aug 2020,40000
2020,President,Trump,Biden,,48,0.01465,0.2219842,0.731325,0.268675,,0.416265,0.9968363,0.9972973,0.3876746,52.14137,46.86405,,0.9945789,46.52584,41.24547,,0.5081506,57.75528,52.48359,,1.547749,5.277324,-5.953867,16.50189,1,2020-06-06,11:47:23 10 Aug 2020,40000
2020,President,Trump,Biden,,41,0.0088375,0.5963236,0.110575,0.889425,,0.7784309,0.7494448,0.281982,0.9648621,41.88157,55.6738,,2.444627,34.67633,48.39578,,1.223647,49.1585,62.88411,,3.851223,-13.79223,-28.11186,0.7088261,1,2020-06-06,11:47:23 10 Aug 2020,40000
2020,President,Trump,Biden,,35,0.0098875,1.713057,0.1111,0.8889,,0.9239424,0.7679154,0.3362817,0.9880582,43.31668,54.90738,,1.775941,37.22905,48.77657,,0.895876,49.46485,60.99763,,2.785704,-11.5907,-23.70411,0.6364574,1,2020-06-06,11:47:23 10 Aug 2020,40000
2020,President,Trump,Biden,,40,6.25e-05,0.0059485,0.990975,0.009025,,0.3076515,0.9584488,0.9987715,0.0125208,63.15,35.64148,,1.208524,56.57184,29.1979,,0.6149762,69.63126,42.19164,,1.885521,27.50852,14.39342,40.43506,1,2020-06-06,11:47:23 10 Aug 2020,40000
2020,President,Trump,Biden,,32,0.034525,4.006736,0.249225,0.750775,,0.8548501,0.8730978,0.6979525,0.9488311,46.10894,52.13976,,1.751297,40.30687,46.28072,,0.8837343,51.99811,57.93557,,2.746554,-6.030819,-17.56621,5.676781,1,2020-06-06,11:47:23 10 Aug 2020,40000
2020,President,Trump,Biden,,33,0.0201125,3.743476,0.330275,0.669725,,0.7570207,0.9136586,0.8190827,0.8857205,47.08009,51.85007,,1.069843,40.01157,44.67978,,0.5457955,54.2639,58.92346,,1.66648,-4.769984,-18.88661,9.584641,1,2020-06-06,11:47:23 10 Aug 2020,40000
2020,President,Trump,Biden,,34,0.0069125,0.2528549,0.050775,0.949225,,0.7808961,0.7161895,0.1298935,0.9840414,40.43594,58.71022,,0.8538375,33.5732,51.76694,,0.4375417,47.37733,65.55431,,1.325929,-18.27428,-31.96175,-4.428175,1,2020-06-06,11:47:23 10 Aug 2020,40000
2020,President,Trump,Biden,,31,2.5e-05,0.0048119,0.981825,0.018175,,0.3108242,0.9958735,0.9997543,0.0261996,59.21253,38.908,,1.87947,53.31044,33.09233,,0.9439917,65.05286,44.77512,,2.947179,20.30453,8.612633,31.91165,1,2020-06-06,11:47:23 10 Aug 2020,40000
2020,President,Trump,Biden,,36,0.00185,0.034572,0.009025,0.990975,,0.7922438,0.6952496,0.0234234,0.997286,36.72584,62.1694,,1.104759,30.66565,56.03833,,0.5632361,42.86169,68.2148,,1.721592,-25.44356,-37.52552,-13.1886,1,2020-06-06,11:47:23 10 Aug 2020,40000
2020,President,Trump,Biden,,37,0.0637125,1.812016,0.483425,0.516575,,0.6020582,0.9713982,0.9534808,0.7263516,49.43336,49.76667,,0.7999734,44.10472,44.38876,,0.4104462,54.79522,55.09019,,1.241179,-0.3333085,-10.96172,10.38669,1,2020-06-06,11:47:23 10 Aug 2020,40000
2020,President,Trump,Biden,,38,3.75e-05,0.0144444,0.984175,0.015825,,0.3098788,0.9826224,0.9990991,0.0225085,61.03497,36.28272,,2.682302,54.15345,29.5643,,1.339458,67.84102,43.10004,,4.231205,24.75225,11.11753,38.16629,1,2020-06-06,11:47:23 10 Aug 2020,40000
2020,President,Trump,Biden,,39,0.0446,1.118207,0.53985,0.46015,,0.5593221,0.9926654,0.9891892,0.6611782,49.90046,49.08106,,1.018475,44.42375,43.56359,,0.5201091,55.43006,54.55585,,1.585444,0.8194025,-10.12686,11.86672,1,2020-06-06,11:47:23 10 Aug 2020,40000
2020,President,Trump,Biden,,16,7.5e-05,0.0143668,0.986975,0.013025,,0.3112288,0.9558541,0.9981316,0.0181032,62.84038,33.99645,,3.163175,55.14104,26.52095,,1.574531,70.42647,41.651,,4.974356,28.84393,13.62978,43.76068,1,2020-06-05,11:40:55 10 Aug 2020,40000
2020,President,Trump,Biden,,27,0.070425,3.271575,0.24965,0.75035,,0.8635089,0.8725928,0.7004874,0.9520521,46.42743,52.10514,,1.467436,40.89869,46.5697,,0.7444157,51.9416,57.63792,,2.283601,-5.67771,-16.72541,5.333796,1,2020-06-05,11:40:55 10 Aug 2020,40000
2020,President,Trump,Biden,,26,0.0477,1.345321,0.170575,0.829425,,0.9536861,0.8199355,0.5285946,0.9888763,45.45447,53.46173,,1.083802,40.02814,48.00272,,0.5534701,50.92423,58.88696,,1.679989,-8.007262,-18.85529,2.926649,1,2020-06-05,11:40:55 10 Aug 2020,40000
2020,President,Trump,Biden,,25,0.0005875,0.0250224,0.0096,0.9904,,0.8151042,0.6925989,0.0254265,0.997419,34.47454,64.02402,,1.501445,27.2017,56.68736,,0.7613028,41.78693,71.295,,2.337248,-29.54948,-44.02314,-14.93536,1,2020-06-05,11:40:55 10 Aug 2020,40000
2020,President,Trump,Biden,,24,0.000475,0.0248523,0.003925,0.996075,,0.8726115,0.689933,0.0111292,0.9992729,35.84276,62.78955,,1.367691,30.25107,57.17233,,0.694891,41.44241,68.39716,,2.126445,-26.9468,-38.13758,-15.78098,1,2020-06-05,11:40:55 10 Aug 2020,40000
2020,President,Trump,Biden,,23,0.0047625,0.8969824,0.2139,0.7861,,0.7928939,0.8192342,0.5510967,0.9364208,44.98786,53.64325,,1.368887,37.82983,46.40681,,0.6961877,52.21388,60.788,,2.127579,-8.655393,-22.92194,5.805426,1,2020-06-05,11:40:55 10 Aug 2020,40000
2020,President,Trump,Biden,,22,0.0017,0.1190869,0.9242,0.0758,,0.3294742,0.9564644,0.9894395,0.10542,57.74102,41.43084,,0.8281347,50.53156,34.22721,,0.4251951,64.95802,48.64954,,1.279128,16.31018,1.889816,30.75652,1,2020-06-05,11:40:55 10 Aug 2020,40000
2020,President,Trump,Biden,,21,0.000175,0.0122896,0.97805,0.02195,,0.3143244,0.9851936,0.9989439,0.0314443,59.92163,38.85139,,1.226979,53.60691,32.55671,,0.6248806,66.24171,45.1776,,1.905128,21.07024,8.434542,33.69209,1,2020-06-05,11:40:55 10 Aug 2020,40000
2020,President,Trump,Biden,,20,0.00025,0.0291999,0.936925,0.063075,,0.3284148,0.9992073,0.9998375,0.0916427,56.16367,42.02529,,1.811044,50.3077,36.22659,,0.9145695,61.96346,47.88277,,2.826242,14.13837,2.466656,25.68286,1,2020-06-05,11:40:55 10 Aug 2020,40000
2020,President,Trump,Biden,,19,0.0049,0.4435581,0.683325,0.316675,,0.4482128,0.9951844,0.9952071,0.45825,51.56061,47.12767,,1.311727,45.38806,40.93362,,0.6670595,57.7436,53.3259,,2.038391,4.432939,-7.934034,16.78858,1,2020-06-05,11:40:55 10 Aug 2020,40000
2020,President,Trump,Biden,,18,0.000375,0.018179,0.9185,0.0815,,0.3346761,0.9957055,0.9988627,0.1179977,55.57867,42.96409,,1.457242,49.80108,37.22903,,0.7393523,61.3033,48.73766,,2.267517,12.61458,1.072355,24.02398,1,2020-06-05,11:40:55 10 Aug 2020,40000
2020,President,Trump,Biden,,17,0.0043875,0.1109176,0.0258,0.9742,,0.8672481,0.7024738,0.0727051,0.9950925,39.11781,59.32475,,1.557442,32.98104,53.08186,,0.7890865,45.36093,65.50252,,2.425618,-20.20695,-32.50275,-7.744621,1,2020-06-05,11:40:55 10 Aug 2020,40000
2020,President,Trump,Biden,,01,0.0006875,0.0462705,0.976325,0.023675,,0.3143421,0.9640971,0.997238,0.0331891,59.95742,39.23969,,0.8028855,53.72549,33.08959,,0.412473,66.09634,45.46371,,1.239573,20.71773,8.274357,32.99099,1,2020-06-05,11:40:55 10 Aug 2020,40000
2020,President,Trump,Biden,,15,0.0002625,0.0870705,0.0076,0.9924,,0.6578947,0.6903718,0.016247,0.9962194,30.03666,68.3174,,1.645945,21.4668,59.55367,,0.8329363,38.81369,76.9183,,2.565356,-38.28074,-55.37678,-20.79411,1,2020-06-05,11:40:55 10 Aug 2020,40000
2020,President,Trump,Biden,,13,0.0318875,1.045085,0.61105,0.38895,,0.4927174,0.9820671,0.9783103,0.5554183,50.64452,48.56196,,0.7935216,45.75716,43.69113,,0.4077525,55.52815,53.4561,,1.224909,2.082553,-7.690859,11.83235,1,2020-06-05,11:40:55 10 Aug 2020,40000
2020,President,Trump,Biden,,12,0.202175,2.8261,0.4141,0.5859,,0.7226515,0.9848951,0.9723802,0.8390709,48.71177,50.49907,,0.7891638,43.21172,45.03962,,0.4055551,54.15601,56.00648,,1.218091,-1.787296,-12.79718,9.12429,1,2020-06-05,11:40:55 10 Aug 2020,40000
2020,President,Trump,Biden,,11,0.0,0.0,5e-05,0.99995,,0.0,0.6877094,0.0,0.9999273,6.051198,90.37255,,3.576255,2.233448,85.68359,,1.774391,10.2031,94.67078,,5.634443,-84.32135,-92.14412,-75.7597,1,2020-06-05,11:40:55 10 Aug 2020,40000
2020,President,Trump,Biden,,10,0.0001625,0.0481426,0.006775,0.993225,,0.9815498,0.6922902,0.0216084,0.9998183,38.11853,60.71777,,1.163704,32.86755,55.4206,,0.5933512,43.39241,65.98952,,1.805524,-22.59923,-33.10589,-12.04821,1,2020-06-05,11:40:55 10 Aug 2020,40000
2020,President,Trump,Biden,,09,0.0021375,0.185714,0.0397,0.9603,,0.8916876,0.7116786,0.1150284,0.9937475,40.31005,58.76404,,0.9259121,33.77219,52.17863,,0.4743467,46.90302,65.29224,,1.432291,-18.45399,-31.51732,-5.285881,1,2020-06-05,11:40:55 10 Aug 2020,40000
2020,President,Trump,Biden,,08,0.0231125,1.125863,0.158875,0.841125,,0.9184894,0.802675,0.4741673,0.9817151,44.50325,53.58071,,1.916039,38.6463,47.68774,,0.9662892,50.40082,59.42334,,2.992539,-9.077456,-20.74495,2.65955,1,2020-06-05,11:40:55 10 Aug 2020,40000
2020,President,Trump,Biden,,06,0.0024125,0.0243623,0.00495,0.99505,,0.8838384,0.6905683,0.0142161,0.9991639,35.17738,62.90748,,1.915148,29.15153,56.78639,,0.9658511,41.2911,68.99612,,2.991127,-27.7301,-39.81348,-15.52559,1,2020-06-05,11:40:55 10 Aug 2020,40000
2020,President,Trump,Biden,,05,0.0005,0.0643655,0.96985,0.03015,,0.3162602,0.9651741,0.9966694,0.0423134,61.06086,37.27682,,1.662319,53.41953,29.74897,,0.8410435,68.63458,44.89433,,2.591174,23.78404,8.57412,38.85681,1,2020-06-05,11:40:55 10 Aug 2020,40000
2020,President,Trump,Biden,,04,0.0560625,2.837899,0.4529,0.5471,,0.632314,0.9585999,0.9305443,0.7625868,48.7789,49.82283,,1.398278,42.89941,43.94456,,0.7100681,54.66123,55.70257,,2.174591,-1.043931,-12.78774,10.64973,1,2020-06-05,11:40:55 10 Aug 2020,40000
2020,President,Trump,Biden,,02,0.0018375,0.8072257,0.83915,0.16085,,0.3569684,0.9477775,0.973355,0.2216729,54.64611,42.78029,,2.573602,46.71162,34.98284,,1.288211,62.44859,50.67808,,4.035587,11.86581,-3.929787,27.35341,1,2020-06-05,11:40:55 10 Aug 2020,40000
2020,President,Trump,Biden,,28,0.00195,0.2255013,0.884975,0.115025,,0.3419871,0.9552271,0.9834281,0.1597659,55.5742,43.625,,0.8007918,49.1301,37.22359,,0.4114176,61.99226,50.07779,,1.236294,11.9492,-0.9228191,24.75073,1,2020-06-05,11:40:55 10 Aug 2020,40000
2020,President,Trump,Biden,,29,0.001325,0.0660557,0.870525,0.129475,,0.3525459,0.993435,0.997238,0.1870297,54.51458,43.99982,,1.485597,48.51493,38.06181,,0.7534349,60.51023,49.97867,,2.312247,10.51476,-1.454008,22.4278,1,2020-06-05,11:40:55 10 Aug 2020,40000
2020,President,Trump,Biden,,30,0.000375,0.1030005,0.91255,0.08745,,0.3357076,0.9834191,0.9954509,0.12505,55.96078,41.49744,,2.541784,49.09137,34.70506,,1.272704,62.79339,48.33112,,3.985004,14.46334,0.8454285,27.99532,1,2020-06-05,11:40:55 10 Aug 2020,40000
2020,President,Trump,Biden,,44,0.0011125,0.3344668,0.0412,0.9588,,0.8398058,0.7104453,0.1124289,0.9904758,37.96265,60.57426,,1.463089,30.02716,52.57201,,0.7422569,46.00433,68.50589,,2.276746,-22.6116,-38.45747,-6.587149,1,2020-06-05,11:40:55 10 Aug 2020,40000
2020,President,Trump,Biden,,56,1.25e-05,0.0059438,0.997575,0.002425,,0.3082475,0.8969072,0.9991876,0.0031626,68.60864,27.93512,,3.456233,61.29029,20.90064,,1.716437,75.81284,35.1527,,5.442333,40.67352,26.29177,54.77785,1,2020-06-05,11:40:55 10 Aug 2020,40000
2020,President,Trump,Biden,,55,0.0952,4.444504,0.287,0.713,,0.8565331,0.9091515,0.7987815,0.9425642,47.07051,51.91085,,1.018638,41.37537,46.19254,,0.5208594,52.79608,57.6214,,1.577751,-4.840337,-16.23331,6.600105,1,2020-06-05,11:40:55 10 Aug 2020,40000
2020,President,Trump,Biden,,54,6.25e-05,0.0134285,0.9942,0.0058,,0.3092436,0.9482759,0.9990252,0.0079974,66.13197,32.04251,,1.825513,58.59779,24.64743,,0.9217066,73.57141,39.55048,,2.849161,34.08947,19.0882,48.90588,1,2020-06-05,11:40:55 10 Aug 2020,40000
2020,President,Trump,Biden,,53,0.001575,0.0630228,0.01755,0.98245,,0.8732194,0.6977709,0.0497969,0.996801,37.84114,59.92825,,2.230606,31.55164,53.59196,,1.120634,44.13669,66.25337,,3.49075,-22.0871,-34.63748,-9.518179,1,2020-06-05,11:40:55 10 Aug 2020,40000
2020,President,Trump,Biden,,51,0.016725,0.5614265,0.08965,0.91035,,0.9785276,0.7533916,0.2850528,0.9972736,44.20508,54.76657,,1.028345,39.22304,49.74227,,0.5257263,49.23205,59.75856,,1.592987,-10.5615,-20.50937,-0.5474644,1,2020-06-05,11:40:55 10 Aug 2020,40000
2020,President,Trump,Biden,,50,8.75e-05,0.0385952,0.0086,0.9914,,0.7790698,0.6917995,0.0217709,0.9972736,31.6757,65.56969,,2.754601,23.68905,57.41688,,1.376303,39.73193,73.57431,,4.323527,-33.894,-49.82122,-17.83248,1,2020-06-05,11:40:55 10 Aug 2020,40000
2020,President,Trump,Biden,,31,3.75e-05,0.0064454,0.983525,0.016475,,0.3128034,0.9939302,0.999675,0.0238104,59.27682,38.84798,,1.875202,53.39168,33.04937,,0.945657,65.08405,44.71736,,2.928277,20.42884,8.737478,32.00883,1,2020-06-05,11:40:55 10 Aug 2020,40000
2020,President,Trump,Biden,,48,0.0134,0.2001125,0.7334,0.2666,,0.4189733,0.9982183,0.9984565,0.3869643,52.19694,46.80981,,0.9932493,46.54848,41.16174,,0.5081254,57.85635,52.48183,,1.537921,5.387134,-5.918526,16.67044,1,2020-06-05,11:40:55 10 Aug 2020,40000
2020,President,Trump,Biden,,47,0.0006625,0.0358414,0.9429,0.0571,,0.325114,0.9785464,0.9961007,0.0812461,57.76942,41.12658,,1.104002,51.13544,34.57247,,0.56356,64.34605,47.75982,,1.711741,16.64285,3.394484,29.77848,1,2020-06-05,11:40:55 10 Aug 2020,40000
2020,President,Trump,Biden,,46,0.0002875,0.1060243,0.951375,0.048625,,0.3216397,0.9640103,0.9943135,0.0681595,59.84938,38.63708,,1.513536,51.91376,30.81236,,0.7673044,67.69485,46.54831,,2.356325,21.2123,5.429508,36.89686,1,2020-06-05,11:40:55 10 Aug 2020,40000
2020,President,Trump,Biden,,45,0.0013625,0.0871983,0.881875,0.118125,,0.3481219,0.9932275,0.9975629,0.1705987,54.50818,44.59687,,0.894949,49.11188,39.21984,,0.4587985,59.88693,49.98214,,1.383768,9.911313,-0.8526001,20.67294,1,2020-06-05,11:40:55 10 Aug 2020,40000
2020,President,Trump,Biden,,49,0.0009875,0.1141381,0.937075,0.062925,,0.3266014,0.9725864,0.994476,0.0889891,56.52437,40.16042,,3.315217,49.68941,33.47525,,1.648195,63.32312,46.94598,,5.21691,16.36395,2.886454,29.68047,1,2020-06-05,11:40:55 10 Aug 2020,40000
2020,President,Trump,Biden,,42,0.205375,4.655924,0.300425,0.699575,,0.8598652,0.9250974,0.8393989,0.9410375,47.57967,51.67342,,0.7469196,42.45712,46.49771,,0.384239,52.76324,56.79802,,1.152062,-4.09375,-14.34118,6.260746,1,2020-06-05,11:40:55 10 Aug 2020,40000
2020,President,Trump,Biden,,35,0.0081,1.404025,0.11325,0.88675,,0.9205298,0.7658303,0.338749,0.9874586,43.38169,54.84474,,1.773571,37.31928,48.6825,,0.8960679,49.52232,60.9624,,2.766899,-11.46305,-23.59025,0.7644844,1,2020-06-05,11:40:55 10 Aug 2020,40000
2020,President,Trump,Biden,,41,0.0085375,0.5752366,0.112425,0.887575,,0.7791861,0.7470354,0.2846466,0.9641208,41.93323,55.62823,,2.438543,34.7312,48.33361,,1.222331,49.23758,62.87219,,3.820943,-13.695,-28.03181,0.8251114,1,2020-06-05,11:40:55 10 Aug 2020,40000
2020,President,Trump,Biden,,32,0.0344,4.009348,0.256025,0.743975,,0.8460111,0.8728788,0.703818,0.9442728,46.19617,52.0548,,1.749021,40.36686,46.19684,,0.8839341,52.05176,57.89482,,2.728047,-5.858627,-17.46888,5.825209,1,2020-06-05,11:40:55 10 Aug 2020,40000
2020,President,Trump,Biden,,33,0.0223625,4.15318,0.333275,0.666725,,0.7558323,0.9114702,0.8185215,0.8836381,47.14513,51.78647,,1.068399,39.99522,44.64097,,0.5457729,54.2746,58.95753,,1.655827,-4.641339,-18.93933,9.613714,1,2020-06-05,11:40:55 10 Aug 2020,40000
2020,President,Trump,Biden,,34,0.0066125,0.2415064,0.053775,0.946225,,0.7782427,0.7143121,0.135987,0.9828056,40.48059,58.66653,,0.8528839,33.53609,51.67506,,0.4376549,47.4684,65.60674,,1.317907,-18.18594,-32.04973,-4.203043,1,2020-06-05,11:40:55 10 Aug 2020,40000
2020,President,Trump,Biden,,36,0.0018625,0.0338812,0.00895,0.99105,,0.8072626,0.6921951,0.0234768,0.9974917,36.76303,62.13364,,1.103337,30.69046,55.97434,,0.563228,42.93098,68.21635,,1.710695,-25.37061,-37.5147,-13.06565,1,2020-06-05,11:40:55 10 Aug 2020,40000
2020,President,Trump,Biden,,37,0.06175,1.754926,0.486475,0.513525,,0.6021378,0.9699625,0.9518278,0.7242721,49.47927,49.72201,,0.798714,44.12593,44.33059,,0.4103703,54.8719,55.08644,,1.23304,-0.2427359,-10.95237,10.52338,1,2020-06-05,11:40:55 10 Aug 2020,40000
2020,President,Trump,Biden,,38,2.5e-05,0.0096088,0.985375,0.014625,,0.3119878,0.9777778,0.9989439,0.0207932,61.09665,36.22588,,2.677477,54.204,29.55444,,1.338791,67.86578,43.06903,,4.200788,24.87077,11.25422,38.21384,1,2020-06-05,11:40:55 10 Aug 2020,40000
2020,President,Trump,Biden,,39,0.0471875,1.185361,0.5425,0.4575,,0.5615208,0.9929508,0.9898456,0.6605474,49.945,49.03828,,1.01672,44.39042,43.5255,,0.5198981,55.47479,54.5883,,1.574742,0.9067299,-10.19868,11.92988,1,2020-06-05,11:40:55 10 Aug 2020,40000
2020,President,Trump,Biden,,40,8.75e-05,0.008509,0.991525,0.008475,,0.3101535,0.9734513,0.9992689,0.0119961,63.20699,35.58672,,1.206299,56.71352,29.15206,,0.6145812,69.6465,42.04009,,1.872566,27.62027,14.70919,40.48302,1,2020-06-05,11:40:55 10 Aug 2020,40000
2020,President,Trump,Biden,,16,8.75e-05,0.0164073,0.98625,0.01375,,0.2918378,0.9618182,0.9981793,0.0186913,62.66349,34.2058,,3.130705,55.1501,26.78672,,1.55462,70.16765,41.6377,,4.940423,28.45769,13.64534,43.25951,1,2020-06-04,12:03:40 10 Aug 2020,40000
2020,President,Trump,Biden,,25,0.0005125,0.020968,0.008175,0.991825,,0.7981651,0.7117435,0.0226288,0.9977033,34.28776,64.2139,,1.498339,27.17346,57.02518,,0.7579157,41.45265,71.32393,,2.340109,-29.92614,-44.06694,-15.63575,1,2020-06-04,12:03:40 10 Aug 2020,40000
2020,President,Trump,Biden,,24,0.000275,0.0141153,0.002725,0.997275,,0.8165138,0.708982,0.0077163,0.9992933,35.68652,62.94577,,1.367707,30.16556,57.35625,,0.6931972,41.26352,68.51791,,2.133604,-27.25925,-38.33437,-16.16054,1,2020-06-04,12:03:40 10 Aug 2020,40000
2020,President,Trump,Biden,,23,0.0049625,0.9316669,0.200725,0.799275,,0.7841575,0.8319102,0.5458644,0.9397569,44.76842,53.86712,,1.364462,37.70747,46.80641,,0.6922371,51.83085,60.94901,,2.127924,-9.098698,-23.22953,5.041576,1,2020-06-04,12:03:40 10 Aug 2020,40000
2020,President,Trump,Biden,,22,0.0017125,0.1201286,0.9211,0.0789,,0.3094941,0.9575412,0.9886423,0.1067769,57.54564,41.63374,,0.8206269,50.40833,34.53228,,0.420347,64.64981,48.78548,,1.271767,15.91189,1.644978,30.10738,1,2020-06-04,12:03:40 10 Aug 2020,40000
2020,President,Trump,Biden,,21,0.0002,0.0150073,0.978725,0.021275,,0.2943881,0.9894242,0.9992197,0.0297505,59.70615,39.0647,,1.229154,53.51499,32.89217,,0.6243851,65.87923,45.27151,,1.914747,20.64145,8.258863,32.94764,1,2020-06-04,12:03:40 10 Aug 2020,40000
2020,President,Trump,Biden,,20,5e-05,0.0058863,0.933575,0.066425,,0.3088129,0.9992473,0.9998266,0.0938096,55.95573,42.23528,,1.808992,50.16081,36.5349,,0.9111364,61.67304,48.0599,,2.832477,13.72045,2.118067,25.06474,1,2020-06-04,12:03:40 10 Aug 2020,40000
2020,President,Trump,Biden,,19,0.005125,0.4633967,0.66685,0.33315,,0.4302692,0.9956476,0.9950581,0.4688008,51.33161,47.3604,,1.307993,45.24406,41.31536,,0.6635588,57.40421,53.43639,,2.039161,3.971209,-8.163754,16.05772,1,2020-06-04,12:03:40 10 Aug 2020,40000
2020,President,Trump,Biden,,18,0.00045,0.0222958,0.91595,0.08405,,0.3147279,0.9988102,0.9997399,0.1186489,55.38541,43.15833,,1.456256,49.69146,37.53485,,0.7370855,61.00212,48.85231,,2.273494,12.22709,0.8735447,23.41841,1,2020-06-04,12:03:40 10 Aug 2020,40000
2020,President,Trump,Biden,,17,0.0047625,0.1205903,0.0216,0.9784,,0.8217593,0.7192611,0.0615571,0.994594,38.9514,59.50607,,1.542529,32.80078,53.3252,,0.7797667,45.10971,65.65378,,2.410036,-20.55468,-32.80412,-8.189346,1,2020-06-04,12:03:40 10 Aug 2020,40000
2020,President,Trump,Biden,,26,0.0453375,1.280181,0.1515,0.8485,,0.9615511,0.8272245,0.505202,0.9920147,45.20415,53.71066,,1.085191,39.85146,48.40051,,0.552705,50.50473,59.05445,,1.687679,-8.506511,-19.17687,2.085009,1,2020-06-04,12:03:40 10 Aug 2020,40000
2020,President,Trump,Biden,,28,0.0019125,0.2250499,0.8834,0.1166,,0.3214003,0.9609777,0.9846541,0.1583634,55.41486,43.78437,,0.8007628,49.10104,37.53903,,0.4103574,61.65915,50.10741,,1.240629,11.63049,-0.9920254,24.09734,1,2020-06-04,12:03:40 10 Aug 2020,40000
2020,President,Trump,Biden,,15,0.00025,0.0813601,0.00695,0.99305,,0.6294964,0.7099341,0.0151725,0.996396,29.81945,68.55077,,1.629781,21.26938,59.77997,,0.822859,38.58918,77.1278,,2.548295,-38.73131,-55.85092,-21.2034,1,2020-06-04,12:03:40 10 Aug 2020,40000
2020,President,Trump,Biden,,13,0.0293375,0.9636742,0.593825,0.406175,,0.4769924,0.9869514,0.9823132,0.5665677,50.48194,48.72442,,0.7936399,45.69458,43.92227,,0.406774,55.27348,53.5035,,1.229447,1.757517,-7.804834,11.33618,1,2020-06-04,12:03:40 10 Aug 2020,40000
2020,President,Trump,Biden,,12,0.2064875,2.888358,0.39155,0.60845,,0.7147235,0.9853727,0.9705219,0.8473606,48.47465,50.735,,0.7903463,43.04491,45.32934,,0.4051169,53.86848,56.14959,,1.224276,-2.260354,-13.09955,8.491888,1,2020-06-04,12:03:40 10 Aug 2020,40000
2020,President,Trump,Biden,,11,0.0,0.0,0.0,1.0,,,0.70755,0.0,1.0,6.039614,90.40935,,3.551035,2.228972,85.67558,,1.757385,10.202,94.68877,,5.614398,-84.36974,-92.21495,-75.82704,1,2020-06-04,12:03:40 10 Aug 2020,40000
2020,President,Trump,Biden,,10,0.000125,0.0375482,0.00415,0.99585,,0.9638554,0.710373,0.013872,0.9998233,37.99262,60.8491,,1.158283,32.78237,55.61537,,0.5891267,43.19534,66.08118,,1.802852,-22.85648,-33.27007,-12.4436,1,2020-06-04,12:03:40 10 Aug 2020,40000
2020,President,Trump,Biden,,09,0.00215,0.1858211,0.0355,0.9645,,0.8676056,0.728875,0.1068146,0.9935694,40.15805,58.92027,,0.9216793,33.75996,52.49308,,0.4710328,46.60458,65.32344,,1.430473,-18.76221,-31.52819,-5.886982,1,2020-06-04,12:03:40 10 Aug 2020,40000
2020,President,Trump,Biden,,08,0.023025,1.12522,0.1425,0.8575,,0.9108772,0.8107872,0.4501474,0.9826161,44.31239,53.77621,,1.911404,38.54742,47.99274,,0.9614555,50.09216,59.56583,,2.995067,-9.46382,-20.96763,2.066689,1,2020-06-04,12:03:40 10 Aug 2020,40000
2020,President,Trump,Biden,,06,0.001925,0.0191293,0.00435,0.99565,,0.8045977,0.7098127,0.012138,0.998834,34.97996,63.1058,,1.914247,28.9529,56.9132,,0.9628511,41.1087,69.16777,,2.999592,-28.12584,-40.14873,-15.89514,1,2020-06-04,12:03:40 10 Aug 2020,40000
2020,President,Trump,Biden,,05,0.0003125,0.038392,0.971025,0.028975,,0.2958987,0.962899,0.9964453,0.0394318,60.9097,37.44396,,1.646336,53.36572,29.93526,,0.8310272,68.4637,44.99969,,2.574574,23.46574,8.391537,38.49848,1,2020-06-04,12:03:40 10 Aug 2020,40000
2020,President,Trump,Biden,,04,0.0595125,3.012589,0.43435,0.56565,,0.617129,0.9618139,0.9295995,0.7689209,48.54695,50.05325,,1.399801,42.71528,44.28344,,0.7091126,54.34584,55.8669,,2.184353,-1.506293,-13.09339,10.0103,1,2020-06-04,12:03:40 10 Aug 2020,40000
2020,President,Trump,Biden,,02,0.0019125,0.8369127,0.833075,0.166925,,0.3374846,0.955519,0.9750304,0.2254258,54.42153,43.03296,,2.545515,46.66973,35.41567,,1.27082,62.09687,50.76274,,4.00503,11.38857,-3.973364,26.66414,1,2020-06-04,12:03:40 10 Aug 2020,40000
2020,President,Trump,Biden,,01,0.0004375,0.0296808,0.976175,0.023825,,0.2946705,0.9685205,0.9975724,0.0326125,59.81457,39.38279,,0.8026366,53.66576,33.2803,,0.4113001,65.91844,45.53986,,1.243566,20.43178,8.1521,32.6144,1,2020-06-04,12:03:40 10 Aug 2020,40000
2020,President,Trump,Biden,,27,0.0676125,3.142845,0.230925,0.769075,,0.8593699,0.879108,0.6882261,0.9555508,46.21266,52.31749,,1.469854,40.82738,46.91428,,0.7438191,51.62151,57.70909,,2.295016,-6.104827,-16.85033,4.656277,1,2020-06-04,12:03:40 10 Aug 2020,40000
2020,President,Trump,Biden,,41,0.008325,0.5622025,0.10275,0.89725,,0.7625304,0.7618836,0.2717184,0.9661508,41.73446,55.85387,,2.411668,34.61007,48.657,,1.205745,48.94922,63.01543,,3.791518,-14.11941,-28.30332,0.1798363,1,2020-06-04,12:03:40 10 Aug 2020,40000
2020,President,Trump,Biden,,29,0.00105,0.051152,0.865125,0.134875,,0.3325242,0.99481,0.9976591,0.1896332,54.29792,44.21676,,1.48532,48.35914,38.34872,,0.7514747,60.15815,50.14643,,2.319498,10.08115,-1.743496,21.7809,1,2020-06-04,12:03:40 10 Aug 2020,40000
2020,President,Trump,Biden,,44,0.000925,0.2746175,0.03515,0.96485,,0.8214794,0.7269783,0.1001387,0.9913434,37.76408,60.78747,,1.448454,29.94599,52.92366,,0.7332214,45.61764,68.61364,,2.261163,-23.02339,-38.62313,-7.323334,1,2020-06-04,12:03:40 10 Aug 2020,40000
2020,President,Trump,Biden,,56,1.25e-05,0.007069,0.9976,0.0024,,0.2888933,0.9375,0.9994798,0.00318,68.49734,28.08048,,3.422179,61.26496,21.11525,,1.695364,75.64093,35.22352,,5.407624,40.41686,26.20422,54.35402,1,2020-06-04,12:03:40 10 Aug 2020,40000
2020,President,Trump,Biden,,55,0.09405,4.388213,0.26695,0.73305,,0.8539052,0.9143305,0.7905324,0.9472829,46.82405,52.1579,,1.01805,41.22542,46.56691,,0.5192083,52.40996,57.76164,,1.581946,-5.333854,-16.51494,5.84729,1,2020-06-04,12:03:40 10 Aug 2020,40000
2020,President,Trump,Biden,,54,6.25e-05,0.0133891,0.9941,0.0059,,0.2899608,0.9788136,0.9996532,0.008162,65.93703,32.24205,,1.820921,58.52156,24.94739,,0.9170023,73.25153,39.62632,,2.851392,33.69498,18.92498,48.23708,1,2020-06-04,12:03:40 10 Aug 2020,40000
2020,President,Trump,Biden,,53,0.001225,0.0484771,0.015125,0.984875,,0.8528926,0.7161822,0.0447373,0.9968907,37.61662,60.15179,,2.231593,31.39752,53.8483,,1.118104,43.89107,66.40167,,3.504575,-22.53517,-34.94498,-10.01903,1,2020-06-04,12:03:40 10 Aug 2020,40000
2020,President,Trump,Biden,,51,0.016825,0.5639597,0.078575,0.921425,,0.9707286,0.7654177,0.2645223,0.9967847,44.04135,54.933,,1.025654,39.08178,50.008,,0.5230037,48.96165,59.90286,,1.593916,-10.89165,-20.79746,-1.06551,1,2020-06-04,12:03:40 10 Aug 2020,40000
2020,President,Trump,Biden,,50,0.0001875,0.0842552,0.007975,0.992025,,0.7523511,0.7112472,0.020808,0.9972087,31.52036,65.75288,,2.726763,23.58822,57.61724,,1.35891,39.65734,73.78932,,4.294642,-34.23252,-50.14676,-18.01199,1,2020-06-04,12:03:40 10 Aug 2020,40000
2020,President,Trump,Biden,,49,0.0008625,0.0992587,0.93535,0.06465,,0.3067301,0.9775715,0.9949714,0.0893223,56.3251,40.36412,,3.310776,49.62773,33.75017,,1.641643,63.01738,47.02174,,5.228951,15.96098,2.739141,29.07656,1,2020-06-04,12:03:40 10 Aug 2020,40000
2020,President,Trump,Biden,,48,0.014425,0.2163153,0.72165,0.27835,,0.3988083,0.9977546,0.9980926,0.3925164,51.9869,47.02092,,0.9921757,46.41663,41.48305,,0.5062884,57.52637,52.59464,,1.541254,4.965974,-6.186243,16.03821,1,2020-06-04,12:03:40 10 Aug 2020,40000
2020,President,Trump,Biden,,47,0.001,0.0553916,0.941525,0.058475,,0.3055947,0.9884566,0.9978325,0.0816903,57.57097,41.3259,,1.103126,51.05679,34.80876,,0.5616475,64.09825,47.81535,,1.71592,16.24507,3.274464,29.27067,1,2020-06-04,12:03:40 10 Aug 2020,40000
2020,President,Trump,Biden,,46,0.0003,0.1062203,0.951575,0.048425,,0.3010272,0.9602478,0.9934108,0.0657197,59.70694,38.79477,,1.49829,51.95959,31.12247,,0.7578917,67.37894,46.53903,,2.340032,20.91218,5.422077,36.21616,1,2020-06-04,12:03:40 10 Aug 2020,40000
2020,President,Trump,Biden,,45,0.0010875,0.0684909,0.87615,0.12385,,0.328454,0.9951555,0.9980059,0.1741926,54.32902,44.77597,,0.8950111,49.00943,39.46892,,0.4576718,59.64599,50.09653,,1.388564,9.553052,-1.067188,20.17842,1,2020-06-04,12:03:40 10 Aug 2020,40000
2020,President,Trump,Biden,,30,0.0004,0.1104852,0.9111,0.0889,,0.3151411,0.9859393,0.9957517,0.1238782,55.7571,41.70538,,2.537525,49.02827,35.1068,,1.266933,62.37413,48.38405,,3.99228,14.05171,0.7467728,27.16643,1,2020-06-04,12:03:40 10 Aug 2020,40000
2020,President,Trump,Biden,,42,0.2077,4.709761,0.2851,0.7149,,0.8510172,0.9325081,0.8414254,0.9421949,47.40218,51.85265,,0.745173,42.29641,46.74983,,0.3823712,52.49299,56.96132,,1.153415,-4.45047,-14.64791,5.714592,1,2020-06-04,12:03:40 10 Aug 2020,40000
2020,President,Trump,Biden,,39,0.0474625,1.18971,0.522225,0.477775,,0.546795,0.9938256,0.9902896,0.6710833,49.7227,49.26188,,1.015422,44.32326,43.85088,,0.5178965,55.13571,54.64849,,1.577809,0.4608293,-10.30913,11.28192,1,2020-06-04,12:03:40 10 Aug 2020,40000
2020,President,Trump,Biden,,38,2.5e-05,0.009871,0.9859,0.0141,,0.2922964,0.9875886,0.9993931,0.0196806,60.89164,36.43474,,2.67362,54.24006,29.85992,,1.333102,67.51588,43.02897,,4.20968,24.4569,11.32325,37.60067,1,2020-06-04,12:03:40 10 Aug 2020,40000
2020,President,Trump,Biden,,37,0.0623625,1.77554,0.465875,0.534125,,0.5895358,0.9729464,0.9524883,0.7344711,49.25686,49.94373,,0.7994079,43.98566,44.64808,,0.4096759,54.54037,55.20013,,1.238503,-0.6868716,-11.19499,9.880178,1,2020-06-04,12:03:40 10 Aug 2020,40000
2020,President,Trump,Biden,,36,0.0016375,0.0305439,0.0084,0.9916,,0.7827381,0.7117285,0.0228021,0.997456,36.63071,62.26748,,1.101816,30.58397,56.19294,,0.5609945,42.69181,68.31739,,1.713858,-25.63676,-37.72134,-13.52098,1,2020-06-04,12:03:40 10 Aug 2020,40000
2020,President,Trump,Biden,,35,0.0091625,1.58876,0.103075,0.896925,,0.9155954,0.7793294,0.3272932,0.9879161,43.20572,55.0301,,1.76418,37.17005,49.02042,,0.8890926,49.23835,61.06131,,2.761445,-11.82438,-23.8382,0.1875381,1,2020-06-04,12:03:40 10 Aug 2020,40000
2020,President,Trump,Biden,,34,0.006475,0.2379324,0.04615,0.95385,,0.7676057,0.7306705,0.1228542,0.9850187,40.29842,58.85218,,0.8494024,33.46131,52.01979,,0.4347985,47.12007,65.66084,,1.316932,-18.55375,-32.19141,-4.914141,1,2020-06-04,12:03:40 10 Aug 2020,40000
2020,President,Trump,Biden,,33,0.0212875,3.950967,0.314725,0.685275,,0.7434268,0.9170771,0.8114271,0.8882058,46.90562,52.02913,,1.065247,39.93881,45.033,,0.5427516,53.9016,59.0052,,1.656261,-5.123512,-19.05265,8.805616,1,2020-06-04,12:03:40 10 Aug 2020,40000
2020,President,Trump,Biden,,32,0.0335875,3.901028,0.243,0.757,,0.8356996,0.8831572,0.7042657,0.9448802,46.02866,52.23082,,1.740517,40.25479,46.4785,,0.8774453,51.74516,58.03503,,2.723948,-6.202158,-17.71038,5.214552,1,2020-06-04,12:03:40 10 Aug 2020,40000
2020,President,Trump,Biden,,31,0.0,0.0,0.98285,0.01715,,0.2933052,0.9956268,0.9997399,0.0241326,59.11172,39.0267,,1.861583,53.33711,33.31584,,0.9354869,64.87082,44.78015,,2.92111,20.08503,8.625113,31.53805,1,2020-06-04,12:03:40 10 Aug 2020,40000
2020,President,Trump,Biden,,40,5e-05,0.0046778,0.991325,0.008675,,0.2906463,0.9711816,0.9992197,0.0119073,63.01359,35.77987,,1.206534,56.60448,29.41508,,0.6131376,69.36487,42.18365,,1.879059,27.23372,14.45229,39.90121,1,2020-06-04,12:03:40 10 Aug 2020,40000
2020,President,Trump,Biden,,21,7.5e-05,0.0053445,0.979175,0.020825,,0.2985677,0.9915966,0.9994017,0.0293543,59.74593,39.02998,,1.224094,53.56992,32.90584,,0.6241205,65.88608,45.19602,,1.905569,20.71595,8.403683,32.99863,1,2020-06-03,11:24:29 10 Aug 2020,40000
2020,President,Trump,Biden,,17,0.0044875,0.1145368,0.022225,0.977775,,0.8301463,0.7156043,0.0630715,0.9946338,39.01474,59.45951,,1.525758,32.82824,53.31577,,0.7743353,45.16395,65.65569,,2.382568,-20.44477,-32.76903,-8.181059,1,2020-06-03,11:24:29 10 Aug 2020,40000
2020,President,Trump,Biden,,18,0.000475,0.0235501,0.918175,0.081825,,0.3183217,0.9969447,0.9991454,0.1159601,55.43527,43.11475,,1.449978,49.77917,37.5592,,0.7366581,60.98497,48.75656,,2.26255,12.32052,1.01083,23.43917,1,2020-06-03,11:24:29 10 Aug 2020,40000
2020,President,Trump,Biden,,19,0.0053125,0.4844573,0.667725,0.332275,,0.4364072,0.9963133,0.9961542,0.4705924,51.31739,47.36565,,1.316956,45.2719,41.34735,,0.6704468,57.33691,53.4032,,2.052134,3.951742,-8.101631,15.96073,1,2020-06-03,11:24:29 10 Aug 2020,40000
2020,President,Trump,Biden,,20,0.0001125,0.013248,0.935775,0.064225,,0.3124149,0.9972752,0.9994017,0.091048,55.99578,42.20346,,1.80076,50.21968,36.50924,,0.9105548,61.68774,47.96432,,2.818157,13.79233,2.301149,25.15813,1,2020-06-03,11:24:29 10 Aug 2020,40000
2020,President,Trump,Biden,,26,0.054525,1.547631,0.167,0.833,,0.9422156,0.8332833,0.5379028,0.9867088,45.48392,53.43412,,1.081954,40.10536,48.09399,,0.5529787,50.8365,58.822,,1.68158,-7.950202,-18.68904,2.726667,1,2020-06-03,11:24:29 10 Aug 2020,40000
2020,President,Trump,Biden,,22,0.0018625,0.1300033,0.92105,0.07895,,0.3135009,0.9518683,0.9870951,0.1068268,57.59547,41.59197,,0.8125621,50.40304,34.51102,,0.4176,64.68403,48.80011,,1.258153,16.00349,1.594269,30.16882,1,2020-06-03,11:24:29 10 Aug 2020,40000
2020,President,Trump,Biden,,23,0.0046375,0.866401,0.200775,0.799225,,0.786328,0.8267384,0.5396975,0.9392658,44.84151,53.80135,,1.35714,37.83871,46.77237,,0.6904598,51.8808,60.8196,,2.114851,-8.959846,-22.94382,5.098728,1,2020-06-03,11:24:29 10 Aug 2020,40000
2020,President,Trump,Biden,,24,0.0002375,0.0121379,0.003,0.997,,0.7583333,0.7048646,0.0077771,0.9989694,35.7004,62.93804,,1.361558,30.18288,57.35604,,0.6926621,41.27785,68.48021,,2.122649,-27.23764,-38.2637,-16.11328,1,2020-06-03,11:24:29 10 Aug 2020,40000
2020,President,Trump,Biden,,25,0.0006375,0.0267088,0.00835,0.99165,,0.8233533,0.7079111,0.0235023,0.9979033,34.31848,64.19092,,1.490606,27.18328,56.95608,,0.7568641,41.55418,71.37698,,2.326885,-29.87243,-44.16824,-15.44207,1,2020-06-03,11:24:29 10 Aug 2020,40000
2020,President,Trump,Biden,,15,0.0002625,0.0925504,0.00745,0.99255,,0.6275168,0.7059594,0.0159815,0.9960553,29.89494,68.49337,,1.611686,21.3711,59.84562,,0.816981,38.51681,77.05028,,2.518565,-38.59843,-55.64015,-21.34604,1,2020-06-03,11:24:29 10 Aug 2020,40000
2020,President,Trump,Biden,,16,6.25e-05,0.0119263,0.9866,0.0134,,0.2963207,0.9869403,0.9994017,0.0187995,62.76905,34.13816,,3.092788,55.31563,26.80072,,1.543031,70.1795,41.51852,,4.879204,28.6309,13.91975,43.25056,1,2020-06-03,11:24:29 10 Aug 2020,40000
2020,President,Trump,Biden,,09,0.0021875,0.1904731,0.036225,0.963775,,0.8868185,0.725688,0.1098197,0.9942073,40.17492,58.90852,,0.9165593,33.75882,52.42117,,0.4699617,46.66278,65.33862,,1.421299,-18.73359,-31.57322,-5.769669,1,2020-06-03,11:24:29 10 Aug 2020,40000
2020,President,Trump,Biden,,13,0.0306,1.012442,0.5962,0.4038,,0.4805434,0.9848316,0.9794035,0.5653008,50.48139,48.72772,,0.790887,45.7186,43.98012,,0.4066613,55.24212,53.49219,,1.224141,1.753674,-7.762001,11.26149,1,2020-06-03,11:24:29 10 Aug 2020,40000
2020,President,Trump,Biden,,12,0.209225,2.926986,0.39025,0.60975,,0.7247277,0.9833949,0.9668404,0.8523757,48.47754,50.7348,,0.7876611,43.10155,45.35928,,0.4050321,53.84449,56.10737,,1.219079,-2.257263,-13.00906,8.46896,1,2020-06-03,11:24:29 10 Aug 2020,40000
2020,President,Trump,Biden,,11,0.0,0.0,0.0,1.0,,,0.703475,0.0,1.0,6.053209,90.43124,,3.51555,2.225451,85.73476,,1.747838,10.20572,94.698,,5.557175,-84.37803,-92.23486,-75.81721,1,2020-06-03,11:24:29 10 Aug 2020,40000
2020,President,Trump,Biden,,10,0.0001625,0.0501747,0.00495,0.99505,,0.9292929,0.7066228,0.0157252,0.9995025,38.03735,60.81092,,1.151727,32.86007,55.59317,,0.587927,43.26292,66.0025,,1.7915,-22.77358,-33.1329,-12.35909,1,2020-06-03,11:24:29 10 Aug 2020,40000
2020,President,Trump,Biden,,08,0.0222,1.082822,0.14785,0.85215,,0.9097058,0.8103033,0.4597898,0.9815558,44.38758,53.71164,,1.900784,38.62991,47.94057,,0.9599416,50.17355,59.51619,,2.977068,-9.324057,-20.85534,2.179943,1,2020-06-03,11:24:29 10 Aug 2020,40000
2020,President,Trump,Biden,,06,0.00245,0.02417,0.004725,0.995275,,0.8201058,0.7059607,0.0132467,0.9987917,35.03391,63.06025,,1.905847,28.97595,56.96346,,0.9624394,41.09693,69.14754,,2.985126,-28.02634,-40.11166,-15.97105,1,2020-06-03,11:24:29 10 Aug 2020,40000
2020,President,Trump,Biden,,05,0.0003875,0.0481293,0.96955,0.03045,,0.3006549,0.9663383,0.996496,0.0418281,60.95692,37.4148,,1.628276,53.44612,29.98705,,0.8252035,68.42677,44.92235,,2.544824,23.54213,8.550478,38.4137,1,2020-06-03,11:24:29 10 Aug 2020,40000
2020,President,Trump,Biden,,04,0.0586,2.963735,0.433825,0.566175,,0.624503,0.9598622,0.9261602,0.7725222,48.57362,50.03219,,1.394191,42.80875,44.27279,,0.7089038,54.30215,55.7665,,2.174268,-1.458573,-12.90999,10.02616,1,2020-06-03,11:24:29 10 Aug 2020,40000
2020,President,Trump,Biden,,02,0.0015625,0.6943434,0.837025,0.162975,,0.3413578,0.9581224,0.9767541,0.2219695,54.52,42.96592,,2.514086,46.79072,35.36209,,1.261145,62.17652,50.68204,,3.953377,11.55408,-3.863754,26.72444,1,2020-06-03,11:24:29 10 Aug 2020,40000
2020,President,Trump,Biden,,01,0.0003625,0.023804,0.9765,0.0235,,0.2988479,0.9691489,0.9976071,0.032375,59.8215,39.37852,,0.7999815,53.74387,33.31958,,0.4112538,65.86836,45.43144,,1.238406,20.44298,8.331043,32.53725,1,2020-06-03,11:24:29 10 Aug 2020,40000
2020,President,Trump,Biden,,28,0.0017375,0.2014924,0.88975,0.11025,,0.3231526,0.9539682,0.9829074,0.1495078,55.62301,43.58619,,0.7907979,49.29155,37.26931,,0.4066163,61.96212,49.91917,,1.224002,12.03681,-0.6019573,24.67707,1,2020-06-03,11:24:29 10 Aug 2020,40000
2020,President,Trump,Biden,,27,0.065725,3.047533,0.234475,0.765525,,0.8558482,0.8763267,0.6860098,0.9536231,46.2786,52.25785,,1.463552,40.87495,46.86281,,0.7434106,51.68798,57.68028,,2.284044,-5.97925,-16.76928,4.81805,1,2020-06-03,11:24:29 10 Aug 2020,40000
2020,President,Trump,Biden,,29,0.0012375,0.0616472,0.867375,0.132625,,0.3364173,0.9945335,0.9975216,0.1874978,54.34525,44.17503,,1.479725,48.4486,38.3031,,0.7514542,60.24799,50.06149,,2.309654,10.17022,-1.555141,21.89579,1,2020-06-03,11:24:29 10 Aug 2020,40000
2020,President,Trump,Biden,,48,0.0144875,0.2177978,0.72005,0.27995,,0.4054579,0.9979461,0.9980344,0.3971356,51.95689,47.04539,,0.9977201,46.4448,41.55607,,0.5107311,57.4542,52.54839,,1.549022,4.91149,-6.106274,15.89813,1,2020-06-03,11:24:29 10 Aug 2020,40000
2020,President,Trump,Biden,,42,0.201125,4.55758,0.28915,0.71085,,0.8524122,0.9314905,0.8425776,0.9412559,47.44519,51.81288,,0.7419275,42.34607,46.70338,,0.3819194,52.56065,56.8873,,1.147457,-4.367693,-14.52452,5.86574,1,2020-06-03,11:24:29 10 Aug 2020,40000
2020,President,Trump,Biden,,30,0.0004125,0.1158096,0.91325,0.08675,,0.3187791,0.9838617,0.9952141,0.1213263,55.83316,41.6409,,2.525937,49.13844,35.08722,,1.266938,62.41003,48.3234,,3.972294,14.19226,0.8845615,27.23693,1,2020-06-03,11:24:29 10 Aug 2020,40000
2020,President,Trump,Biden,,55,0.093275,4.347214,0.270125,0.729875,,0.8595095,0.9138209,0.7936928,0.9481147,46.85093,52.13512,,1.013958,41.27546,46.51323,,0.518878,52.44514,57.681,,1.574569,-5.284188,-16.40304,5.913185,1,2020-06-03,11:24:29 10 Aug 2020,40000
2020,President,Trump,Biden,,54,3.75e-05,0.006984,0.994,0.006,,0.2942153,0.9875,0.9997436,0.0084225,66.00465,32.18067,,1.814684,58.65883,24.98109,,0.9174342,73.20772,39.54098,,2.840259,33.82397,19.15336,48.1988,1,2020-06-03,11:24:29 10 Aug 2020,40000
2020,President,Trump,Biden,,53,0.001525,0.0615439,0.016425,0.983575,,0.8645357,0.7129604,0.0485429,0.9968371,37.69954,60.08045,,2.220005,31.49702,53.84877,,1.11706,43.94857,66.31804,,3.484594,-22.38091,-34.70437,-9.931656,1,2020-06-03,11:24:29 10 Aug 2020,40000
2020,President,Trump,Biden,,51,0.0156,0.5294203,0.079575,0.920425,,0.9707823,0.761822,0.26408,0.996766,44.0753,54.90408,,1.020624,39.21123,49.97339,,0.5222213,49.00027,59.76558,,1.585047,-10.82877,-20.52477,-0.9948902,1,2020-06-03,11:24:29 10 Aug 2020,40000
2020,President,Trump,Biden,,50,0.0002,0.0871421,0.007175,0.992825,,0.7874565,0.7070229,0.0193146,0.9978322,31.53624,65.76932,,2.694449,23.5924,57.65112,,1.349223,39.63843,73.78172,,4.241475,-34.23308,-50.13214,-18.13721,1,2020-06-03,11:24:29 10 Aug 2020,40000
2020,President,Trump,Biden,,49,0.000625,0.0729534,0.93835,0.06165,,0.3103053,0.9781022,0.995385,0.0857173,56.43092,40.27592,,3.293158,49.69707,33.64071,,1.640203,63.09314,46.95249,,5.200387,16.155,2.899258,29.30478,1,2020-06-03,11:24:29 10 Aug 2020,40000
2020,President,Trump,Biden,,47,0.0007,0.0374256,0.942475,0.057525,,0.3093716,0.9834855,0.9967524,0.0804222,57.60503,41.29609,,1.098887,51.12862,34.86598,,0.5614653,64.06308,47.77187,,1.708248,16.30894,3.382669,29.19569,1,2020-06-03,11:24:29 10 Aug 2020,40000
2020,President,Trump,Biden,,46,0.000325,0.1194398,0.953725,0.046275,,0.3051194,0.9670448,0.9947868,0.0636128,59.7771,38.74137,,1.481524,52.0763,31.1084,,0.7523484,67.39328,46.40683,,2.312502,21.03573,5.685501,36.25058,1,2020-06-03,11:24:29 10 Aug 2020,40000
2020,President,Trump,Biden,,45,0.0010125,0.0667538,0.879775,0.120225,,0.3314768,0.992514,0.9969233,0.1696222,54.35299,44.75497,,0.8920425,49.07273,39.47719,,0.457636,59.62403,50.0414,,1.382769,9.598026,-0.9485302,20.11753,1,2020-06-03,11:24:29 10 Aug 2020,40000
2020,President,Trump,Biden,,44,0.0008125,0.2438186,0.03555,0.96445,,0.8375527,0.7234693,0.1017862,0.9918618,37.78362,60.78401,,1.432368,30.01226,52.92763,,0.7278918,45.62859,68.57761,,2.234682,-23.00038,-38.56116,-7.311556,1,2020-06-03,11:24:29 10 Aug 2020,40000
2020,President,Trump,Biden,,56,1.25e-05,0.0066958,0.9975,0.0025,,0.2930577,0.92,0.9993163,0.0032695,68.57229,28.04632,,3.381395,61.34019,21.09248,,1.682938,75.64708,35.19371,,5.34177,40.52597,26.32841,54.43831,1,2020-06-03,11:24:29 10 Aug 2020,40000
2020,President,Trump,Biden,,41,0.008625,0.5793511,0.10465,0.89535,,0.7623029,0.7580834,0.2727117,0.964853,41.81465,55.8035,,2.381849,34.69664,48.60813,,1.196438,49.00541,62.96403,,3.74232,-13.98885,-28.20139,0.291851,1,2020-06-03,11:24:29 10 Aug 2020,40000
2020,President,Trump,Biden,,35,0.0093,1.613978,0.10625,0.89375,,0.9134117,0.776979,0.3317665,0.9871353,43.28481,54.96199,,1.753197,37.29459,48.93334,,0.8870429,49.30755,60.96249,,2.742724,-11.67718,-23.57581,0.3300037,1,2020-06-03,11:24:29 10 Aug 2020,40000
2020,President,Trump,Biden,,40,5e-05,0.005471,0.9931,0.0069,,0.2944819,0.9891304,0.9997436,0.0097018,63.78655,35.01898,,1.194466,57.41791,28.69246,,0.609309,70.12292,41.39853,,1.858865,28.76757,16.0322,41.38252,1,2020-06-03,11:24:29 10 Aug 2020,40000
2020,President,Trump,Biden,,32,0.035475,4.125216,0.2458,0.7542,,0.8426566,0.8826903,0.7080591,0.9463378,46.09133,52.17833,,1.730344,40.37437,46.44386,,0.8757396,51.83902,57.9224,,2.706504,-6.086992,-17.49965,5.341028,1,2020-06-03,11:24:29 10 Aug 2020,40000
2020,President,Trump,Biden,,33,0.02065,3.841475,0.318,0.682,,0.7421384,0.9131232,0.8067687,0.8852482,46.95004,51.98994,,1.060026,39.98022,45.0308,,0.5419846,53.94033,58.97318,,1.647056,-5.039897,-18.97251,8.918938,1,2020-06-03,11:24:29 10 Aug 2020,40000
2020,President,Trump,Biden,,34,0.00635,0.2301607,0.048175,0.951825,,0.7825636,0.7281275,0.1288779,0.9851807,40.32685,58.82818,,0.8449668,33.41692,51.92908,,0.4339339,47.22865,65.76692,,1.308922,-18.50133,-32.34136,-4.668615,1,2020-06-03,11:24:29 10 Aug 2020,40000
2020,President,Trump,Biden,,31,0.0,0.0,0.983075,0.016925,,0.2975358,0.9985229,0.9999145,0.0240236,59.17436,38.98225,,1.843388,53.46529,33.32038,,0.9295657,64.88023,44.65895,,2.884599,20.19211,8.867182,31.49348,1,2020-06-03,11:24:29 10 Aug 2020,40000
2020,President,Trump,Biden,,36,0.0019625,0.0364334,0.008425,0.991575,,0.8071216,0.7078385,0.0232459,0.9977256,36.63978,62.26368,,1.096546,30.55513,56.16075,,0.5602922,42.72706,68.35152,,1.704561,-25.6239,-37.79739,-13.46508,1,2020-06-03,11:24:29 10 Aug 2020,40000
2020,President,Trump,Biden,,37,0.0625375,1.774314,0.469375,0.530625,,0.5906791,0.9699411,0.9477822,0.731618,49.2697,49.93343,,0.7968741,43.98174,44.65081,,0.4096848,54.55871,55.22076,,1.233532,-0.6637243,-11.21415,9.902348,1,2020-06-03,11:24:29 10 Aug 2020,40000
2020,President,Trump,Biden,,38,5e-05,0.0201686,0.98545,0.01455,,0.2968187,0.9982818,0.9999145,0.0206475,60.95082,36.38653,,2.662642,54.30289,29.82164,,1.333705,67.54945,42.99361,,4.190612,24.56429,11.42566,37.62604,1,2020-06-03,11:24:29 10 Aug 2020,40000
2020,President,Trump,Biden,,39,0.044,1.100738,0.526575,0.473425,,0.549162,0.9928711,0.988548,0.668183,49.76574,49.22305,,1.011213,44.3867,43.83211,,0.5175009,55.14664,54.59973,,1.570254,0.542699,-10.18047,11.27673,1,2020-06-03,11:24:29 10 Aug 2020,40000
2020,President,Trump,Biden,,16,0.0001,0.0188495,0.985175,0.014825,,0.2980435,0.9763913,0.9988094,0.0206123,62.63897,34.22475,,3.13629,54.94239,26.80129,,1.576899,70.16316,41.88058,,4.925082,28.41422,13.16652,43.19373,1,2020-06-02,11:34:32 10 Aug 2020,40000
2020,President,Trump,Biden,,26,0.0667,1.882862,0.187375,0.812625,,0.9406271,0.8506691,0.5995408,0.9843717,45.7134,53.185,,1.101596,40.25715,47.72345,,0.5681497,51.19976,58.66012,,1.703637,-7.4716,-18.37911,3.462334,1,2020-06-02,11:34:32 10 Aug 2020,40000
2020,President,Trump,Biden,,25,0.0006375,0.0275436,0.009225,0.990775,,0.8238482,0.7071484,0.0258525,0.997686,34.27517,64.20902,,1.515812,27.09392,56.88619,,0.776263,41.60084,71.41848,,2.354822,-29.93385,-44.27781,-15.29028,1,2020-06-02,11:34:32 10 Aug 2020,40000
2020,President,Trump,Biden,,24,0.0003875,0.02012,0.003225,0.996775,,0.7286822,0.7036443,0.0079939,0.998754,35.68284,62.93675,,1.380406,30.07176,57.29253,,0.7083997,41.33344,68.56104,,2.141639,-27.25391,-38.45661,-16.00207,1,2020-06-02,11:34:32 10 Aug 2020,40000
2020,President,Trump,Biden,,23,0.00475,0.8871901,0.208525,0.791475,,0.7765256,0.8290218,0.5508121,0.9343539,44.84288,53.77596,,1.38117,37.66388,46.57751,,0.7088846,52.0579,60.9476,,2.143079,-8.933077,-23.26114,5.465956,1,2020-06-02,11:34:32 10 Aug 2020,40000
2020,President,Trump,Biden,,22,0.00185,0.1281141,0.918175,0.081825,,0.3162524,0.9550871,0.987754,0.1112852,57.56301,41.61488,,0.8221096,50.25469,34.41188,,0.42654,64.78983,48.93058,,1.266243,15.94814,1.324873,30.38224,1,2020-06-02,11:34:32 10 Aug 2020,40000
2020,President,Trump,Biden,,21,7.5e-05,0.0052772,0.97555,0.02445,,0.3011634,0.9928426,0.9994047,0.0345675,59.67125,39.09022,,1.238533,53.31561,32.82944,,0.637145,65.96033,45.48523,,1.918612,20.58103,7.869572,33.11583,1,2020-06-02,11:34:32 10 Aug 2020,40000
2020,President,Trump,Biden,,20,0.0001125,0.0148737,0.929975,0.070025,,0.3160031,0.9985719,0.9996598,0.0995728,55.93697,42.24413,,1.8189,50.05273,36.42067,,0.9274861,61.77828,48.15757,,2.833053,13.69285,1.928122,25.30843,1,2020-06-02,11:34:32 10 Aug 2020,40000
2020,President,Trump,Biden,,19,0.005275,0.4780996,0.6595,0.3405,,0.4439348,0.9963289,0.995918,0.4830901,51.24306,47.41643,,1.340515,45.08327,41.26606,,0.688393,57.3985,53.55584,,2.078902,3.826633,-8.464373,16.12641,1,2020-06-02,11:34:32 10 Aug 2020,40000
2020,President,Trump,Biden,,18,0.0004875,0.0245599,0.910225,0.089775,,0.3227224,0.9974937,0.9992346,0.1275187,55.36784,43.16193,,1.47023,49.58463,37.42593,,0.7534307,61.09751,48.95766,,2.282881,12.20591,0.6509209,23.64532,1,2020-06-02,11:34:32 10 Aug 2020,40000
2020,President,Trump,Biden,,17,0.004475,0.1133353,0.0239,0.9761,,0.8148535,0.714937,0.0662471,0.9937344,38.97938,59.47538,,1.545244,32.80898,53.22059,,0.7909955,45.21594,65.653,,2.401296,-20.496,-32.81674,-7.984531,1,2020-06-02,11:34:32 10 Aug 2020,40000
2020,President,Trump,Biden,,28,0.002175,0.2532298,0.884375,0.115625,,0.3267279,0.9561081,0.9829067,0.1574226,55.62646,43.57199,,0.8015472,49.13696,37.15256,,0.4160696,62.04573,50.06985,,1.23418,12.05446,-0.9211025,24.88358,1,2020-06-02,11:34:32 10 Aug 2020,40000
2020,President,Trump,Biden,,01,0.000425,0.0287675,0.974925,0.025075,,0.3010744,0.9820538,0.9984692,0.0350659,59.78962,39.40065,,0.8097365,53.57156,33.26636,,0.4202403,65.93285,45.60804,,1.246949,20.38897,7.969862,32.64343,1,2020-06-02,11:34:32 10 Aug 2020,40000
2020,President,Trump,Biden,,15,0.0002375,0.0735066,0.007575,0.992425,,0.6435643,0.7049147,0.016583,0.9961908,29.82487,68.54234,,1.632782,21.1323,59.61028,,0.834733,38.74357,77.28348,,2.539399,-38.71748,-56.12095,-20.87609,1,2020-06-02,11:34:32 10 Aug 2020,40000
2020,President,Trump,Biden,,13,0.0309375,1.018412,0.59015,0.40985,,0.4865288,0.9830426,0.9766987,0.5737273,50.45091,48.74859,,0.8005001,45.55468,43.82426,,0.4155363,55.36159,53.63501,,1.232548,1.702317,-8.054209,11.53798,1,2020-06-02,11:34:32 10 Aug 2020,40000
2020,President,Trump,Biden,,12,0.2101875,2.943849,0.388175,0.611825,,0.7307271,0.9825113,0.964878,0.8559986,48.41991,50.78364,,0.7964538,42.92767,45.24635,,0.4134759,53.95994,56.2858,,1.22624,-2.363736,-13.34606,8.698256,1,2020-06-02,11:34:32 10 Aug 2020,40000
2020,President,Trump,Biden,,11,0.0,0.0,2.5e-05,0.999975,,0.0,0.7022426,0.0,0.9999644,6.077135,90.37046,,3.552403,2.173864,85.5733,,1.779994,10.33249,94.73746,,5.589999,-84.29333,-92.32262,-75.5416,1,2020-06-02,11:34:32 10 Aug 2020,40000
2020,President,Trump,Biden,,10,0.000175,0.0498803,0.005425,0.994575,,0.9400921,0.7057788,0.0173484,0.9995728,37.98051,60.84403,,1.175462,32.73241,55.54292,,0.6053981,43.30083,66.11955,,1.819566,-22.86353,-33.3864,-12.26785,1,2020-06-02,11:34:32 10 Aug 2020,40000
2020,President,Trump,Biden,,09,0.0019125,0.1675634,0.03675,0.96325,,0.8870748,0.7248119,0.1108938,0.9941972,40.11327,58.94994,,0.9367889,33.6514,52.40907,,0.4847721,46.67448,65.41234,,1.445551,-18.83667,-31.75903,-5.733601,1,2020-06-02,11:34:32 10 Aug 2020,40000
2020,President,Trump,Biden,,08,0.02085,1.016701,0.148875,0.851125,,0.9180521,0.8110736,0.4649205,0.9830189,44.25009,53.81121,,1.938697,38.37345,47.85934,,0.9870912,50.18466,59.7093,,3.022403,-9.56113,-21.27699,2.251591,1,2020-06-02,11:34:32 10 Aug 2020,40000
2020,President,Trump,Biden,,06,0.0024,0.0236583,0.004925,0.995075,,0.8121827,0.7047961,0.0136066,0.9986828,34.9655,63.10444,,1.930063,28.88858,56.89338,,0.982797,41.11597,69.24632,,3.008755,-28.13895,-40.3148,-15.81698,1,2020-06-02,11:34:32 10 Aug 2020,40000
2020,President,Trump,Biden,,05,0.000375,0.045126,0.9677,0.0323,,0.3030123,0.9760062,0.9974487,0.0448914,60.91949,37.43129,,1.649218,53.2351,29.79628,,0.8429364,68.58884,45.13469,,2.565321,23.48821,8.102959,38.74403,1,2020-06-02,11:34:32 10 Aug 2020,40000
2020,President,Trump,Biden,,04,0.0582375,2.943892,0.425875,0.574125,,0.6403287,0.9605922,0.9276299,0.7853329,48.48202,50.1123,,1.405675,42.59845,44.21393,,0.7210646,54.37961,56.02877,,2.181336,-1.630283,-13.43784,10.11794,1,2020-06-02,11:34:32 10 Aug 2020,40000
2020,President,Trump,Biden,,02,0.0018,0.7957205,0.82935,0.17065,,0.345813,0.9575154,0.9755931,0.2326807,54.41759,43.03146,,2.550952,46.51432,35.18468,,1.289935,62.2422,50.91282,,3.992939,11.38613,-4.284935,26.94933,1,2020-06-02,11:34:32 10 Aug 2020,40000
2020,President,Trump,Biden,,27,0.0672125,3.123865,0.237825,0.762175,,0.851992,0.8764063,0.6892593,0.9511926,46.21293,52.30517,,1.481896,40.68284,46.79272,,0.7592763,51.75453,57.86427,,2.30129,-6.092239,-17.13748,4.910677,1,2020-06-02,11:34:32 10 Aug 2020,40000
2020,President,Trump,Biden,,41,0.007825,0.5240779,0.10735,0.89265,,0.7643223,0.758528,0.2791054,0.9641865,41.73958,55.84344,,2.416977,34.42731,48.49303,,1.223942,49.07332,63.19661,,3.77973,-14.10386,-28.68816,0.5101051,1,2020-06-02,11:34:32 10 Aug 2020,40000
2020,President,Trump,Biden,,29,0.0010625,0.0533012,0.859925,0.140075,,0.3410472,0.9950027,0.9976189,0.1984692,54.2941,44.20842,,1.49748,48.2527,38.208,,0.7670828,60.30616,50.24901,,2.325885,10.08568,-1.941927,22.05514,1,2020-06-02,11:34:32 10 Aug 2020,40000
2020,President,Trump,Biden,,44,0.000925,0.2735393,0.036625,0.963375,,0.8423208,0.7230829,0.1049409,0.9919544,37.73358,60.81512,,1.451301,29.82626,52.77396,,0.7439436,45.7635,68.70415,,2.253058,-23.08154,-38.89825,-7.081108,1,2020-06-02,11:34:32 10 Aug 2020,40000
2020,President,Trump,Biden,,56,1.25e-05,0.0060782,0.997525,0.002475,,0.2944788,0.9090909,0.9992346,0.003204,68.48102,28.09141,,3.427573,61.09773,20.93559,,1.719163,75.72754,35.31596,,5.390335,40.38961,25.94833,54.67486,1,2020-06-02,11:34:32 10 Aug 2020,40000
2020,President,Trump,Biden,,55,0.0906875,4.228618,0.2698,0.7302,,0.8551705,0.9100246,0.7848457,0.9462442,46.82056,52.15416,,1.02528,41.09418,46.41936,,0.5295967,52.54491,57.87109,,1.584034,-5.333588,-16.76519,6.090076,1,2020-06-02,11:34:32 10 Aug 2020,40000
2020,President,Trump,Biden,,54,7.5e-05,0.0172382,0.993575,0.006425,,0.2957754,0.9844358,0.9996598,0.0090068,65.91084,32.24793,,1.841223,58.41659,24.89608,,0.9385909,73.28847,39.72462,,2.868326,33.66291,18.70082,48.35687,1,2020-06-02,11:34:32 10 Aug 2020,40000
2020,President,Trump,Biden,,53,0.0012875,0.0513544,0.0168,0.9832,,0.8675596,0.7119864,0.049579,0.9968316,37.58898,60.15452,,2.256502,31.30151,53.75448,,1.144733,43.9393,66.47991,,3.525235,-22.56554,-35.11753,-9.917534,1,2020-06-02,11:34:32 10 Aug 2020,40000
2020,President,Trump,Biden,,51,0.0172625,0.579061,0.08245,0.91755,,0.9669496,0.7624925,0.2711965,0.996262,44.01912,54.94202,,1.038857,38.98472,49.91907,,0.5364605,49.05885,59.99258,,1.605297,-10.9229,-21.0112,-0.881815,1,2020-06-02,11:34:32 10 Aug 2020,40000
2020,President,Trump,Biden,,50,0.0002125,0.0992358,0.00845,0.99155,,0.7337278,0.7059906,0.0210902,0.9968316,31.53784,65.73058,,2.731588,23.49334,57.50802,,1.378726,39.71268,73.84045,,4.280071,-34.19274,-50.25856,-17.88746,1,2020-06-02,11:34:32 10 Aug 2020,40000
2020,President,Trump,Biden,,48,0.0170125,0.2558261,0.711125,0.288875,,0.4122693,0.9972306,0.9972787,0.4102172,51.86359,47.12537,,1.011029,46.19473,41.50578,,0.5223863,57.48399,52.78463,,1.561708,4.738221,-6.586651,15.98614,1,2020-06-02,11:34:32 10 Aug 2020,40000
2020,President,Trump,Biden,,47,0.000725,0.0394831,0.937775,0.062225,,0.3124417,0.9843311,0.9966834,0.0872196,57.57708,41.30774,,1.115183,50.93304,34.70936,,0.5750059,64.18315,47.96711,,1.724947,16.26934,2.961592,29.45526,1,2020-06-02,11:34:32 10 Aug 2020,40000
2020,President,Trump,Biden,,46,0.00045,0.1702475,0.949175,0.050825,,0.3080043,0.9680275,0.9944723,0.0700605,59.66973,38.82901,,1.501259,51.87543,31.03923,,0.7689754,67.51103,46.62833,,2.331849,20.84072,5.271883,36.46682,1,2020-06-02,11:34:32 10 Aug 2020,40000
2020,President,Trump,Biden,,45,0.0011125,0.071293,0.873175,0.126825,,0.335872,0.9944806,0.9976189,0.1796013,54.31754,44.78045,,0.9020142,48.90686,39.39185,,0.4671476,59.70871,50.20807,,1.39119,9.537085,-1.306133,20.33382,1,2020-06-02,11:34:32 10 Aug 2020,40000
2020,President,Trump,Biden,,49,0.0009125,0.1068786,0.928425,0.071575,,0.3150766,0.9786937,0.9950676,0.0997508,56.22495,40.42723,,3.347818,49.35952,33.70036,,1.680254,63.02488,47.28844,,5.262858,15.79772,2.211857,29.20009,1,2020-06-02,11:34:32 10 Aug 2020,40000
2020,President,Trump,Biden,,42,0.1950875,4.423298,0.288025,0.711975,,0.8598212,0.9315987,0.8424186,0.9444999,47.37455,51.87176,,0.7536902,42.1937,46.68057,,0.3917016,52.57641,57.04899,,1.159526,-4.497213,-14.86295,5.882877,1,2020-06-02,11:34:32 10 Aug 2020,40000
2020,President,Trump,Biden,,35,0.0088125,1.54534,0.10715,0.89285,,0.9143724,0.7764462,0.3332766,0.987184,43.19247,55.01809,,1.789434,37.05151,48.87212,,0.9128214,49.3522,61.16294,,2.786508,-11.82562,-24.05674,0.4028549,1,2020-06-02,11:34:32 10 Aug 2020,40000
2020,President,Trump,Biden,,40,6.25e-05,0.0058672,0.99245,0.00755,,0.2960854,0.9834437,0.9995748,0.0105732,63.7177,35.07129,,1.211013,57.23013,28.68026,,0.6232989,70.12479,41.5724,,1.875387,28.64641,15.69278,41.40527,1,2020-06-02,11:34:32 10 Aug 2020,40000
2020,President,Trump,Biden,,32,0.034175,3.952572,0.242125,0.757875,,0.8483222,0.8793337,0.6986989,0.9489854,45.96172,52.26981,,1.768464,40.09716,46.38528,,0.9023806,51.83667,58.13172,,2.753444,-6.30809,-17.9993,5.419123,1,2020-06-02,11:34:32 10 Aug 2020,40000
2020,President,Trump,Biden,,33,0.020425,3.796384,0.318675,0.681325,,0.7533537,0.9169999,0.816651,0.889676,46.89243,52.02656,,1.081015,39.7476,44.80587,,0.5577594,54.08785,59.16561,,1.67136,-5.134136,-19.39936,9.28023,1,2020-06-02,11:34:32 10 Aug 2020,40000
2020,President,Trump,Biden,,34,0.005975,0.2195219,0.049475,0.950525,,0.7690753,0.7268878,0.1294328,0.9838732,40.26901,58.86904,,0.8619474,33.36019,51.88148,,0.4468078,47.25568,65.77971,,1.328516,-18.60003,-32.41697,-4.630306,1,2020-06-02,11:34:32 10 Aug 2020,40000
2020,President,Trump,Biden,,31,5e-05,0.0085108,0.980475,0.019525,,0.2995997,0.9884763,0.9992346,0.0274831,59.07006,39.058,,1.871947,53.15058,33.28632,,0.9524231,64.90167,44.92012,,2.919814,20.01206,8.278532,31.56582,1,2020-06-02,11:34:32 10 Aug 2020,40000
2020,President,Trump,Biden,,36,0.002325,0.0425847,0.0089,0.9911,,0.7752809,0.7065634,0.0234714,0.9971876,36.59492,62.29002,,1.115062,30.50954,56.15155,,0.5749449,42.72311,68.3842,,1.724757,-25.69511,-37.86235,-13.42168,1,2020-06-02,11:34:32 10 Aug 2020,40000
2020,President,Trump,Biden,,37,0.054025,1.536812,0.48505,0.51495,,0.5781363,0.9727644,0.9539077,0.7133144,49.45016,49.73634,,0.8134977,44.03035,44.30613,,0.4221556,54.88627,55.14526,,1.252813,-0.2861807,-11.12029,10.57131,1,2020-06-02,11:34:32 10 Aug 2020,40000
2020,President,Trump,Biden,,38,2.5e-05,0.009404,0.9832,0.0168,,0.2987693,0.9866071,0.9992346,0.0236027,60.87374,36.4286,,2.697665,54.05008,29.69637,,1.362068,67.68327,43.22117,,4.226226,24.44514,10.92916,37.91031,1,2020-06-02,11:34:32 10 Aug 2020,40000
2020,President,Trump,Biden,,39,0.0462,1.162042,0.5214,0.4786,,0.5573936,0.992896,0.9886045,0.6766821,49.71224,49.26465,,1.023109,44.2276,43.76353,,0.5284988,55.22758,54.77545,,1.580633,0.447584,-10.557,11.44075,1,2020-06-02,11:34:32 10 Aug 2020,40000
2020,President,Trump,Biden,,30,0.0004,0.1116674,0.906425,0.093575,,0.3229997,0.9871761,0.995918,0.1315415,55.74514,41.69271,,2.562141,48.9427,34.98841,,1.295441,62.5135,48.53014,,4.010756,14.05243,0.5014572,27.44527,1,2020-06-02,11:34:32 10 Aug 2020,40000
2020,President,Trump,Biden,,17,0.0050375,0.1271137,0.02285,0.97715,,0.8402626,0.7132989,0.0648868,0.9948971,38.98817,59.46098,,1.550845,32.85007,53.22554,,0.7927657,45.21566,65.60118,,2.400841,-20.47281,-32.7242,-8.044621,1,2020-06-01,11:53:49 10 Aug 2020,40000
2020,President,Trump,Biden,,27,0.0635,2.949282,0.2353,0.7647,,0.859966,0.8742317,0.6838459,0.9542519,46.20715,52.3083,,1.484543,40.7271,46.78376,,0.7596587,51.71402,57.81981,,2.296968,-6.101153,-17.07629,4.893713,1,2020-06-01,11:53:49 10 Aug 2020,40000
2020,President,Trump,Biden,,26,0.0650625,1.837159,0.187125,0.812875,,0.9338678,0.8468399,0.5905712,0.9825857,45.72819,53.16844,,1.103369,40.27838,47.72722,,0.5682882,51.16799,58.63679,,1.700365,-7.440253,-18.34078,3.43713,1,2020-06-01,11:53:49 10 Aug 2020,40000
2020,President,Trump,Biden,,25,0.0006375,0.0261222,0.008975,0.991025,,0.8245125,0.7053303,0.0250084,0.9977518,34.26182,64.21871,,1.519468,27.09837,56.89754,,0.7770882,41.60596,71.43588,,2.351676,-29.9569,-44.3305,-15.3017,1,2020-06-01,11:53:49 10 Aug 2020,40000
2020,President,Trump,Biden,,24,0.0001875,0.0098193,0.003175,0.996825,,0.8188977,0.7022296,0.0087868,0.9991792,35.67091,62.94551,,1.383573,30.14817,57.31697,,0.7091241,41.28029,68.48997,,2.138721,-27.2746,-38.31287,-16.06537,1,2020-06-01,11:53:49 10 Aug 2020,40000
2020,President,Trump,Biden,,23,0.0048,0.9005582,0.20815,0.79185,,0.7870526,0.8291028,0.5536499,0.9371231,44.81829,53.79731,,1.384403,37.66207,46.61657,,0.7104157,51.97116,60.95954,,2.138852,-8.979022,-23.25588,5.325438,1,2020-06-01,11:53:49 10 Aug 2020,40000
2020,President,Trump,Biden,,22,0.0024375,0.1728466,0.9171,0.0829,,0.3191037,0.9598914,0.9890165,0.1135853,57.56636,41.60876,,0.8248841,50.26559,34.38348,,0.4274782,64.78287,48.89846,,1.266375,15.9576,1.384495,30.36427,1,2020-06-01,11:53:49 10 Aug 2020,40000
2020,President,Trump,Biden,,21,5e-05,0.0038024,0.9765,0.0235,,0.3026882,0.9861702,0.9989017,0.03308,59.70322,39.05646,,1.240316,53.40046,32.83195,,0.6371955,65.93335,45.33714,,1.914431,20.64676,8.067263,33.08159,1,2020-06-01,11:53:49 10 Aug 2020,40000
2020,President,Trump,Biden,,20,0.000125,0.0145626,0.93185,0.06815,,0.3173794,0.997799,0.9994931,0.0970631,55.95972,42.21818,,1.822106,50.11671,36.39192,,0.9280186,61.77893,48.05427,,2.827137,13.74154,2.111687,25.33965,1,2020-06-01,11:53:49 10 Aug 2020,40000
2020,President,Trump,Biden,,19,0.0052375,0.4778633,0.664425,0.335575,,0.4432028,0.9957536,0.9951842,0.4769653,51.30304,47.35365,,1.343304,45.12343,41.19699,,0.6889253,57.45109,53.52732,,2.075608,3.949393,-8.404449,16.23384,1,2020-06-01,11:53:49 10 Aug 2020,40000
2020,President,Trump,Biden,,18,0.000325,0.0158175,0.91145,0.08855,,0.3243184,0.9966121,0.9989861,0.1259679,55.37724,43.14991,,1.472853,49.55689,37.44978,,0.7538247,61.07558,48.95293,,2.278638,12.22733,0.6504841,23.61633,1,2020-06-01,11:53:49 10 Aug 2020,40000
2020,President,Trump,Biden,,02,0.002075,0.9138288,0.8338,0.1662,,0.3451967,0.9505115,0.9727104,0.2254933,54.42247,43.01599,,2.561537,46.65599,35.34801,,1.293123,62.13087,50.78113,,3.993595,11.40649,-4.043396,26.69317,1,2020-06-01,11:53:49 10 Aug 2020,40000
2020,President,Trump,Biden,,16,0.000125,0.0231908,0.986775,0.013225,,0.2993337,0.9603025,0.9982257,0.018128,62.66247,34.1889,,3.148637,55.00536,26.77211,,1.580671,70.15602,41.78489,,4.924713,28.47357,13.32608,43.23852,1,2020-06-01,11:53:49 10 Aug 2020,40000
2020,President,Trump,Biden,,15,0.000275,0.0928629,0.0074,0.9926,,0.6317568,0.7030526,0.0157993,0.9961103,29.82887,68.53227,,1.638853,21.26153,59.81693,,0.836718,38.52125,77.07647,,2.538949,-38.7034,-55.81627,-21.3365,1,2020-06-01,11:53:49 10 Aug 2020,40000
2020,President,Trump,Biden,,13,0.0328875,1.081143,0.5936,0.4064,,0.4878706,0.9841905,0.978709,0.5709239,50.47437,48.72322,,0.802409,45.62391,43.86792,,0.4160715,55.33245,53.59056,,1.231419,1.751142,-7.947561,11.45441,1,2020-06-01,11:53:49 10 Aug 2020,40000
2020,President,Trump,Biden,,12,0.2208125,3.087641,0.3873,0.6127,,0.7376065,0.9829035,0.9654444,0.8596153,48.42994,50.77195,,0.7981102,42.93809,45.2941,,0.4138888,53.89832,56.25324,,1.224734,-2.342014,-13.31069,8.583689,1,2020-06-01,11:53:49 10 Aug 2020,40000
2020,President,Trump,Biden,,11,0.0,0.0,5e-05,0.99995,,0.5,0.700585,8.45e-05,0.9999643,6.060958,90.37667,,3.562369,2.164675,85.63274,,1.782227,10.26105,94.74094,,5.582978,-84.31571,-92.36365,-75.68396,1,2020-06-01,11:53:49 10 Aug 2020,40000
2020,President,Trump,Biden,,10,0.0001875,0.0601236,0.00455,0.99545,,0.967033,0.7036265,0.0148699,0.9997859,37.96638,60.85492,,1.17871,32.71733,55.59829,,0.6062169,43.24792,66.12347,,1.818051,-22.88854,-33.38348,-12.39289,1,2020-06-01,11:53:49 10 Aug 2020,40000
2020,President,Trump,Biden,,09,0.0015625,0.1349508,0.03775,0.96225,,0.8900662,0.7237464,0.1135519,0.9940763,40.09691,58.96355,,0.9395418,33.63317,52.40486,,0.4855771,46.66504,65.42625,,1.444807,-18.86664,-31.80094,-5.753622,1,2020-06-01,11:53:49 10 Aug 2020,40000
2020,President,Trump,Biden,,08,0.0198625,0.9621707,0.14315,0.85685,,0.9196647,0.8045457,0.4449138,0.9840131,44.23118,53.82517,,1.943648,38.40963,47.94565,,0.9882624,50.06614,59.63115,,3.018354,-9.593996,-21.17765,2.059128,1,2020-06-01,11:53:49 10 Aug 2020,40000
2020,President,Trump,Biden,,06,0.002775,0.0278983,0.004875,0.995125,,0.8153846,0.7031026,0.0134336,0.9987153,34.97393,63.092,,1.934068,28.91841,56.92996,,0.9835212,41.13169,69.16486,,3.003275,-28.11807,-40.13804,-15.84684,1,2020-06-01,11:53:49 10 Aug 2020,40000
2020,President,Trump,Biden,,05,0.00035,0.0424905,0.967075,0.032925,,0.3048368,0.9665908,0.9962825,0.045427,60.87153,37.47324,,1.655232,53.22076,29.89899,,0.8448907,68.45866,45.10071,,2.56473,23.3983,8.131098,38.52735,1,2020-06-01,11:53:49 10 Aug 2020,40000
2020,President,Trump,Biden,,04,0.0551125,2.796491,0.450525,0.549475,,0.6113423,0.9610537,0.9308043,0.7537737,48.75072,49.84497,,1.404308,42.86765,43.92377,,0.7195187,54.6451,55.70778,,2.171174,-1.094257,-12.84361,10.68086,1,2020-06-01,11:53:49 10 Aug 2020,40000
2020,President,Trump,Biden,,29,0.0014125,0.0709955,0.862575,0.137425,,0.3420282,0.9936329,0.9970429,0.1949113,54.28957,44.21053,,1.499903,48.30248,38.25463,,0.7673227,60.27012,50.20715,,2.321028,10.07904,-1.840651,22.01973,1,2020-06-01,11:53:49 10 Aug 2020,40000
2020,President,Trump,Biden,,28,0.0024,0.2784172,0.884475,0.115525,,0.3291501,0.9582341,0.9838628,0.1580131,55.60345,43.59315,,0.8034055,49.12502,37.18024,,0.4165776,62.00082,50.07317,,1.23297,12.0103,-0.9360962,24.79863,1,2020-06-01,11:53:49 10 Aug 2020,40000
2020,President,Trump,Biden,,41,0.0087125,0.5845294,0.107525,0.892475,,0.7491281,0.7549791,0.2722203,0.9617814,41.7889,55.78402,,2.427087,34.5732,48.53378,,1.227007,49.09,63.01429,,3.780758,-13.99512,-28.36703,0.4861832,1,2020-06-01,11:53:49 10 Aug 2020,40000
2020,President,Trump,Biden,,30,0.000425,0.1176302,0.911525,0.088475,,0.3232221,0.985024,0.9956911,0.1243978,55.78502,41.64844,,2.566539,49.0331,35.00728,,1.295581,62.45998,48.36663,,4.001533,14.13658,0.7637749,27.41482,1,2020-06-01,11:53:49 10 Aug 2020,40000
2020,President,Trump,Biden,,45,0.0011125,0.0703665,0.872875,0.127125,,0.3383646,0.9956735,0.9981413,0.180673,54.32366,44.77234,,0.9039993,48.94962,39.43064,,0.4675713,59.67755,50.15852,,1.389443,9.551316,-1.209385,20.2432,1,2020-06-01,11:53:49 10 Aug 2020,40000
2020,President,Trump,Biden,,56,3.75e-05,0.0242413,0.9975,0.0025,,0.296391,0.9,0.9991551,0.0032116,68.4611,28.09831,,3.440593,61.13009,21.07275,,1.722999,75.634,35.30723,,5.389347,40.36279,25.98425,54.39674,1,2020-06-01,11:53:49 10 Aug 2020,40000
2020,President,Trump,Biden,,55,0.0994625,4.634503,0.287375,0.712625,,0.8373206,0.919558,0.813197,0.9353745,47.04422,51.92451,,1.031268,41.33502,46.2233,,0.5319427,52.75032,57.63829,,1.587786,-4.880282,-16.30816,6.477369,1,2020-06-01,11:53:49 10 Aug 2020,40000
2020,President,Trump,Biden,,54,2.5e-05,0.00483,0.993875,0.006125,,0.2975726,0.9755102,0.9994931,0.0085287,65.8969,32.25826,,1.844851,58.38625,24.96518,,0.9393041,73.18518,39.78053,,2.862914,33.63864,18.63929,48.16338,1,2020-06-01,11:53:49 10 Aug 2020,40000
2020,President,Trump,Biden,,53,0.001425,0.055893,0.016,0.984,,0.8640625,0.7097561,0.0467219,0.9968954,37.61343,60.12523,,2.261338,31.33398,53.80799,,1.145328,43.90392,66.39864,,3.519023,-22.51179,-34.98215,-9.959387,1,2020-06-01,11:53:49 10 Aug 2020,40000
2020,President,Trump,Biden,,51,0.0168,0.5644793,0.08265,0.91735,,0.9721718,0.7613506,0.2715444,0.9969311,44.00982,54.94866,,1.041519,39.02612,49.90644,,0.5371143,49.03545,59.92227,,1.60378,-10.93884,-20.88086,-0.8535862,1,2020-06-01,11:53:49 10 Aug 2020,40000
2020,President,Trump,Biden,,50,0.0001625,0.0722228,0.008375,0.991625,,0.7492537,0.7043993,0.0212065,0.9970381,31.54411,65.71374,,2.742152,23.5285,57.51941,,1.38185,39.71937,73.7728,,4.279502,-34.16963,-50.17565,-17.90455,1,2020-06-01,11:53:49 10 Aug 2020,40000
2020,President,Trump,Biden,,49,0.0010125,0.1186003,0.9347,0.0653,,0.3147801,0.9739663,0.9943393,0.0907826,56.26608,40.37988,,3.354041,49.52917,33.75485,,1.68083,62.98994,47.0628,,5.25153,15.8862,2.676285,29.13822,1,2020-06-01,11:53:49 10 Aug 2020,40000
2020,President,Trump,Biden,,48,0.01665,0.2508831,0.710475,0.289525,,0.4153207,0.9970642,0.9972119,0.4120544,51.85146,47.13519,,1.013346,46.23746,41.55205,,0.522898,57.43953,52.74495,,1.559829,4.716269,-6.481831,15.8962,1,2020-06-01,11:53:49 10 Aug 2020,40000
2020,President,Trump,Biden,,47,0.00065,0.0342306,0.937075,0.062925,,0.3145959,0.9825189,0.9962825,0.0882489,57.54441,41.33838,,1.117207,50.92485,34.77028,,0.5752562,64.15198,47.94946,,1.721971,16.20604,3.03253,29.36555,1,2020-06-01,11:53:49 10 Aug 2020,40000
2020,President,Trump,Biden,,46,0.0003375,0.1218283,0.9478,0.0522,,0.3099546,0.9592912,0.9928185,0.071477,59.68419,38.80885,,1.506963,51.73323,30.99369,,0.7708439,67.48679,46.79109,,2.332086,20.87535,4.971699,36.45979,1,2020-06-01,11:53:49 10 Aug 2020,40000
2020,President,Trump,Biden,,44,0.0013125,0.3909147,0.03825,0.96175,,0.8261438,0.7216012,0.1067928,0.9906148,37.76186,60.78136,,1.456774,29.94076,52.76793,,0.7457873,45.77165,68.61488,,2.253419,-23.0195,-38.6507,-7.012798,1,2020-06-01,11:53:49 10 Aug 2020,40000
2020,President,Trump,Biden,,31,3.75e-05,0.0065158,0.9821,0.0179,,0.3011913,0.9944134,0.999662,0.0254077,59.10876,39.0131,,1.878139,53.25719,33.24392,,0.9557821,64.88783,44.82539,,2.914165,20.09567,8.488695,31.58638,1,2020-06-01,11:53:49 10 Aug 2020,40000
2020,President,Trump,Biden,,42,0.189575,4.292704,0.28725,0.71275,,0.8624021,0.9289372,0.8371916,0.9450808,47.39069,51.85383,,0.7554817,42.19433,46.66681,,0.3922221,52.59949,57.03848,,1.158454,-4.463136,-14.83688,5.912664,1,2020-06-01,11:53:49 10 Aug 2020,40000
2020,President,Trump,Biden,,40,0.0,0.0,0.9925,0.0075,,0.2979849,0.98,0.9994931,0.0104914,63.69232,35.09412,,1.213563,57.17664,28.66993,,0.6237481,70.10495,41.60995,,1.872565,28.59821,15.56839,41.41932,1,2020-06-01,11:53:49 10 Aug 2020,40000
2020,President,Trump,Biden,,39,0.03645,0.9144874,0.552325,0.447675,,0.5314806,0.9945831,0.9920581,0.6355494,50.05439,48.95506,,0.9905456,44.54954,43.41138,,0.5113823,55.5854,54.43876,,1.524223,1.099335,-9.896549,12.18352,1,2020-06-01,11:53:49 10 Aug 2020,40000
2020,President,Trump,Biden,,38,0.0,0.0,0.985375,0.014625,,0.3001395,0.9897436,0.9994931,0.0206616,60.90656,36.39127,,2.702174,54.10452,29.75843,,1.36223,67.59062,43.13876,,4.216243,24.5153,11.03001,37.72932,1,2020-06-01,11:53:49 10 Aug 2020,40000
2020,President,Trump,Biden,,37,0.0575875,1.637159,0.484975,0.515025,,0.581164,0.9717975,0.9525177,0.7144132,49.43806,49.74692,,0.8150263,44.07314,44.38435,,0.4224762,54.79844,55.1185,,1.251045,-0.308861,-11.04592,10.41866,1,2020-06-01,11:53:49 10 Aug 2020,40000
2020,President,Trump,Biden,,36,0.0019375,0.0364558,0.008725,0.991275,,0.8022923,0.7050011,0.0236566,0.9975377,36.58014,62.30197,,1.117891,30.43414,56.06374,,0.575601,42.80627,68.44043,,1.72304,-25.72183,-37.9959,-13.29132,1,2020-06-01,11:53:49 10 Aug 2020,40000
2020,President,Trump,Biden,,35,0.0082875,1.438687,0.1052,0.8948,,0.9134981,0.7729101,0.3247719,0.9871891,43.17113,55.03441,,1.794464,37.10328,48.95793,,0.9142706,49.2792,61.09018,,2.783674,-11.86328,-23.95378,0.3212166,1,2020-06-01,11:53:49 10 Aug 2020,40000
2020,President,Trump,Biden,,34,0.0063,0.2282375,0.04905,0.95095,,0.7930683,0.7260634,0.1314633,0.9855476,40.23676,58.89874,,0.8645064,33.37968,51.95899,,0.4475673,47.18188,65.73714,,1.327952,-18.66199,-32.33694,-4.787769,1,2020-06-01,11:53:49 10 Aug 2020,40000
2020,President,Trump,Biden,,33,0.020175,3.759103,0.319275,0.680725,,0.7556965,0.9160454,0.8153937,0.8900903,46.91638,52.00016,,1.083456,39.78761,44.88947,,0.5582567,54.02177,59.11622,,1.669272,-5.083781,-19.30955,9.129194,1,2020-06-01,11:53:49 10 Aug 2020,40000
2020,President,Trump,Biden,,32,0.032125,3.737085,0.23485,0.76515,,0.8555461,0.8720512,0.6790301,0.9524319,45.92081,52.30548,,1.773707,40.10748,46.5022,,0.9039391,51.72094,58.09059,,2.751044,-6.384678,-17.92508,5.163502,1,2020-06-01,11:53:49 10 Aug 2020,40000
2020,President,Trump,Biden,,01,0.0005,0.0343936,0.97525,0.02475,,0.3026403,0.9686869,0.9974654,0.0342219,59.78811,39.40047,,0.8114181,53.57916,33.24615,,0.4206448,65.93962,45.63637,,1.245432,20.38763,7.954376,32.67781,1,2020-06-01,11:53:49 10 Aug 2020,40000
