date_modeled,date_start,date_end,poll_subject,pollster,poll_grade,poll_type,poll_weight,poll_influence,poll_multi_version,population,party,sample_size,pct_concern_very,pct_concern_some,pct_concern_not_very,pct_concern_none,pct_concern_very_adjusted,pct_concern_some_adjusted,pct_concern_not_very_adjusted,pct_concern_none_adjusted,timestamp,poll_url
2022-06-08,2021-04-17,2021-04-20,1,YouGov,B+,0,1.1832316,1.1832316,False,a,all,1500.0,20.0,31.0,31.0,17.0,24.673872,29.032376,29.092027,16.485143,08:55:30 22 Apr 2021,https://docs.cdn.yougov.com/e89wuts0a9/econTabReport.pdf
2022-06-08,2021-04-10,2021-04-13,1,YouGov,B+,0,1.0142404,0.81494069,False,a,all,1500.0,16.0,34.0,29.0,20.0,20.673872,32.032376,27.092027,19.485143,08:55:30 22 Apr 2021,https://docs.cdn.yougov.com/wvjmyy0dlk/econTabReport.pdf
2022-06-08,2021-04-09,2021-04-11,1,LÃ©ger,B/C,0,0.86117029,0.64419344,False,a,all,1002.0,20.0,30.0,22.0,20.0,24.625142,30.263396,23.336962,17.41073,08:55:30 22 Apr 2021,https://2g2ckk18vixp3neolz4b6605-wpengine.netdna-ssl.com/wp-content/uploads/2021/04/Legers-North-American-Tracker-April-12th-2021.pdf
2022-06-08,2021-04-03,2021-04-06,1,YouGov,B+,0,0.90147093,0.54724601,False,a,all,1500.0,18.0,32.0,31.0,19.0,22.673872,30.032376,29.092027,18.485143,08:55:30 22 Apr 2021,https://docs.cdn.yougov.com/4243y0nkbo/econTabReport.pdf
2022-06-08,2021-04-06,2021-04-06,1,Data for Progress,B,0,1.4678026,0.94105564,False,a,all,1244.0,22.34,34.16,22.65,17.25,21.759016,33.67953,23.670727,17.731963,08:55:30 22 Apr 2021,https://docs.google.com/spreadsheets/d/1DzzQ2QJL7UdG1Cgeu9EaNXEqQr2pLBOqeiS7E6FlZKM/edit#gid=0
2022-06-08,2021-03-08,2021-03-30,1,Public Religion Research Institute,A/B,0,3.1618515,0.47143108,False,a,all,5625.0,23.0,39.0,27.0,11.0,24.844688,37.384828,26.460297,12.156673,08:55:30 22 Apr 2021,https://www.prri.org/wp-content/uploads/2021/04/Topline-IFYC-PRRI-Survey-on-Religion-and-COVID-19-Vaccine-Trust-4-22-release.pdf
2022-06-08,2021-03-27,2021-03-30,1,YouGov,B+,0,0.8512629,0.34792955,False,a,all,1492.0,21.0,33.0,27.0,20.0,25.673872,31.032376,25.092027,19.485143,08:55:30 22 Apr 2021,https://docs.cdn.yougov.com/1kbp8xdx49/econTabReport.pdf
2022-06-08,2021-03-25,2021-03-29,1,AP-NORC,,0,1.4275918,0.51653559,False,a,all,1166.0,35.0,34.0,24.0,7.0,30.914924,35.125878,24.565118,9.1887975,08:55:30 22 Apr 2021,https://apnorc.org/wp-content/uploads/2021/04/Voting-topline.pdf
2022-06-08,2021-03-25,2021-03-29,1,Global Strategy Group/GBAO (Navigator Research),B/C,0,1.0663024,0.39313168,False,rv,all,1002.0,26.0,33.0,25.0,16.5,22.40383,34.869499,25.031613,17.720083,08:55:30 22 Apr 2021,https://navigatorresearch.org/wp-content/uploads/2021/04/Navigator-Toplines-03.29.21.pdf
2022-06-08,2021-03-26,2021-03-28,1,LÃ©ger,B/C,0,0.71083968,0.25274644,False,a,all,1001.0,20.0,32.0,21.0,19.0,24.625142,32.263396,22.336962,16.41073,08:55:30 22 Apr 2021,https://2g2ckk18vixp3neolz4b6605-wpengine.netdna-ssl.com/wp-content/uploads/2021/03/Legers-North-American-Tracker-March-29th-2021-min.pdf
2022-06-08,2021-03-20,2021-03-23,1,YouGov,B+,0,0.84150251,0.17513375,False,a,all,1500.0,18.0,34.0,30.0,17.0,22.673872,32.032376,28.092027,16.485143,08:55:30 22 Apr 2021,https://docs.cdn.yougov.com/5v6z1pywv7/econTabReport.pdf
2022-06-08,2021-03-15,2021-03-21,1,Echelon Insights,B/C,0,1.1791907,0.13356625,False,rv,all,1008.0,35.0,28.0,32.0,,25.588797,31.939698,31.06269,,08:55:30 22 Apr 2021,https://echeloninsights.com/in-the-news/march-omnibus-covid/
2022-06-08,2021-03-12,2021-03-18,1,SSRS,C,0,1.1227596,0.08949533,False,a,all,1500.0,22.0,38.0,28.0,12.0,24.845069,35.404272,27.120734,13.107132,08:55:30 22 Apr 2021,https://www.washingtonpost.com/context/march-12-18-washington-post-university-of-maryland-national-sports-poll/0bc3be9a-c996-4bb9-8d4f-df1dbafbd38e/?itid=lk_inline_manual_2
2022-06-08,2021-03-12,2021-03-14,0,Harris Insights & Analytics,B+,0,0.89223789,0.89223789,False,a,all,1977.0,43.0,41.0,11.0,5.0,45.747119,38.435575,10.769418,3.8370374,08:55:27 22 Apr 2021,https://theharrispoll.com/wp-content/uploads/2021/03/Wave-55-Data-Tabs.pdf
2022-06-08,2021-03-12,2021-03-14,1,RMG Research,B-,0,1.194977,0.07793328,False,a,all,1000.0,62.0,,38.0,,55.055658,,36.260872,,08:55:30 22 Apr 2021,https://www.healthinsurance.com/learning-center/article/coronavirus-anniversary-survey
2022-06-08,2021-03-12,2021-03-14,1,LÃ©ger,B/C,0,0.72606753,0.03370405,False,a,all,1003.0,20.0,35.0,19.0,18.0,24.625142,35.263396,20.336962,15.41073,08:55:30 22 Apr 2021,https://2g2ckk18vixp3neolz4b6605-wpengine.netdna-ssl.com/wp-content/uploads/2021/03/Legers-North-American-Tracker-March-15th-2021-min.pdf
2022-06-08,2021-03-10,2021-03-13,1,YouGov,B+,0,1.2684066,0.05007913,False,a,all,2382.0,29.0,39.0,21.0,11.0,33.673872,37.032376,19.092027,10.485143,08:55:30 22 Apr 2021,https://drive.google.com/file/d/1fIZaAH0X45MazScguHAnitO4SsV_PdhR/view
2022-06-08,2021-03-06,2021-03-09,1,YouGov,B+,0,0.79975469,0.01565501,False,a,all,1500.0,22.0,35.0,25.0,18.0,26.673872,33.032376,23.092027,17.485143,08:55:30 22 Apr 2021,https://docs.cdn.yougov.com/pzzc3d0izz/econTabReport.pdf
2022-06-08,2021-03-05,2021-03-07,0,Harris Insights & Analytics,B+,0,0.75470557,0.67215965,False,a,all,1963.0,46.0,38.0,10.0,5.0,48.747119,35.435575,9.769418,3.8370374,08:55:27 22 Apr 2021,https://theharrispoll.com/wp-content/uploads/2021/03/Wave-54-Data-Tabs.pdf
2022-06-08,2021-03-05,2021-03-06,1,Ipsos,B-,0,0.8253704,0.01196189,False,a,all,521.0,27.0,45.0,20.0,8.0,26.53297,41.564427,21.429295,10.580933,08:55:30 22 Apr 2021,https://www.ipsos.com/sites/default/files/ct/news/documents/2021-03/topline_abc_ipsos_poll_030721.pdf
2022-06-08,2021-02-27,2021-03-02,1,YouGov,B+,0,0.813931,0.0,False,a,all,1500.0,23.0,35.0,26.0,16.0,27.673872,33.032376,24.092027,15.485143,08:55:30 22 Apr 2021,https://docs.cdn.yougov.com/t6j86u0k1g/econTabReport.pdf
2022-06-08,2021-03-02,2021-03-02,1,Data for Progress,B,0,1.1813451,0.0,False,a,all,963.0,31.17,33.4,20.47,12.56,30.589016,32.91953,21.490727,13.041963,08:55:30 22 Apr 2021,https://docs.google.com/spreadsheets/d/1zGGmAuDVWSRBN_AUpF2H2aY61INBCuETi7R6TJfS1vE/edit#gid=0
2022-06-08,2021-02-25,2021-03-01,1,AP-NORC,,0,1.628642,0.0,False,a,all,1434.0,31.0,36.0,24.0,9.0,26.914924,37.125878,24.565118,11.188798,08:55:30 22 Apr 2021,https://apnorc.org/wp-content/uploads/2021/03/Feb-2021-topline-final.pdf
2022-06-08,2021-02-25,2021-03-01,1,Monmouth University,A,0,1.4995266,0.0,False,a,all,802.0,40.0,28.0,14.0,16.0,33.495178,31.88722,17.203295,15.429047,08:55:30 22 Apr 2021,https://www.monmouth.edu/polling-institute/documents/monmouthpoll_us_030821.pdf/
2022-06-08,2021-02-26,2021-02-28,0,Harris Insights & Analytics,B+,0,0.6808784,0.53193625,False,a,all,2000.0,45.0,38.0,11.0,6.0,47.747119,35.435575,10.769418,4.8370374,08:55:27 22 Apr 2021,https://theharrispoll.com/wp-content/uploads/2021/03/Wave-53-Data-Tabs.pdf
2022-06-08,2021-02-26,2021-02-28,1,LÃ©ger,B/C,0,0.7220046,0.0,False,a,all,1002.0,22.0,32.0,17.0,17.0,26.625142,32.263396,18.336962,14.41073,08:55:30 22 Apr 2021,https://leger360.com/wp-content/uploads/2021/03/Legers-North-American-Tracker-March-1st-2021-min.pdf
2022-06-08,2021-02-19,2021-02-22,1,YouGov,B+,0,0.79564575,0.0,False,a,all,1500.0,23.0,35.0,25.0,17.0,27.673872,33.032376,23.092027,16.485143,08:55:30 22 Apr 2021,https://docs.cdn.yougov.com/imdk8zumh5/econTabReport.pdf
2022-06-08,2021-02-19,2021-02-21,0,Harris Insights & Analytics,B+,0,0.60887756,0.40908961,False,a,all,1961.0,47.0,38.0,11.0,4.0,49.747119,35.435575,10.769418,2.8370374,08:55:27 22 Apr 2021,https://theharrispoll.com/wp-content/uploads/2021/02/Wave-52-Data-Tabs.pdf
2022-06-08,2021-02-12,2021-02-18,1,Echelon Insights,B/C,0,1.0731614,0.0,False,rv,all,1005.0,50.0,29.0,20.0,,40.588797,32.939698,19.06269,,08:55:30 22 Apr 2021,https://echeloninsights.com/in-the-news/february-omnibus-covid/
2022-06-08,2021-02-13,2021-02-16,1,YouGov,B+,0,0.7513835,0.0,False,a,all,1500.0,24.0,37.0,24.0,16.0,28.673872,35.032376,22.092027,15.485143,08:55:30 22 Apr 2021,https://docs.cdn.yougov.com/3at75tb28w/econTabReport.pdf
2022-06-08,2021-02-12,2021-02-15,1,YouGov,B+,0,0.50125275,0.0,False,a,all,1000.0,35.0,34.0,14.0,11.0,39.673872,32.032376,12.092027,10.485143,08:55:30 22 Apr 2021,https://big.assets.huffingtonpost.com/athena/files/2021/02/19/60303c7cc5b66dfc101ead5e.pdf
2022-06-08,2021-02-12,2021-02-14,0,Harris Insights & Analytics,B+,0,0.58164841,0.32717723,False,a,all,1984.0,46.0,39.0,11.0,4.0,48.747119,36.435575,10.769418,2.8370374,08:55:27 22 Apr 2021,https://theharrispoll.com/wp-content/uploads/2021/02/Wave-51-Data-Tabs.pdf
2022-06-08,2021-02-12,2021-02-14,1,LÃ©ger,B/C,0,0.7230086,0.0,False,a,all,1002.0,25.0,33.0,16.0,15.0,29.625142,33.263396,17.336962,12.41073,08:55:30 22 Apr 2021,https://2g2ckk18vixp3neolz4b6605-wpengine.netdna-ssl.com/wp-content/uploads/2021/02/Legers-North-American-Tracker-February-15th-2021-min.pdf
2022-06-08,2021-02-06,2021-02-09,1,YouGov,B+,0,0.76456904,0.0,False,a,all,1500.0,26.0,35.0,23.0,16.0,30.673872,33.032376,21.092027,15.485143,08:55:30 22 Apr 2021,https://docs.cdn.yougov.com/rqqxdo2ujy/econTabReport.pdf
2022-06-08,2021-02-05,2021-02-07,0,Harris Insights & Analytics,B+,0,0.58126158,0.26338416,False,a,all,2043.0,50.0,35.0,10.0,5.0,52.747119,32.435575,9.769418,3.8370374,08:55:27 22 Apr 2021,https://theharrispoll.com/wp-content/uploads/2021/02/Wave-50-Data-Tabs.pdf
2022-06-08,2021-02-05,2021-02-07,1,YouGov,B+,0,0.5247886,0.0,False,a,all,1000.0,32.0,33.0,19.0,11.0,36.673872,31.032376,17.092027,10.485143,08:55:30 22 Apr 2021,https://big.assets.huffingtonpost.com/athena/files/2021/02/11/6025c47bc5b6741597e0e0f2.pdf
2022-06-08,2021-01-31,2021-02-02,1,YouGov,B+,0,0.84886885,0.0,False,a,all,1500.0,25.0,37.0,24.0,14.0,29.673872,35.032376,22.092027,13.485143,08:55:30 22 Apr 2021,https://docs.cdn.yougov.com/460mactkmh/econTabReport.pdf
2022-06-08,2021-02-02,2021-02-02,1,Data for Progress,B,0,1.2576648,0.0,False,a,all,1163.0,33.81,31.84,19.15,11.0,33.229016,31.35953,20.170727,11.481963,08:55:30 22 Apr 2021,https://docs.google.com/spreadsheets/d/1dmzc8DpmtpppErDUVQWbqO9WofnPnccC4fQz2vEWDww/edit#gid=0
2022-06-08,2021-01-29,2021-01-31,0,Harris Insights & Analytics,B+,0,0.57721585,0.19841795,False,a,all,2025.0,53.0,33.0,9.0,5.0,55.747119,30.435575,8.769418,3.8370374,08:55:27 22 Apr 2021,https://theharrispoll.com/wp-content/uploads/2021/02/Wave-49-Data-Tabs.pdf
2022-06-08,2021-01-29,2021-01-31,1,LÃ©ger,B/C,0,0.72006002,0.0,False,a,all,1000.0,22.0,33.0,18.0,16.0,26.625142,33.263396,19.336962,13.41073,08:55:30 22 Apr 2021,https://2g2ckk18vixp3neolz4b6605-wpengine.netdna-ssl.com/wp-content/uploads/2021/02/Legers-North-American-Tracker-February-1st-2021-min.pdf
2022-06-08,2021-01-20,2021-01-26,1,Echelon Insights,B/C,0,1.0949251,0.0,False,rv,all,1006.0,52.0,25.0,20.0,,42.588797,28.939698,19.06269,,08:55:30 22 Apr 2021,https://echeloninsights.com/in-the-news/january-omnibus-covid-19-updates/
2022-06-08,2021-01-22,2021-01-25,0,Harris Insights & Analytics,B+,0,0.57987472,0.14496868,False,a,all,1956.0,53.0,33.0,10.0,4.0,55.747119,30.435575,9.769418,2.8370374,08:55:27 22 Apr 2021,https://theharrispoll.com/wp-content/uploads/2021/01/Wave-48-Data-Tabs.pdf
2022-06-08,2021-01-15,2021-01-25,1,Langer Research Associates,,0,1.0085287,0.0,False,a,all,1853.0,19.0,41.0,23.0,9.0,24.443633,38.088941,21.278418,10.068244,08:55:30 22 Apr 2021,https://static1.squarespace.com/static/5f85f5a156091e113f96e4d3/t/6021a2c61a0f1569148a814d/1612817094461/COVID+Collaborative+Vaccine+Tracking_W1+Report.pdf
2022-06-08,2021-01-21,2021-01-24,1,Monmouth University,A,0,1.5105324,0.0,False,a,all,809.0,60.0,19.0,12.0,7.0,53.495178,22.88722,15.203295,6.4290467,08:55:30 22 Apr 2021,https://www.monmouth.edu/polling-institute/reports/MonmouthPoll_US_020321/
2022-06-08,2021-01-19,2021-01-20,0,Rasmussen Reports/Pulse Opinion Research,B,0,1.3914067,0.26088875,False,a,all,1000.0,60.0,26.0,10.0,3.0,58.635135,27.320094,9.8773478,3.0611801,08:55:27 22 Apr 2021,https://www.rasmussenreports.com/platinum/econ_crosstabs/january_2021/crosstabs_covid_unemployment_january_19_20_2021
2022-06-08,2021-01-16,2021-01-19,1,YouGov,B+,0,0.8599896,0.0,False,a,all,1500.0,22.0,40.0,21.0,16.0,26.673872,38.032376,19.092027,15.485143,08:55:30 22 Apr 2021,https://docs.cdn.yougov.com/4k61xul7y7/econTabReport.pdf
2022-06-08,2021-01-15,2021-01-17,0,Harris Insights & Analytics,B+,0,0.64316856,0.08039607,False,a,all,1960.0,52.0,34.0,9.0,5.0,54.747119,31.435575,8.769418,3.8370374,08:55:27 22 Apr 2021,https://theharrispoll.com/wp-content/uploads/2021/01/Wave-47-Data-Tabs.pdf
2022-06-08,2021-01-15,2021-01-17,1,LÃ©ger,B/C,0,0.73042464,0.0,False,a,all,1003.0,28.0,32.0,16.0,15.0,32.625142,32.263396,17.336962,12.41073,08:55:30 22 Apr 2021,https://leger360.com/wp-content/uploads/2021/01/Legers-North-American-Tracker-January-18th-2021-min.pdf?x16723
2022-06-08,2021-01-13,2021-01-15,1,YouGov,B+,0,1.2498143,0.0,False,a,all,2166.0,34.0,35.0,19.0,12.0,38.673872,33.032376,17.092027,11.485143,08:55:30 22 Apr 2021,https://drive.google.com/file/d/1H3uFRD7X0QttkZ26bccmlQVkbS-63uGj/view
2022-06-08,2021-01-10,2021-01-13,1,ABC News/The Washington Post,A+,0,1.9810963,0.0,False,a,all,1002.0,30.0,31.0,14.0,16.0,32.987827,31.011195,14.162259,14.328951,08:55:30 22 Apr 2021,https://www.washingtonpost.com/context/jan-10-13-2021-washington-post-abc-news-poll/ab470cba-8e05-4692-af78-4949613740cc/
2022-06-08,2021-01-13,2021-01-13,1,Data for Progress,B,0,1.083543,0.0,False,a,all,946.0,33.09,36.55,14.92,12.78,32.509016,36.06953,15.940727,13.261963,08:55:30 22 Apr 2021,https://docs.google.com/spreadsheets/d/1cIEEkzroSXxbD_ZzGK11C47wR7M_2FvaudZD3NOih4U/edit#gid=0
2022-06-08,2021-01-10,2021-01-12,1,YouGov,B+,0,0.90329974,0.0,False,a,all,1500.0,22.0,40.0,22.0,16.0,26.673872,38.032376,20.092027,15.485143,08:55:30 22 Apr 2021,https://docs.cdn.yougov.com/4yijjbkc2z/econTabReport.pdf
2022-06-08,2021-01-08,2021-01-10,0,Harris Insights & Analytics,B+,0,0.74267158,0.01160424,False,a,all,1951.0,50.0,34.0,11.0,5.0,52.747119,31.435575,10.769418,3.8370374,08:55:27 22 Apr 2021,https://theharrispoll.com/wp-content/uploads/2021/01/Wave-46-Data-Tabs.pdf
2022-06-08,2021-01-08,2021-01-10,0,Morning Consult,B,0,0.93009477,0.01453273,False,a,all,2200.0,58.0,27.0,5.0,3.0,54.675954,30.575784,8.5951792,3.6301942,08:55:27 22 Apr 2021,https://assets.morningconsult.com/wp-uploads/2021/01/11130718/210120_crosstabs_CORONAVIRUS_CONTENT_Adults_v1_LM.pdf
2022-06-08,2020-12-30,2021-01-03,1,LÃ©ger,B/C,0,0.78915977,0.0,False,a,all,1003.0,25.0,33.0,17.0,15.0,29.625142,33.263396,18.336962,12.41073,08:55:30 22 Apr 2021,https://leger360.com/wp-content/uploads/2021/01/Legers-North-American-Tracker-January-4th-2021-min.pdf?x16723
2022-06-08,2020-12-31,2021-01-02,0,Morning Consult,B,0,0.74786659,0.0,False,a,all,2200.0,59.0,28.0,5.0,2.0,55.675954,31.575784,8.5951792,2.6301942,08:55:27 22 Apr 2021,https://assets.morningconsult.com/wp-uploads/2021/01/04133440/2012121_crosstabs_CORONAVIRUS_CONTENT_Adults_v1_LM.pdf
2022-06-08,2020-12-28,2020-12-30,0,Harris Insights & Analytics,B+,0,0.82291234,0.0,False,a,all,1967.0,53.0,33.0,10.0,4.0,55.747119,30.435575,9.769418,2.8370374,08:55:27 22 Apr 2021,https://theharrispoll.com/wp-content/uploads/2021/01/Wave-44-Data-Tabs.pdf
2022-06-08,2020-12-24,2020-12-26,0,Morning Consult,B,0,0.69079479,0.0,False,a,all,2201.0,61.0,26.0,5.0,2.0,57.675954,29.575784,8.5951792,2.6301942,08:55:27 22 Apr 2021,https://assets.morningconsult.com/wp-uploads/2020/12/21144114/201296_crosstabs_CORONAVIRUS_CONTENT_Adults_v1_LM.pdf
2022-06-08,2020-12-19,2020-12-22,1,YouGov,B+,0,1.1240119,0.0,False,a,all,1500.0,26.0,35.0,25.0,14.0,30.673872,33.032376,23.092027,13.485143,08:55:30 22 Apr 2021,https://docs.cdn.yougov.com/df1m5n9hgq/econTabReport.pdf
2022-06-08,2020-12-20,2020-12-21,1,Long Island University,B/C,0,1.2624027,0.0,False,a,all,1611.0,47.0,33.0,13.0,5.0,42.670084,33.381353,15.009341,7.256187,08:55:30 22 Apr 2021,https://headlines.liu.edu/wp-content/uploads/2020/12/Long-Island-University-Hornstein-Center-National-Poll-Topline-Press-Release-12-23-2020.pdf
2022-06-08,2020-12-18,2020-12-20,0,Harris Insights & Analytics,B+,0,0.82764292,0.0,False,a,all,2028.0,49.0,34.0,11.0,5.0,51.747119,31.435575,10.769418,3.8370374,08:55:27 22 Apr 2021,https://theharrispoll.com/wp-content/uploads/2020/12/Wave-43-Data-Tabs.pdf
2022-06-08,2020-12-17,2020-12-19,0,Morning Consult,B,0,0.68337405,0.0,False,a,all,2201.0,57.0,29.0,5.0,3.0,53.675954,32.575784,8.5951792,3.6301942,08:55:27 22 Apr 2021,https://assets.morningconsult.com/wp-uploads/2020/12/21144114/201296_crosstabs_CORONAVIRUS_CONTENT_Adults_v1_LM.pdf
2022-06-08,2020-12-11,2020-12-17,1,Echelon Insights,B/C,0,1.1142946,0.0,False,rv,all,1000.0,45.0,28.0,26.0,,35.588797,31.939698,25.06269,,08:55:30 22 Apr 2021,https://echeloninsights.com/in-the-news/december-omnibus-covid-19/
2022-06-08,2020-12-13,2020-12-15,1,YouGov,B+,0,1.0730787,0.0,False,a,all,1500.0,26.0,38.0,23.0,13.0,30.673872,36.032376,21.092027,12.485143,08:55:30 22 Apr 2021,https://docs.cdn.yougov.com/srb1xo6a05/econTabReport.pdf
2022-06-08,2020-12-15,2020-12-15,1,Data for Progress,B,0,1.3569136,0.0,False,a,all,1122.0,35.51,34.4,18.21,10.54,34.929016,33.91953,19.230727,11.021963,08:55:30 22 Apr 2021,https://docs.google.com/spreadsheets/d/1xfWX85C4TLZfb3Og3NaOMpTUY5d3KCs-PMU3g1lQYyk/edit#gid=0
2022-06-08,2020-12-11,2020-12-14,0,Ipsos,B-,0,0.89718548,0.0,False,a,all,1009.0,48.0,36.0,10.0,3.0,48.722716,35.541178,9.9946578,2.608299,08:55:27 22 Apr 2021,https://www.ipsos.com/sites/default/files/ct/news/documents/2020-12/topline-axios-wave-33.pdf
2022-06-08,2020-12-11,2020-12-13,0,Harris Insights & Analytics,B+,0,0.79086196,0.0,False,a,all,2002.0,48.0,36.0,10.0,6.0,50.747119,33.435575,9.769418,4.8370374,08:55:27 22 Apr 2021,https://theharrispoll.com/wp-content/uploads/2020/12/Wave-42-Data-Tabs.pdf
2022-06-08,2020-12-11,2020-12-13,1,LÃ©ger,B/C,0,0.76392291,0.0,False,a,all,1001.0,25.0,34.0,17.0,18.0,29.625142,34.263396,18.336962,15.41073,08:55:30 22 Apr 2021,https://leger360.com/wp-content/uploads/2020/12/Legers-North-American-Tracker-December-14th-2020-min.pdf?x43558
2022-06-08,2020-11-30,2020-12-08,1,Kaiser Family Foundation,,0,2.3341692,0.0,False,a,all,1676.0,30.0,38.0,15.0,14.0,30.541478,39.69394,16.257786,11.599986,08:55:30 22 Apr 2021,http://files.kff.org/attachment/Topline-KFF-COVID-19-Vaccine-Monitor-December-2020.pdf
2022-06-08,2020-12-06,2020-12-08,1,YouGov,B+,0,1.0634884,0.0,False,a,all,1500.0,25.0,37.0,26.0,12.0,29.673872,35.032376,24.092027,11.485143,08:55:30 22 Apr 2021,https://docs.cdn.yougov.com/16pm5nhx8r/econTabReport.pdf
2022-06-08,2020-12-04,2020-12-07,0,Ipsos,B-,0,0.9716298,0.0,False,a,all,1101.0,52.0,34.0,10.0,3.0,52.722716,33.541178,9.9946578,2.608299,08:55:27 22 Apr 2021,https://www.ipsos.com/sites/default/files/ct/news/documents/2020-12/topline-axios-wave-32.pdf
2022-06-08,2020-12-01,2020-12-07,1,Quinnipiac University,A-,0,1.5630783,0.0,False,rv,all,978.0,46.0,31.0,13.0,10.0,40.717899,32.326989,16.201826,10.41204,08:55:30 22 Apr 2021,https://poll.qu.edu/national/release-detail?ReleaseID=3684
2022-06-08,2020-12-03,2020-12-07,1,AP-NORC,,0,1.5012477,0.0,False,a,all,1117.0,43.0,34.0,16.0,8.0,38.914924,35.125878,16.565118,10.188798,08:55:30 22 Apr 2021,https://apnorc.org/wp-content/uploads/2020/12/topline_vaccine.pdf
2022-06-08,2020-12-04,2020-12-06,0,Harris Insights & Analytics,B+,0,0.7668397,0.0,False,a,all,1994.0,51.0,34.0,10.0,6.0,53.747119,31.435575,9.769418,4.8370374,08:55:27 22 Apr 2021,https://theharrispoll.com/wp-content/uploads/2020/12/Wave-41-Data-Tabs.pdf
2022-06-08,2020-12-04,2020-12-06,0,Morning Consult,B,0,0.68645558,0.0,False,a,all,2200.0,63.0,25.0,4.0,2.0,59.675954,28.575784,7.5951792,2.6301942,08:55:27 22 Apr 2021,https://assets.morningconsult.com/wp-uploads/2020/12/07133951/201213_crosstabs_CORONAVIRUS_CONTENT_Adults_v1_LM-1.pdf
2022-06-08,2020-11-30,2020-12-02,0,Harris Insights & Analytics,B+,0,0.77161041,0.0,False,a,all,1980.0,50.0,35.0,9.0,6.0,52.747119,32.435575,8.769418,4.8370374,08:55:27 22 Apr 2021,https://theharrispoll.com/wp-content/uploads/2020/12/Wave-40-Data-Tabs.pdf
2022-06-08,2020-11-26,2020-11-29,0,Morning Consult,B,0,0.65346367,0.0,False,a,all,2200.0,61.0,23.0,5.0,2.0,57.675954,26.575784,8.5951792,2.6301942,08:55:27 22 Apr 2021,https://assets.morningconsult.com/wp-uploads/2020/11/30105909/2011106_crosstabs_CORONAVIRUS_CONTENT_Adults_v1_LM.pdf
2022-06-08,2020-11-27,2020-11-29,1,LÃ©ger,B/C,0,0.6578895,0.0,False,a,all,1002.0,26.0,31.0,18.0,17.0,30.625142,31.263396,19.336962,14.41073,08:55:30 22 Apr 2021,https://leger360.com/wp-content/uploads/2020/11/Legers-North-American-Tracker-November-30th-2020-min.pdf
2022-06-08,2020-11-21,2020-11-24,1,YouGov,B+,0,1.0606281,0.0,False,rv,all,1500.0,25.0,38.0,23.0,14.0,29.673872,36.032376,21.092027,13.485143,08:55:30 22 Apr 2021,https://docs.cdn.yougov.com/jy5um9f1tw/econTabReport.pdf
2022-06-08,2020-11-19,2020-11-23,0,Morning Consult,B,0,0.62710585,0.0,False,a,all,2200.0,60.0,27.0,4.0,2.0,56.675954,30.575784,7.5951792,2.6301942,08:55:27 22 Apr 2021,https://assets.morningconsult.com/wp-uploads/2020/11/24152942/201193_crosstabs_CORONAVIRUS_CONTENT_Adults_v1_LM-1.pdf
2022-06-08,2020-11-20,2020-11-22,1,Maru/Blue,,0,0.95743053,0.0,False,a,all,1513.0,36.0,39.0,17.0,8.0,35.282931,37.574937,17.622657,9.4104648,08:55:30 22 Apr 2021,https://static1.squarespace.com/static/5a5d2933a8b2b0f49d244724/t/5fbd8ff2804a27108d78681a/1606258674732/Omnibus+Thanksgiving+Travel.pdf
2022-06-08,2020-11-19,2020-11-21,0,Harris Insights & Analytics,B+,0,0.85359941,0.0,False,a,all,2042.0,51.0,33.0,12.0,5.0,53.747119,30.435575,11.769418,3.8370374,08:55:27 22 Apr 2021,https://theharrispoll.com/wp-content/uploads/2020/11/wave_39.pdf
2022-06-08,2020-11-16,2020-11-20,1,Echelon Insights,B/C,0,1.0856218,0.0,False,lv,all,1001.0,47.0,28.0,23.0,,37.588797,31.939698,22.06269,,08:55:30 22 Apr 2021,https://echeloninsights.com/in-the-news/november-omnibus-covid-19/
2022-06-08,2020-11-13,2020-11-16,1,YouGov,B+,0,0.63073487,0.0,False,rv,all,1000.0,38.0,31.0,17.0,12.0,42.673872,29.032376,15.092027,11.485143,08:55:30 22 Apr 2021,https://docs.cdn.yougov.com/41uyvwxit7/tabs_HP_Coronavirus_20201113.pdf
2022-06-08,2020-11-13,2020-11-15,1,LÃ©ger,B/C,0,0.60228375,0.0,False,a,all,1003.0,25.0,34.0,16.0,16.0,29.625142,34.263396,17.336962,13.41073,08:55:30 22 Apr 2021,https://leger360.com/wp-content/uploads/2020/11/Legers-Weekly-Survey-November-16th-2020-min.pdf
2022-06-08,2020-11-12,2020-11-14,0,Morning Consult,B,0,0.63024702,0.0,False,a,all,2200.0,58.0,28.0,4.0,3.0,54.675954,31.575784,7.5951792,3.6301942,08:55:27 22 Apr 2021,https://assets.morningconsult.com/wp-uploads/2020/11/16124949/201144_crosstabs_CORONAVIRUS_CONTENT_Adults_v1_LM.pdf
2022-06-08,2020-11-11,2020-11-13,0,Harris Insights & Analytics,B+,0,0.81479641,0.0,False,a,all,1963.0,51.0,34.0,10.0,4.0,53.747119,31.435575,9.769418,2.8370374,08:55:27 22 Apr 2021,https://theharrispoll.com/wp-content/uploads/2020/11/Wave-38-Data-Tabs.pdf
2022-06-08,2020-11-08,2020-11-10,1,YouGov,B+,0,0.81139824,0.0,False,rv,all,1500.0,23.0,36.0,23.0,18.0,27.673872,34.032376,21.092027,17.485143,08:55:30 22 Apr 2021,https://docs.cdn.yougov.com/9j7sr0my95/econTabReport.pdf
2022-06-08,2020-11-06,2020-11-09,0,Morning Consult,B,0,0.6383125,0.0,False,a,all,2200.0,57.0,28.0,4.0,3.0,53.675954,31.575784,7.5951792,3.6301942,08:55:27 22 Apr 2021,https://assets.morningconsult.com/wp-uploads/2020/11/10112538/201117_crosstabs_CORONAVIRUS_CONTENT_Adults_v1_LM.pdf
2022-06-08,2020-11-06,2020-11-08,1,LÃ©ger,B/C,0,0.57587986,0.0,False,a,all,1002.0,25.0,35.0,17.0,17.0,29.625142,35.263396,18.336962,14.41073,08:55:30 22 Apr 2021,https://leger360.com/wp-content/uploads/2020/11/Legers-Weekly-Survey-November-9th-2020-min-2.pdf
2022-06-08,2020-11-05,2020-11-07,0,Harris Insights & Analytics,B+,0,0.78543093,0.0,False,a,all,1983.0,45.0,37.0,11.0,7.0,47.747119,34.435575,10.769418,5.8370374,08:55:27 22 Apr 2021,https://theharrispoll.com/wp-content/uploads/2020/11/Wave-37_Banners.pdf
2022-06-08,2020-10-31,2020-11-02,1,YouGov,B+,0,0.66661278,0.0,False,rv,all,1500.0,24.0,38.0,24.0,14.0,28.673872,36.032376,22.092027,13.485143,08:55:30 22 Apr 2021,https://docs.cdn.yougov.com/jsojry0vph/econTabReport.pdf
2022-06-08,2020-10-26,2020-11-01,0,SurveyMonkey,C,0,0.74801387,0.0,False,a,all,91214.0,60.0,29.0,7.0,3.0,55.087496,31.440398,8.575088,3.3871104,08:55:27 22 Apr 2021,https://www.surveymonkey.com/curiosity/nbc-poll-covid-oct25/
2022-06-08,2020-10-30,2020-11-01,1,YouGov,B+,0,0.65300772,0.0,False,rv,all,1500.0,30.0,35.0,19.0,15.0,34.673872,33.032376,17.092027,14.485143,08:55:30 22 Apr 2021,https://docs.cdn.yougov.com/9uv1pif4fj/20201101_yahoo_coronavirus_tabs.pdf
2022-06-08,2020-10-29,2020-10-31,0,Morning Consult,B,0,0.66830935,0.0,False,a,all,2200.0,57.0,29.0,5.0,3.0,53.675954,32.575784,8.5951792,3.6301942,08:55:27 22 Apr 2021,https://assets.morningconsult.com/wp-uploads/2020/11/02141747/2010155_crosstabs_CORONAVIRUS_CONTENT_Adults_v1_LM.pdf
2022-06-08,2020-10-29,2020-10-31,0,Harris Insights & Analytics,B+,0,0.78019112,0.0,False,a,all,1954.0,52.0,33.0,11.0,5.0,54.747119,30.435575,10.769418,3.8370374,08:55:27 22 Apr 2021,https://theharrispoll.com/wp-content/uploads/2020/11/Wave-36-tabs.pdf
2022-06-08,2020-10-23,2020-10-27,1,YouGov,B+,0,0.41040294,0.0,False,rv,all,1000.0,34.0,33.0,20.0,11.0,38.673872,31.032376,18.092027,10.485143,08:55:30 22 Apr 2021,https://big.assets.huffingtonpost.com/athena/files/2020/10/28/5f99eeb3c5b6aab57a0f1a0e.pdf
2022-06-08,2020-10-25,2020-10-27,1,YouGov,B+,0,0.62060622,0.0,False,rv,all,1500.0,26.0,37.0,23.0,14.0,30.673872,35.032376,21.092027,13.485143,08:55:30 22 Apr 2021,https://docs.cdn.yougov.com/1ace2lgidt/econTabReport.pdf
2022-06-08,2020-10-19,2020-10-25,0,SurveyMonkey,C,0,0.50061371,0.0,False,a,all,73903.0,61.0,29.0,7.0,3.0,56.087496,31.440398,8.575088,3.3871104,08:55:27 22 Apr 2021,https://www.surveymonkey.com/curiosity/nbc-poll-covid-oct25/
2022-06-08,2020-10-23,2020-10-25,0,Morning Consult,B,0,0.7372208,0.0,False,a,all,2200.0,57.0,28.0,4.0,4.0,53.675954,31.575784,7.5951792,4.6301942,08:55:27 22 Apr 2021,https://assets.morningconsult.com/wp-uploads/2020/10/26131953/2010127_crosstabs_CORONAVIRUS_CONTENT_Adults_v1_LM.pdf
2022-06-08,2020-10-23,2020-10-25,1,LÃ©ger,B/C,0,0.53689047,0.0,False,a,all,1000.0,28.0,35.0,18.0,14.0,32.625142,35.263396,19.336962,11.41073,08:55:30 22 Apr 2021,https://leger360.com/wp-content/uploads/2020/10/Legers-Weekly-Survey-October-19th-2020-min.pdf
2022-06-08,2020-10-22,2020-10-24,0,Harris Insights & Analytics,B+,0,0.84011994,0.0,False,a,all,2050.0,47.0,37.0,10.0,6.0,49.747119,34.435575,9.769418,4.8370374,08:55:27 22 Apr 2021,https://theharrispoll.com/wp-content/uploads/2020/10/Wave35.pdf
2022-06-08,2020-10-23,2020-10-24,1,Ipsos,B-,0,0.77870226,0.0,False,a,all,551.0,36.0,41.0,15.0,7.0,35.53297,37.564427,16.429295,9.5809333,08:55:30 22 Apr 2021,https://www.ipsos.com/sites/default/files/ct/news/documents/2020-10/topline-abc-coronavirus-_10_25_20.pdf
2022-06-08,2020-10-16,2020-10-22,1,Echelon Insights,B/C,0,1.0953076,0.0,False,lv,all,1006.0,49.0,27.0,23.0,,39.588797,30.939698,22.06269,,08:55:30 22 Apr 2021,https://echeloninsights.com/in-the-news/october-omnibus-covid-19/
2022-06-08,2020-10-18,2020-10-20,1,YouGov,B+,0,0.59838383,0.0,False,rv,all,1500.0,24.0,38.0,21.0,17.0,28.673872,36.032376,19.092027,16.485143,08:55:30 22 Apr 2021,https://docs.cdn.yougov.com/hxop5lpnlj/econTabReport.pdf
2022-06-08,2020-10-20,2020-10-20,1,Data for Progress,B,0,1.1327074,0.0,False,a,all,1054.0,34.45,37.32,17.73,9.73,33.869016,36.83953,18.750727,10.211963,08:55:30 22 Apr 2021,https://docs.google.com/spreadsheets/d/1hfiWh6LDyascRtAh0b6ZXgOSfZDXNHNGUOOxf2DhZas/edit#gid=0
2022-06-08,2020-10-12,2020-10-18,0,SurveyMonkey,C,0,0.51314382,0.0,False,a,all,78524.0,61.0,29.0,7.0,2.0,56.087496,31.440398,8.575088,2.3871104,08:55:27 22 Apr 2021,https://www.surveymonkey.com/curiosity/nbc-poll-covid-oct18/
2022-06-08,2020-10-16,2020-10-18,1,LÃ©ger,B/C,0,0.4841411,0.0,False,a,all,1001.0,26.0,36.0,20.0,14.0,30.625142,36.263396,21.336962,11.41073,08:55:30 22 Apr 2021,https://leger360.com/wp-content/uploads/2020/10/Legers-Weekly-Survey-October-19th-2020-min.pdf
2022-06-08,2020-10-16,2020-10-18,1,YouGov,B+,0,0.62915829,0.0,False,rv,all,1583.0,24.0,39.0,22.0,15.0,28.673872,37.032376,20.092027,14.485143,08:55:30 22 Apr 2021,https://docs.cdn.yougov.com/77ukszgou2/20201019_yahoo_tabs.pdf
2022-06-08,2020-10-15,2020-10-17,0,Harris Insights & Analytics,B+,0,0.82346487,0.0,False,a,all,2015.0,47.0,39.0,10.0,5.0,49.747119,36.435575,9.769418,3.8370374,08:55:27 22 Apr 2021,https://theharrispoll.com/wp-content/uploads/2020/10/wave-34_tabs.pdf
2022-06-08,2020-10-11,2020-10-13,1,YouGov,B+,0,0.58886845,0.0,False,rv,all,1500.0,21.0,42.0,24.0,14.0,25.673872,40.032376,22.092027,13.485143,08:55:30 22 Apr 2021,https://docs.cdn.yougov.com/1ace2lgidt/econTabReport.pdf
2022-06-08,2020-10-07,2020-10-12,1,Kaiser Family Foundation,,0,1.8882731,0.0,False,a,all,1207.0,35.0,31.0,18.0,12.0,35.541478,32.69394,19.257786,9.5999862,08:55:30 22 Apr 2021,http://files.kff.org/attachment/Topline-KFF-Health-Tracking-Poll-October-2020.pdf
2022-06-08,2020-10-08,2020-10-12,1,AP-NORC,,0,1.4066615,0.0,False,a,all,1121.0,42.0,32.0,18.0,8.0,37.914924,33.125878,18.565118,10.188798,08:55:30 22 Apr 2021,https://apnorc.org/wp-content/uploads/2020/12/topline_vaccine.pdf
2022-06-08,2020-10-05,2020-10-11,0,SurveyMonkey,C,0,0.46510909,0.0,False,a,all,66877.0,62.0,28.0,7.0,3.0,57.087496,30.440398,8.575088,3.3871104,08:55:27 22 Apr 2021,https://www.surveymonkey.com/curiosity/nbc-poll-covid-oct11/
2022-06-08,2020-10-09,2020-10-11,1,LÃ©ger,B/C,0,0.46423533,0.0,False,a,all,1001.0,23.0,37.0,17.0,16.0,27.625142,37.263396,18.336962,13.41073,08:55:30 22 Apr 2021,https://leger360.com/wp-content/uploads/2020/10/Legers-Weekly-Survey-October-13th-2020.pdf
2022-06-08,2020-10-09,2020-10-11,1,YouGov,B+,0,0.60386664,0.0,False,rv,all,1525.0,23.0,41.0,21.0,15.0,27.673872,39.032376,19.092027,14.485143,08:55:30 22 Apr 2021,https://docs.cdn.yougov.com/7h9ohi94io/20201011_yahoo_coronavirus_tabs.pdf
2022-06-08,2020-10-08,2020-10-10,0,Harris Insights & Analytics,B+,0,0.83776726,0.0,False,a,all,2050.0,50.0,35.0,10.0,4.0,52.747119,32.435575,9.769418,2.8370374,08:55:27 22 Apr 2021,https://theharrispoll.com/wp-content/uploads/2020/10/wave-34_tabs.pdf
2022-06-08,2020-10-08,2020-10-10,0,Morning Consult,B,0,0.6443126,0.0,False,a,all,2200.0,59.0,27.0,5.0,3.0,55.675954,30.575784,8.5951792,3.6301942,08:55:27 22 Apr 2021,https://assets.morningconsult.com/wp-uploads/2020/10/12135446/201033_crosstabs_CORONAVIRUS_CONTENT_Adults_v1_YW.pdf
2022-06-08,2020-10-06,2020-10-09,1,ABC News/The Washington Post,A+,0,1.671793,0.0,False,rv,all,879.0,29.0,36.0,15.0,12.0,31.987827,36.011195,15.162259,10.328951,08:55:30 22 Apr 2021,https://www.langerresearch.com//wp-content//uploads//1218a12020ElectionUpdate.pdf
2022-06-08,2020-10-06,2020-10-06,1,Data for Progress,B,0,1.0779519,0.0,False,a,all,1079.0,39.47,32.58,16.97,10.69,38.889016,32.09953,17.990727,11.171963,08:55:30 22 Apr 2021,https://docs.google.com/spreadsheets/d/1dGGzVgmSaesL4N8JeM07YIfMsT_BJ1yflf-29y_ejcQ/edit#gid=0
2022-06-08,2020-09-28,2020-10-04,0,SurveyMonkey,C,0,0.39499287,0.0,False,a,all,50146.0,61.0,29.0,7.0,3.0,56.087496,31.440398,8.575088,3.3871104,08:55:27 22 Apr 2021,https://www.surveymonkey.com/curiosity/nbc-poll-covid-oct4/
2022-06-08,2020-10-01,2020-10-04,0,Morning Consult,B,0,0.55906133,0.0,False,a,all,2200.0,58.0,26.0,5.0,3.0,54.675954,29.575784,8.5951792,3.6301942,08:55:27 22 Apr 2021,https://assets.morningconsult.com/wp-uploads/2020/10/05133150/2009146_crosstabs_CORONAVIRUS_CONTENT_Adults_v2_JB.pdf
2022-06-08,2020-10-02,2020-10-04,1,LÃ©ger,B/C,0,0.45473113,0.0,False,a,all,1001.0,24.0,36.0,20.0,15.0,28.625142,36.263396,21.336962,12.41073,08:55:30 22 Apr 2021,https://leger360.com/wp-content/uploads/2020/10/Legers-Weekly-Survey-October-5th-2020.pdf
2022-06-08,2020-10-01,2020-10-03,0,Harris Insights & Analytics,B+,0,0.81187285,0.0,False,a,all,1976.0,47.0,37.0,11.0,6.0,49.747119,34.435575,10.769418,4.8370374,08:55:27 22 Apr 2021,https://theharrispoll.com/wp-content/uploads/2020/10/wave-34_tabs.pdf
2022-06-08,2020-10-02,2020-10-03,0,Morning Consult,B,0,0.25411879,0.0,False,a,all,1000.0,53.0,32.0,6.0,4.0,49.675954,35.575784,9.5951792,4.6301942,08:55:27 22 Apr 2021,https://morningconsult.com/form/reaction-poll-trump-covid/
2022-06-08,2020-10-02,2020-10-03,1,YouGov,B+,0,0.47748797,0.0,False,rv,all,1200.0,22.0,39.0,26.0,13.0,26.673872,37.032376,24.092027,12.485143,08:55:30 22 Apr 2021,https://docs.cdn.yougov.com/y0zw7c7mm7/20201003_yahoo_coronavirus_tabs.pdf
2022-06-08,2020-10-02,2020-10-03,1,Ipsos,B-,0,0.63354988,0.0,False,a,all,506.0,37.0,44.0,13.0,6.0,36.53297,40.564427,14.429295,8.5809333,08:55:30 22 Apr 2021,https://www.ipsos.com/sites/default/files/ct/news/documents/2020-10/topline-abc-trump-covid-positive-2020.pdf
2022-06-08,2020-10-02,2020-10-02,0,Morning Consult,B,0,0.25411879,0.0,False,a,all,1000.0,55.0,30.0,6.0,2.0,51.675954,33.575784,9.5951792,2.6301942,08:55:27 22 Apr 2021,https://morningconsult.com/form/reaction-poll-trump-covid/
2022-06-08,2020-10-01,2020-10-02,1,YouGov,B+,0,0.59812963,0.0,False,rv,all,1504.0,20.0,35.0,28.0,17.0,24.673872,33.032376,26.092027,16.485143,08:55:30 22 Apr 2021,https://docs.cdn.yougov.com/qmlxn6ghki/20201002_yahoo_coronavirus_tabs.pdf
2022-06-08,2020-09-27,2020-09-30,1,YouGov,B+,0,0.60635103,0.0,False,rv,all,1500.0,20.0,41.0,25.0,15.0,24.673872,39.032376,23.092027,14.485143,08:55:30 22 Apr 2021,https://docs.cdn.yougov.com/9k0tqsqgue/econTabReport.pdf
2022-06-08,2020-09-21,2020-09-27,0,SurveyMonkey,C,0,0.43321524,0.0,False,a,all,48241.0,59.0,29.0,7.0,3.0,54.087496,31.440398,8.575088,3.3871104,08:55:27 22 Apr 2021,https://www.surveymonkey.com/curiosity/nbc-poll-covid-sept27/
2022-06-08,2020-09-25,2020-09-27,0,Morning Consult,B,0,0.5723552,0.0,False,a,all,2200.0,53.0,31.0,7.0,2.0,49.675954,34.575784,10.595179,2.6301942,08:55:27 22 Apr 2021,https://assets.morningconsult.com/wp-uploads/2020/09/28123730/2009107_crosstabs_CORONAVIRUS_CONTENT_Adults_v2_JB.pdf
2022-06-08,2020-09-25,2020-09-27,1,LÃ©ger,B/C,0,0.45019443,0.0,False,a,all,1001.0,26.0,33.0,21.0,16.0,30.625142,33.263396,22.336962,13.41073,08:55:30 22 Apr 2021,https://leger360.com/wp-content/uploads/2020/09/Legers-Weekly-Survey-September-28th-2020-min.pdf
2022-06-08,2020-09-24,2020-09-26,0,Harris Insights & Analytics,B+,0,0.81195268,0.0,False,a,all,1971.0,52.0,35.0,9.0,4.0,54.747119,32.435575,8.769418,2.8370374,08:55:27 22 Apr 2021,https://theharrispoll.com/wp-content/uploads/2020/09/Wave-31_Banner-3.pdf
2022-06-08,2020-09-19,2020-09-25,1,Echelon Insights,B/C,0,1.1257602,0.0,False,lv,all,1018.0,49.0,26.0,24.0,1.0,39.588797,29.939698,23.06269,6.7525087,08:55:30 22 Apr 2021,https://echeloninsights.com/in-the-news/september-omnibus-covid/
2022-06-08,2020-09-21,2020-09-24,1,ABC News/The Washington Post,A+,0,1.8877974,0.0,False,a,all,1008.0,29.0,33.0,18.0,15.0,31.987827,33.011195,18.162259,13.328951,08:55:30 22 Apr 2021,https://www.langerresearch.com/wp-content/uploads/1217a2The2020Election.pdf
2022-06-08,2020-09-21,2020-09-23,1,YouGov,B+,0,0.52249046,0.0,False,rv,all,1284.0,22.0,42.0,22.0,13.0,26.673872,40.032376,20.092027,12.485143,08:55:30 22 Apr 2021,https://docs.cdn.yougov.com/o6p3vjhvnt/20200924_yahoo_coronavirus_tabs.pdf
2022-06-08,2020-09-20,2020-09-22,1,YouGov,B+,0,0.60979047,0.0,False,a,all,1500.0,24.0,36.0,26.0,14.0,28.673872,34.032376,24.092027,13.485143,08:55:30 22 Apr 2021,https://docs.cdn.yougov.com/b8ow3q7r1e/econTabReport.pdf
2022-06-08,2020-09-17,2020-09-21,1,Global Strategy Group/GBAO (Navigator Research),B/C,0,0.77631313,0.0,False,rv,all,1230.0,36.0,32.5,20.5,11.0,32.40383,34.369499,20.531613,12.220083,08:55:30 22 Apr 2021,https://navigatorresearch.org/wp-content/uploads/2020/09/Navigating-Coronavirus-Full-Topline-F09.21.20.pdf
2022-06-08,2020-09-14,2020-09-20,0,SurveyMonkey,C,0,0.37141044,0.0,False,a,all,36454.0,61.0,28.0,7.0,3.0,56.087496,30.440398,8.575088,3.3871104,08:55:27 22 Apr 2021,https://www.surveymonkey.com/curiosity/nbc-poll-covid-sept20/
2022-06-08,2020-09-18,2020-09-20,0,Morning Consult,B,0,0.61771563,0.0,False,a,all,2200.0,57.0,29.0,4.0,2.0,53.675954,32.575784,7.5951792,2.6301942,08:55:27 22 Apr 2021,https://assets.morningconsult.com/wp-uploads/2020/09/21134349/200974_crosstabs_CORONAVIRUS_CONTENT_Adults_v2_JB.pdf
2022-06-08,2020-09-18,2020-09-20,1,LÃ©ger,B/C,0,0.44929327,0.0,False,a,all,1001.0,22.0,36.0,20.0,17.0,26.625142,36.263396,21.336962,14.41073,08:55:30 22 Apr 2021,https://leger360.com/wp-content/uploads/2020/09/Sondage-hebdomadaire-de-Le%CC%81ger-21-septembre-2020-min.pdf
2022-06-08,2020-09-17,2020-09-19,0,Harris Insights & Analytics,B+,0,0.80085909,0.0,False,a,all,1949.0,47.0,38.0,11.0,5.0,49.747119,35.435575,10.769418,3.8370374,08:55:27 22 Apr 2021,https://theharrispoll.com/wp-content/uploads/2020/09/Wave-30_tabs_Banner-2.pdf
2022-06-08,2020-09-18,2020-09-19,1,Ipsos,B-,0,0.60125201,0.0,False,a,all,528.0,29.0,43.0,19.0,10.0,28.53297,39.564427,20.429295,12.580933,08:55:30 22 Apr 2021,https://www.scribd.com/document/476678932/ABC-Ipsos-Poll-Sept-20?secret_password=injocUl2Vvuj19L7OvQf
2022-06-08,2020-09-13,2020-09-15,1,YouGov,B+,0,0.59804596,0.0,False,a,all,1500.0,22.0,38.0,28.0,13.0,26.673872,36.032376,26.092027,12.485143,08:55:30 22 Apr 2021,https://docs.cdn.yougov.com/t0hi1tcqs5/econTabReport.pdf
2022-06-08,2020-09-15,2020-09-15,1,Data for Progress,B,0,0.99495009,0.0,False,a,all,953.0,32.55,34.74,20.21,11.45,31.969016,34.25953,21.230727,11.931963,08:55:30 22 Apr 2021,https://docs.google.com/spreadsheets/d/1pl2c_Zzxf00T3_5uba-8BdnCCCEGqtQ10kFQCc0Uo-U/edit
2022-06-08,2020-09-10,2020-09-14,1,Global Strategy Group/GBAO (Navigator Research),B/C,0,0.60222551,0.0,False,rv,all,1007.0,37.0,32.0,21.5,9.5,33.40383,33.869499,21.531613,10.720083,08:55:30 22 Apr 2021,https://navigatorresearch.org/wp-content/uploads/2020/09/Navigator-Tracker-Topline-F09.15.20-PR.pdf
2022-06-08,2020-09-11,2020-09-14,1,YouGov,B+,0,0.39653034,0.0,False,a,all,1000.0,31.0,33.0,22.0,9.0,35.673872,31.032376,20.092027,8.4851428,08:55:30 22 Apr 2021,https://docs.cdn.yougov.com/k5c8jvh4n7/tabs_HP_Coronavirus_20200911.pdf
2022-06-08,2020-09-11,2020-09-14,1,AP-NORC,,0,1.3135924,0.0,False,a,all,1108.0,38.0,31.0,22.0,9.0,33.914924,32.125878,22.565118,11.188798,08:55:30 22 Apr 2021,https://apnorc.org/wp-content/uploads/2020/09/topline_september_covid.docx.pdf
2022-06-08,2020-09-07,2020-09-13,0,SurveyMonkey,C,0,0.40342585,0.0,False,a,all,36654.0,62.0,28.0,7.0,3.0,57.087496,30.440398,8.575088,3.3871104,08:55:27 22 Apr 2021,https://www.surveymonkey.com/curiosity/nbc-poll-covid-sept13/
2022-06-08,2020-09-10,2020-09-13,0,Morning Consult,B,0,0.62883893,0.0,False,a,all,2200.0,55.0,28.0,5.0,3.0,51.675954,31.575784,8.5951792,3.6301942,08:55:27 22 Apr 2021,https://assets.morningconsult.com/wp-uploads/2020/09/14102242/200943_crosstabs_CORONAVIRUS_CONTENT_Adults_v2_JB.pdf
2022-06-08,2020-09-11,2020-09-13,1,LÃ©ger,B/C,0,0.45130778,0.0,False,a,all,1001.0,27.0,33.0,20.0,16.0,31.625142,33.263396,21.336962,13.41073,08:55:30 22 Apr 2021,https://leger360.com/wp-content/uploads/2020/09/Sondage-hebdomadaire-de-Le%CC%81ger-13-septembre-2020.pdf
2022-06-08,2020-09-10,2020-09-12,0,Harris Insights & Analytics,B+,0,0.82394023,0.0,False,a,all,2037.0,48.0,37.0,9.0,6.0,50.747119,34.435575,8.769418,4.8370374,08:55:27 22 Apr 2021,https://theharrispoll.com/wp-content/uploads/2020/09/Binder2.pdf
2022-06-08,2020-09-03,2020-09-08,1,Monmouth University,A,0,1.579403,0.0,False,a,all,867.0,47.0,27.0,13.0,12.0,40.495178,30.88722,16.203295,11.429047,08:55:30 22 Apr 2021,https://www.monmouth.edu/polling-institute/documents/monmouthpoll_us_090920.pdf/
2022-06-08,2020-09-06,2020-09-08,1,YouGov,B+,0,0.56156203,0.0,False,a,all,1500.0,21.0,37.0,26.0,16.0,25.673872,35.032376,24.092027,15.485143,08:55:30 22 Apr 2021,https://docs.cdn.yougov.com/8nwf5tw7g2/econTabReport.pdf
2022-06-08,2020-08-31,2020-09-06,0,SurveyMonkey,C,0,0.40406405,0.0,False,a,all,35847.0,61.0,28.0,7.0,3.0,56.087496,30.440398,8.575088,3.3871104,08:55:27 22 Apr 2021,https://www.surveymonkey.com/curiosity/nbc-poll-covid-sept6/
2022-06-08,2020-09-02,2020-09-06,0,Morning Consult,B,0,0.62941549,0.0,False,a,all,2200.0,55.0,30.0,6.0,2.0,51.675954,33.575784,9.5951792,2.6301942,08:55:27 22 Apr 2021,https://assets.morningconsult.com/wp-uploads/2020/09/08124344/200903_crosstabs_CORONAVIRUS_CONTENT_Adults_v2_JB.pdf
2022-06-08,2020-09-04,2020-09-06,1,LÃ©ger,B/C,0,0.45801204,0.0,False,a,all,1001.0,27.0,35.0,18.0,17.0,31.625142,35.263396,19.336962,14.41073,08:55:30 22 Apr 2021,https://leger360.com/wp-content/uploads/2020/09/Sondage-hebdomadaire-de-Leger-8-septembre-2020.pdf
2022-06-08,2020-09-03,2020-09-05,0,Harris Insights & Analytics,B+,0,0.80971635,0.0,False,a,all,2022.0,47.0,36.0,11.0,5.0,49.747119,33.435575,10.769418,3.8370374,08:55:27 22 Apr 2021,https://theharrispoll.com/wp-content/uploads/2020/09/Wave-28-Data-Tabs.pdf
2022-06-08,2020-09-02,2020-09-04,1,YouGov,B+,0,0.88031323,0.0,False,rv,all,2493.0,30.0,38.0,21.0,11.0,34.673872,36.032376,19.092027,10.485143,08:55:30 22 Apr 2021,https://drive.google.com/file/d/1hmvwY-EJIMWKveUWPTdpx_-JL6VTqCcx/view
2022-06-08,2020-08-30,2020-09-01,1,YouGov,B+,0,0.51607883,0.0,False,a,all,1500.0,20.0,40.0,26.0,14.0,24.673872,38.032376,24.092027,13.485143,08:55:30 22 Apr 2021,https://docs.cdn.yougov.com/7kvpozbozh/econTabReport.pdf
2022-06-08,2020-09-01,2020-09-01,1,Data for Progress,B,0,0.87371854,0.0,False,a,all,806.0,30.63,33.9,22.16,12.41,30.049016,33.41953,23.180727,12.891963,08:55:30 22 Apr 2021,https://docs.google.com/spreadsheets/d/1Usnyhw8rNPQbRxmTBsxEC09KULamI_bNGaFaQJPdIPE/edit
2022-06-08,2020-08-28,2020-08-31,0,Morning Consult,B,0,0.62614751,0.0,False,a,all,2200.0,56.0,29.0,5.0,3.0,52.675954,32.575784,8.5951792,3.6301942,08:55:27 22 Apr 2021,https://assets.morningconsult.com/wp-uploads/2020/08/31125104/2008107_crosstabs_CORONAVIRUS_CONTENT_Adults_v2_JB.pdf
2022-06-08,2020-08-24,2020-08-31,1,Ipsos,B-,0,1.5620956,0.0,False,a,all,1929.0,19.0,41.0,27.0,12.0,18.53297,37.564427,28.429295,14.580933,08:55:30 22 Apr 2021,https://www.washingtonpost.com/context/washington-post-university-of-maryland-poll-by-ipsos-on-voting-issues-aug-24-31/d0ca1dc3-4b85-40b1-92b1-4c91986d0be3/
2022-06-08,2020-08-27,2020-08-31,1,Global Strategy Group/GBAO (Navigator Research),B/C,0,0.8508241,0.0,False,rv,all,1309.0,37.0,31.5,22.0,9.5,33.40383,33.369499,22.031613,10.720083,08:55:30 22 Apr 2021,https://navigatorresearch.org/wp-content/uploads/2020/09/Navigating-Coronavirus-Full-Topline-F09.01.20.pdf
2022-06-08,2020-08-28,2020-08-31,1,Quinnipiac University,A-,0,1.674339,0.0,False,lv,all,1081.0,42.0,32.0,15.0,11.0,36.717899,33.326989,18.201826,11.41204,08:55:30 22 Apr 2021,https://poll.qu.edu/national/release-detail?ReleaseID=3671
2022-06-08,2020-08-24,2020-08-30,0,SurveyMonkey,C,0,0.41570714,0.0,False,a,all,37386.0,63.0,27.0,7.0,3.0,58.087496,29.440398,8.575088,3.3871104,08:55:27 22 Apr 2021,https://www.surveymonkey.com/curiosity/nbc-poll-covid-aug30/
2022-06-08,2020-08-28,2020-08-30,0,Harris Insights & Analytics,B+,0,0.7830654,0.0,False,a,all,1946.0,48.0,35.0,11.0,6.0,50.747119,32.435575,10.769418,4.8370374,08:55:27 22 Apr 2021,https://theharrispoll.com/wp-content/uploads/2020/09/Wave-27_tabs_Banner-1.pdf
2022-06-08,2020-08-17,2020-08-30,1,Gallup,B+,0,1.4388472,0.0,False,a,all,2714.0,12.0,41.0,31.0,16.0,26.553132,36.686147,22.450654,13.685578,08:55:30 22 Apr 2021,https://news.gallup.com/poll/308222/coronavirus-pandemic.aspx
2022-06-08,2020-08-28,2020-08-30,1,LÃ©ger,B/C,0,0.47232062,0.0,False,a,all,1003.0,26.0,35.0,20.0,16.0,30.625142,35.263396,21.336962,13.41073,08:55:30 22 Apr 2021,https://leger360.com/wp-content/uploads/2020/08/Legers-Weekly-Survey-august-31st-2020.pdf
2022-06-08,2020-08-27,2020-08-29,1,YouGov,B+,0,0.34037726,0.0,False,a,all,1000.0,31.0,37.0,19.0,10.0,35.673872,35.032376,17.092027,9.4851428,08:55:30 22 Apr 2021,https://docs.cdn.yougov.com/k5f6mc1kum/tabs_HP_Coronavirus_20200827.pdf
2022-06-08,2020-08-18,2020-08-28,1,University of Maryland,B/C,0,1.673625,0.0,False,a,all,3932.0,37.0,35.0,17.0,10.0,35.308227,34.977681,18.071922,10.681234,08:55:30 22 Apr 2021,https://criticalissues.umd.edu/sites/criticalissues.umd.edu/files/UMCIP%20August%202020%20Poll%20Questionnaire.pdf
2022-06-08,2020-08-23,2020-08-25,1,YouGov,B+,0,0.49623318,0.0,False,a,all,1500.0,21.0,37.0,28.0,14.0,25.673872,35.032376,26.092027,13.485143,08:55:30 22 Apr 2021,https://docs.cdn.yougov.com/sqqliantmw/econTabReport.pdf
2022-06-08,2020-08-21,2020-08-24,0,Ipsos,B-,0,0.73043115,0.0,False,a,all,1084.0,52.0,34.0,9.0,4.0,52.722716,33.541178,8.9946578,3.608299,08:55:27 22 Apr 2021,https://www.ipsos.com/sites/default/files/ct/news/documents/2020-08/topline-axios-w22.pdf
2022-06-08,2020-08-17,2020-08-23,0,SurveyMonkey,C,0,0.45967469,0.0,False,a,all,42315.0,64.0,27.0,6.0,3.0,59.087496,29.440398,7.575088,3.3871104,08:55:27 22 Apr 2021,https://www.surveymonkey.com/curiosity/nbc-poll-covid-aug23/
2022-06-08,2020-08-21,2020-08-23,0,Morning Consult,B,0,0.63749062,0.0,False,a,all,2200.0,57.0,27.0,5.0,3.0,53.675954,30.575784,8.5951792,3.6301942,08:55:27 22 Apr 2021,https://assets.morningconsult.com/wp-uploads/2020/08/24113947/200878_crosstabs_CORONAVIRUS_CONTENT_Adults_v2_JB.pdf
2022-06-08,2020-08-21,2020-08-23,0,Harris Insights & Analytics,B+,0,0.80052388,0.0,False,a,all,1962.0,54.0,32.0,10.0,4.0,56.747119,29.435575,9.769418,2.8370374,08:55:27 22 Apr 2021,https://theharrispoll.com/wp-content/uploads/2020/08/data-tabs_w26.pdf
2022-06-08,2020-08-21,2020-08-23,1,LÃ©ger,B/C,0,0.50040457,0.0,False,a,all,1003.0,25.0,36.0,17.0,16.0,29.625142,36.263396,18.336962,13.41073,08:55:30 22 Apr 2021,https://projects.fivethirtyeight.com/polls/20200824_National.pdf
2022-06-08,2020-08-20,2020-08-22,1,YouGov,B+,0,0.32718644,0.0,False,a,all,1000.0,37.0,33.0,19.0,8.0,41.673872,31.032376,17.092027,7.4851428,08:55:30 22 Apr 2021,https://docs.cdn.yougov.com/d0176c71yw/tabs_HP_Coronavirus_20200820.pdf
2022-06-08,2020-08-19,2020-08-21,1,YouGov,B+,0,0.72733175,0.0,False,rv,all,2226.0,32.0,36.0,20.0,12.0,36.673872,34.032376,18.092027,11.485143,08:55:30 22 Apr 2021,https://drive.google.com/file/d/11UTgWRN1SvFmO3W9PVVOnPyGYqea4X6H/view
2022-06-08,2020-08-17,2020-08-19,1,AP-NORC,,0,1.3208226,0.0,False,a,all,1075.0,42.0,31.0,17.0,9.0,37.914924,32.125878,17.565118,11.188798,08:55:30 22 Apr 2021,https://apnorc.org/wp-content/uploads/2020/08/August-Topline-trump-1.pdf
2022-06-08,2020-08-14,2020-08-18,1,Echelon Insights,B/C,0,1.1143373,0.0,False,rv,all,1000.0,49.0,29.0,20.0,2.0,39.588797,32.939698,19.06269,7.7525087,08:55:30 22 Apr 2021,https://echeloninsights.com/in-the-news/september-omnibus-covid/
2022-06-08,2020-08-16,2020-08-18,1,YouGov,B+,0,0.5013314,0.0,False,a,all,1500.0,26.0,37.0,23.0,14.0,30.673872,35.032376,21.092027,13.485143,08:55:30 22 Apr 2021,https://docs.cdn.yougov.com/c6n58wb53l/econTabReport.pdf
2022-06-08,2020-08-14,2020-08-17,0,Morning Consult,B,0,0.65515491,0.0,False,a,all,2200.0,61.0,25.0,5.0,2.0,57.675954,28.575784,8.5951792,2.6301942,08:55:27 22 Apr 2021,https://assets.morningconsult.com/wp-uploads/2020/08/17130704/200822_crosstabs_CORONAVIRUS_CONTENT_Adults_v2_JB.pdf
2022-06-08,2020-08-14,2020-08-17,0,Ipsos,B-,0,0.6438647,0.0,False,a,all,1141.0,56.0,32.0,7.0,4.0,56.722716,31.541178,6.9946578,3.608299,08:55:27 22 Apr 2021,https://www.ipsos.com/sites/default/files/ct/news/documents/2020-08/topline-axios-w21.pdf
2022-06-08,2020-08-14,2020-08-17,1,YouGov,B+,0,0.3375496,0.0,False,a,all,1000.0,36.0,34.0,18.0,7.0,40.673872,32.032376,16.092027,6.4851428,08:55:30 22 Apr 2021,https://docs.cdn.yougov.com/atqbvkhvpc/tabs_HP_Coronavirus_20200814.pdf
2022-06-08,2020-08-10,2020-08-16,0,SurveyMonkey,C,0,0.36530551,0.0,False,a,all,34269.0,65.0,25.0,6.0,3.0,60.087496,27.440398,7.575088,3.3871104,08:55:27 22 Apr 2021,https://www.surveymonkey.com/curiosity/nbc-poll-covid-aug16/
2022-06-08,2020-08-14,2020-08-16,0,Harris Insights & Analytics,B+,0,0.81160939,0.0,False,a,all,1967.0,50.0,37.0,8.0,4.0,52.747119,34.435575,7.769418,2.8370374,08:55:27 22 Apr 2021,https://theharrispoll.com/wp-content/uploads/2020/08/COVID-Tracker-W25-Banner-1.pdf
2022-06-08,2020-08-10,2020-08-16,1,Gallup,B+,0,1.4077035,0.0,False,a,all,4000.0,16.0,43.0,26.0,15.0,30.553132,38.686147,17.450654,12.685578,08:55:30 22 Apr 2021,https://news.gallup.com/poll/308222/coronavirus-pandemic.aspx
2022-06-08,2020-08-14,2020-08-16,1,LÃ©ger,B/C,0,0.57104033,0.0,False,a,all,1001.0,27.0,37.0,19.0,13.0,31.625142,37.263396,20.336962,10.41073,08:55:30 22 Apr 2021,https://leger360.com/wp-content/uploads/2020/08/Legers-Weekly-Survey-august-17th-2020.pdf
2022-06-08,2020-08-12,2020-08-15,1,ABC News/The Washington Post,A+,0,1.9403135,0.0,False,a,all,1001.0,31.0,34.0,15.0,14.0,33.987827,34.011195,15.162259,12.328951,08:55:30 22 Apr 2021,https://www.washingtonpost.com/context/washington-post-abc-news-poll-aug-12-15-2020/b16f1e30-c98f-4b77-ba12-9d4f0baddceb//
2022-06-08,2020-08-09,2020-08-11,1,YouGov,B+,0,0.5358172,0.0,False,a,all,1500.0,28.0,40.0,21.0,12.0,32.673872,38.032376,19.092027,11.485143,08:55:30 22 Apr 2021,https://docs.cdn.yougov.com/horeovzt7u/econTabReport.pdf
2022-06-08,2020-08-11,2020-08-11,1,Data for Progress,B,0,0.93688362,0.0,False,a,all,934.0,34.86,33.17,17.12,13.02,34.279016,32.68953,18.140727,13.501963,08:55:30 22 Apr 2021,https://docs.google.com/spreadsheets/d/15vLWWtDTbkaYhydkV_HV8A1n5VlR8J6KQ8Nb6bs6_wM/edit#gid=0
2022-06-08,2020-08-05,2020-08-10,0,Morning Consult,B,0,0.65760365,0.0,False,a,all,2200.0,61.0,27.0,4.0,2.0,57.675954,30.575784,7.5951792,2.6301942,08:55:27 22 Apr 2021,https://assets.morningconsult.com/wp-uploads/2020/08/20105707/200805_crosstabs_CORONAVIRUS_CONTENT_Adults_v2_JB.pdf
2022-06-08,2020-08-07,2020-08-10,0,Ipsos,B-,0,0.56584155,0.0,False,a,all,1076.0,58.0,29.0,8.0,4.0,58.722716,28.541178,7.9946578,3.608299,08:55:27 22 Apr 2021,https://www.ipsos.com/sites/default/files/ct/news/documents/2020-08/topline-axios-w20.pdf
2022-06-08,2020-08-06,2020-08-10,1,Monmouth University,A,0,1.5716156,0.0,False,a,all,868.0,41.0,28.0,18.0,13.0,34.495178,31.88722,21.203295,12.429047,08:55:30 22 Apr 2021,https://www.monmouth.edu/polling-institute/documents/monmouthpoll_us_081320.pdf/
2022-06-08,2020-08-07,2020-08-10,1,YouGov,B+,0,0.36122603,0.0,False,a,all,1000.0,38.0,35.0,16.0,9.0,42.673872,33.032376,14.092027,8.4851428,08:55:30 22 Apr 2021,https://docs.cdn.yougov.com/als02392pz/tabs_HP_Coronavirus_20200807.pdf
2022-06-08,2020-08-03,2020-08-09,0,SurveyMonkey,C,0,0.44720857,0.0,False,a,all,44601.0,68.0,24.0,5.0,2.0,63.087496,26.440398,6.575088,2.3871104,08:55:27 22 Apr 2021,https://www.surveymonkey.com/curiosity/nbc-poll-covid-aug9/
2022-06-08,2020-08-07,2020-08-09,0,Harris Insights & Analytics,B+,0,0.82112938,0.0,False,a,all,1995.0,53.0,34.0,9.0,4.0,55.747119,31.435575,8.769418,2.8370374,08:55:27 22 Apr 2021,https://theharrispoll.com/wp-content/uploads/2020/08/COVID-Data-tabs_w24.pdf
2022-06-08,2020-08-03,2020-08-09,1,Gallup,B+,0,1.1589052,0.0,False,a,all,3752.0,11.0,44.0,30.0,15.0,25.553132,39.686147,21.450654,12.685578,08:55:30 22 Apr 2021,https://news.gallup.com/poll/308222/coronavirus-pandemic.aspx
2022-06-08,2020-08-02,2020-08-04,1,YouGov,B+,0,0.55274974,0.0,False,a,all,1500.0,25.0,40.0,23.0,12.0,29.673872,38.032376,21.092027,11.485143,08:55:30 22 Apr 2021,https://docs.cdn.yougov.com/t0qsgk3wcg/econTabReport.pdf
2022-06-08,2020-07-30,2020-08-03,0,Global Strategy Group/GBAO (Navigator Research),B/C,0,0.92057823,0.0,False,rv,all,1407.0,44.0,38.0,14.0,4.0,51.366384,32.246419,12.314405,3.0608511,08:55:27 22 Apr 2021,https://navigatorresearch.org/wp-content/uploads/2020/08/Navigating-Coronavirus-Topline-08.04.20.pdf
2022-06-08,2020-07-31,2020-08-03,0,Ipsos,B-,0,0.57912413,0.0,False,a,all,1129.0,59.0,29.0,8.0,4.0,59.722716,28.541178,7.9946578,3.608299,08:55:27 22 Apr 2021,https://www.ipsos.com/sites/default/files/ct/news/documents/2020-08/topline-axios-wave-19.pdf
2022-06-08,2020-07-30,2020-08-03,1,Global Strategy Group/GBAO (Navigator Research),B/C,0,0.87806672,0.0,False,rv,all,1407.0,42.0,34.0,17.0,7.0,38.40383,35.869499,17.031613,8.220083,08:55:30 22 Apr 2021,https://navigatorresearch.org/wp-content/uploads/2020/08/Navigating-Coronavirus-Topline-08.04.20.pdf
2022-06-08,2020-07-31,2020-08-03,1,YouGov,B+,0,0.36659499,0.0,False,a,all,1000.0,38.0,31.0,17.0,10.0,42.673872,29.032376,15.092027,9.4851428,08:55:30 22 Apr 2021,https://big.assets.huffingtonpost.com/athena/files/2020/08/04/5f29e971c5b656e9b0a17c7e.pdf
2022-06-08,2020-07-27,2020-08-02,0,SurveyMonkey,C,0,0.45043104,0.0,False,a,all,47190.0,67.0,25.0,5.0,2.0,62.087496,27.440398,6.575088,2.3871104,08:55:27 22 Apr 2021,https://www.surveymonkey.com/curiosity/nbc-poll-covid-aug2/
2022-06-08,2020-07-31,2020-08-02,0,Harris Insights & Analytics,B+,0,0.82119879,0.0,False,a,all,1992.0,52.0,35.0,9.0,4.0,54.747119,32.435575,8.769418,2.8370374,08:55:27 22 Apr 2021,https://theharrispoll.com/wp-content/uploads/2020/08/Binder3.pdf
2022-06-08,2020-07-31,2020-08-02,0,Morning Consult,B,0,0.66164903,0.0,False,a,all,2200.0,62.0,25.0,4.0,2.0,58.675954,28.575784,7.5951792,2.6301942,08:55:27 22 Apr 2021,https://assets.morningconsult.com/wp-uploads/2020/08/04113557/2007121_crosstabs_CORONAVIRUS_CONTENT_Adults_v2_JB.pdf
2022-06-08,2020-07-27,2020-08-02,1,Gallup,B+,0,1.1064249,0.0,False,a,all,3816.0,12.0,46.0,27.0,14.0,26.553132,41.686147,18.450654,11.685578,08:55:30 22 Apr 2021,https://news.gallup.com/poll/308222/coronavirus-pandemic.aspx
2022-06-08,2020-07-28,2020-08-02,1,Garin-Hart-Yang Research Group,B-,0,1.7127124,0.0,False,a,all,2043.0,37.0,43.0,13.0,7.0,33.151237,42.969091,14.656425,8.9468189,08:55:30 22 Apr 2021,https://static1.squarespace.com/static/5f3ef72a9ef74c6c995e6ab6/t/5f3f1a1ab6b900366e9d3b62/1597970981462/COVIDCollab_8.20_FullReport.pdf
2022-06-08,2020-07-24,2020-07-28,1,Optimus,B/C,1,1.2620751,0.0,False,a,all,1039.0,28.4,35.3,22.1,11.2,30.76491,33.858674,21.102384,11.664477,08:55:30 22 Apr 2021,https://github.com/optimus-forecasting-and-polling/0ptimus-Coronavirus-Tracking/tree/master/July-29-2020
2022-06-08,2020-07-26,2020-07-28,1,YouGov,B+,0,0.52891725,0.0,False,a,all,1500.0,24.0,39.0,26.0,11.0,28.673872,37.032376,24.092027,10.485143,08:55:30 22 Apr 2021,https://docs.cdn.yougov.com/0nx7ztz02j/econTabReport.pdf
2022-06-08,2020-07-28,2020-07-28,1,Data for Progress,B,0,0.84681252,0.0,False,a,all,948.0,34.82,35.11,18.69,9.41,34.239016,34.62953,19.710727,9.8919631,08:55:30 22 Apr 2021,https://docs.google.com/spreadsheets/d/1vHJwLq-J0-yclcutHLNjwhQu2YEqYW1R9J-mMBvwXo0/edit#gid=0
2022-06-08,2020-07-24,2020-07-27,0,Ipsos,B-,0,0.55661661,0.0,False,a,all,1076.0,58.0,30.0,9.0,2.0,58.722716,29.541178,8.9946578,1.608299,08:55:27 22 Apr 2021,https://www.ipsos.com/sites/default/files/ct/news/documents/2020-07/topline-axios-w18.pdf
2022-06-08,2020-07-24,2020-07-27,1,YouGov,B+,0,0.35105156,0.0,False,a,all,1000.0,38.0,33.0,17.0,9.0,42.673872,31.032376,15.092027,8.4851428,08:55:30 22 Apr 2021,https://docs.cdn.yougov.com/qug77u6dcr/tabs_HP_Coronavirus_20200724.pdf
2022-06-08,2020-07-20,2020-07-26,0,SurveyMonkey,C,0,0.43627454,0.0,False,a,all,46450.0,66.0,26.0,5.0,2.0,61.087496,28.440398,6.575088,2.3871104,08:55:27 22 Apr 2021,https://www.surveymonkey.com/curiosity/nbc-poll-covid-july26/
2022-06-08,2020-07-23,2020-07-26,0,Morning Consult,B,0,0.65670488,0.0,False,a,all,2200.0,59.0,28.0,4.0,2.0,55.675954,31.575784,7.5951792,2.6301942,08:55:27 22 Apr 2021,https://assets.morningconsult.com/wp-uploads/2020/07/29174441/200781_crosstabs_CORONAVIRUS_CONTENT_Adults_v2_JB.pdf
2022-06-08,2020-07-24,2020-07-26,0,Harris Insights & Analytics,B+,0,0.81310228,0.0,False,a,all,1988.0,51.0,34.0,11.0,4.0,53.747119,31.435575,10.769418,2.8370374,08:55:27 22 Apr 2021,https://theharrispoll.com/wp-content/uploads/2020/07/Wave-22_Tabs.pdf
2022-06-08,2020-07-20,2020-07-26,1,Gallup,B+,0,1.0844245,0.0,False,a,all,3816.0,15.0,44.0,28.0,13.0,29.553132,39.686147,19.450654,10.685578,08:55:30 22 Apr 2021,https://news.gallup.com/poll/308222/coronavirus-pandemic.aspx
2022-06-08,2020-07-24,2020-07-26,1,LÃ©ger,B/C,0,0.57214612,0.0,False,a,all,1004.0,30.0,34.0,15.0,16.0,34.625142,34.263396,16.336962,13.41073,08:55:30 22 Apr 2021,https://leger360.com/wp-content/uploads/2020/07/Legers-Weekly-Survey-July-27-2020.pdf
2022-06-08,2020-07-21,2020-07-24,1,YouGov,B+,0,0.70024727,0.0,False,a,all,2008.0,35.0,37.0,17.0,11.0,39.673872,35.032376,15.092027,10.485143,08:55:30 22 Apr 2021,https://drive.google.com/file/d/1p7C6oD2-2d0TNMlFQADlMQV9bBkNXQ35/view
2022-06-08,2020-07-22,2020-07-23,1,Ipsos,B-,0,0.75748153,0.0,False,a,all,543.0,37.0,40.0,17.0,6.0,36.53297,36.564427,18.429295,8.5809333,08:55:30 22 Apr 2021,https://www.ipsos.com/sites/default/files/ct/news/documents/2020-07/topline-abc-wave16-072420.pdf
2022-06-08,2020-07-17,2020-07-22,1,Echelon Insights,B/C,0,1.1122522,0.0,False,rv,all,1000.0,51.0,28.0,20.0,1.0,41.588797,31.939698,19.06269,6.7525087,08:55:30 22 Apr 2021,https://echeloninsights.com/in-the-news/september-omnibus-covid/
2022-06-08,2020-07-19,2020-07-21,1,YouGov,B+,0,0.52801747,0.0,False,a,all,1500.0,26.0,38.0,25.0,11.0,30.673872,36.032376,23.092027,10.485143,08:55:30 22 Apr 2021,https://docs.cdn.yougov.com/8uw05wqpg2/econTabReport.pdf
2022-06-08,2020-07-21,2020-07-21,1,Data for Progress,B,0,0.70401026,0.0,False,a,all,780.0,32.71,34.74,20.36,10.15,32.129016,34.25953,21.380727,10.631963,08:55:30 22 Apr 2021,https://docs.google.com/spreadsheets/d/1a_8Vk2KGs5CZ51Rcyu8WChFIErQ1US9DNk9fcuuGvME/edit
2022-06-08,2020-07-16,2020-07-20,0,Global Strategy Group/GBAO (Navigator Research),B/C,0,0.55314745,0.0,False,rv,all,1015.0,48.0,37.0,13.0,2.0,55.366384,31.246419,11.314405,1.0608511,08:55:27 22 Apr 2021,https://navigatorresearch.org/wp-content/uploads/2020/07/Navigating-Coronavirus-Full-Topline-07.21.20.pdf
2022-06-08,2020-07-17,2020-07-20,0,Ipsos,B-,0,0.55711037,0.0,False,a,all,1037.0,52.0,33.0,10.0,3.0,52.722716,32.541178,9.9946578,2.608299,08:55:27 22 Apr 2021,https://www.ipsos.com/sites/default/files/ct/news/documents/2020-07/axios-ipsos-poll-w17.pdf
2022-06-08,2020-07-16,2020-07-20,1,Global Strategy Group/GBAO (Navigator Research),B/C,0,0.55046295,0.0,False,rv,all,1015.0,47.0,32.0,15.0,6.0,43.40383,33.869499,15.031613,7.220083,08:55:30 22 Apr 2021,https://navigatorresearch.org/wp-content/uploads/2020/07/Navigating-Coronavirus-Full-Topline-07.21.20.pdf
2022-06-08,2020-07-16,2020-07-20,1,AP-NORC,,0,1.3556087,0.0,False,a,all,1057.0,49.0,31.0,11.0,8.0,44.914924,32.125878,11.565118,10.188798,08:55:30 22 Apr 2021,https://apnorc.org/wp-content/uploads/2020/07/topline_release2.pdf
2022-06-08,2020-07-13,2020-07-19,0,SurveyMonkey,C,0,0.47890691,0.0,False,a,all,50404.0,66.0,25.0,6.0,2.0,61.087496,27.440398,7.575088,2.3871104,08:55:27 22 Apr 2021,https://www.surveymonkey.com/curiosity/nbc-poll-covid-july19/
2022-06-08,2020-07-17,2020-07-19,0,Harris Insights & Analytics,B+,0,0.80888955,0.0,False,a,all,1970.0,57.0,32.0,6.0,4.0,59.747119,29.435575,5.769418,2.8370374,08:55:27 22 Apr 2021,https://theharrispoll.com/wp-content/uploads/2020/07/Wave-21_Banner-1.pdf
2022-06-08,2020-07-17,2020-07-19,0,Morning Consult,B,0,0.67207464,0.0,False,a,all,2200.0,61.0,26.0,4.0,2.0,57.675954,29.575784,7.5951792,2.6301942,08:55:27 22 Apr 2021,https://assets.morningconsult.com/wp-uploads/2020/07/24165334/200743_crosstabs_CORONAVIRUS_CONTENT_Adults_v2_JB.pdf
2022-06-08,2020-07-13,2020-07-19,1,Gallup,B+,0,1.0601153,0.0,False,a,all,3745.0,16.0,43.0,28.0,13.0,30.553132,38.686147,19.450654,10.685578,08:55:30 22 Apr 2021,https://news.gallup.com/poll/308222/coronavirus-pandemic.aspx
2022-06-08,2020-07-17,2020-07-19,1,YouGov,B+,0,0.35866689,0.0,False,a,all,1000.0,37.0,34.0,16.0,9.0,41.673872,32.032376,14.092027,8.4851428,08:55:30 22 Apr 2021,https://docs.cdn.yougov.com/q175vngukj/tabs_HP_Coronavirus_20200717.pdf
2022-06-08,2020-07-17,2020-07-19,1,LÃ©ger,B/C,0,0.50041973,0.0,False,a,all,1004.0,27.0,34.0,18.0,17.0,31.625142,34.263396,19.336962,14.41073,08:55:30 22 Apr 2021,https://leger360.com/wp-content/uploads/2020/07/Legers-Weekly-Survey-July-20-2020.pdf
2022-06-08,2020-07-12,2020-07-15,1,ABC News/The Washington Post,A+,0,1.9595705,0.0,False,a,all,1006.0,33.0,33.0,17.0,12.0,35.987827,33.011195,17.162259,10.328951,08:55:30 22 Apr 2021,https://docs.google.com/spreadsheets/d/1v1clZFRQX3VBvmMLwv26Pzgv7wb19phCHTABTQ-HRtU/edit
2022-06-08,2020-07-12,2020-07-14,1,YouGov,B+,0,0.55126462,0.0,False,a,all,1500.0,24.0,40.0,26.0,11.0,28.673872,38.032376,24.092027,10.485143,08:55:30 22 Apr 2021,https://docs.cdn.yougov.com/hpupr0zhkl/econTabReport.pdf
2022-06-08,2020-07-09,2020-07-13,0,Global Strategy Group/GBAO (Navigator Research),B/C,0,0.51474046,0.0,False,rv,all,1002.0,47.0,39.0,10.0,4.0,54.366384,33.246419,8.314405,3.0608511,08:55:27 22 Apr 2021,https://navigatorresearch.org/wp-content/uploads/2020/07/Navigating-Coronavirus-Full-Topline-07.14.20.pdf
2022-06-08,2020-07-10,2020-07-13,0,Ipsos,B-,0,0.62314645,0.0,False,a,all,1063.0,52.0,32.0,10.0,3.0,52.722716,31.541178,9.9946578,2.608299,08:55:27 22 Apr 2021,https://www.ipsos.com/sites/default/files/ct/news/documents/2020-07/topline-axios-poll-w16.pdf
2022-06-08,2020-07-09,2020-07-13,1,Global Strategy Group/GBAO (Navigator Research),B/C,0,0.51474046,0.0,False,rv,all,1002.0,46.0,30.0,15.0,9.0,42.40383,31.869499,15.031613,10.220083,08:55:30 22 Apr 2021,https://navigatorresearch.org/wp-content/uploads/2020/07/Navigating-Coronavirus-Full-Topline-07.14.20.pdf
2022-06-08,2020-07-09,2020-07-13,1,Quinnipiac University,A-,0,1.7624658,0.0,False,rv,all,1273.0,48.0,31.0,12.0,9.0,42.717899,32.326989,15.201826,9.4120401,08:55:30 22 Apr 2021,https://poll.qu.edu/national/release-detail?ReleaseID=3666
2022-06-08,2020-07-06,2020-07-12,0,SurveyMonkey,C,0,0.55172826,0.0,False,a,all,53106.0,64.0,27.0,6.0,2.0,59.087496,29.440398,7.575088,2.3871104,08:55:27 22 Apr 2021,https://www.surveymonkey.com/curiosity/nbc-poll-covid-july12/
2022-06-08,2020-07-10,2020-07-12,0,Harris Insights & Analytics,B+,0,0.77940779,0.0,False,a,all,1974.0,50.0,36.0,9.0,5.0,52.747119,33.435575,8.769418,3.8370374,08:55:27 22 Apr 2021,https://theharrispoll.com/wp-content/uploads/2020/07/Wave-20_tabs_Banner-1.pdf
2022-06-08,2020-07-09,2020-07-12,0,Morning Consult,B,0,0.61533311,0.0,False,rv,all,1991.0,60.0,28.0,4.0,3.0,56.675954,31.575784,7.5951792,3.6301942,08:55:27 22 Apr 2021,https://assets.morningconsult.com/wp-uploads/2020/07/14102450/200723_crosstabs_CORONAVIRUS_CONTENT_RVs_v2_JB.pdf
2022-06-08,2020-07-06,2020-07-12,1,Gallup,B+,0,1.031428,0.0,False,a,all,3612.0,14.0,39.0,31.0,16.0,28.553132,34.686147,22.450654,13.685578,08:55:30 22 Apr 2021,https://news.gallup.com/poll/308222/coronavirus-pandemic.aspx
2022-06-08,2020-07-10,2020-07-12,1,YouGov,B+,0,0.37475209,0.0,False,a,all,1000.0,38.0,34.0,15.0,10.0,42.673872,32.032376,13.092027,9.4851428,08:55:30 22 Apr 2021,https://docs.cdn.yougov.com/83fwc1fiim/tabs_HP_Coronavirus_20200710.pdf
2022-06-08,2020-07-10,2020-07-12,1,LÃ©ger,B/C,0,0.47088052,0.0,False,a,all,1001.0,26.0,35.0,19.0,16.0,30.625142,35.263396,20.336962,13.41073,08:55:30 22 Apr 2021,https://leger360.com/wp-content/uploads/2020/07/Legers-Weekly-Survey-July-13-2020-1.pdf
2022-06-08,2020-07-05,2020-07-07,1,YouGov,B+,0,0.55116977,0.0,False,a,all,1500.0,23.0,39.0,25.0,13.0,27.673872,37.032376,23.092027,12.485143,08:55:30 22 Apr 2021,https://docs.cdn.yougov.com/lraqqdhd7j/econTabReport.pdf
2022-06-08,2020-07-07,2020-07-07,1,Data for Progress,B,0,0.78445952,0.0,False,a,all,790.0,34.67,36.16,16.62,11.32,34.089016,35.67953,17.640727,11.801963,08:55:30 22 Apr 2021,https://docs.google.com/spreadsheets/d/1uArOeLkRvJ-QkYPhu97acZx426SFgU0wAwu0jfF7ABg/edit
2022-06-08,2020-07-03,2020-07-06,1,YouGov,B+,0,0.36561721,0.0,False,a,all,1000.0,35.0,36.0,15.0,10.0,39.673872,34.032376,13.092027,9.4851428,08:55:30 22 Apr 2021,https://docs.cdn.yougov.com/t8umayhzsr/tabs_HP_Coronavirus_20200703.pdf
2022-06-08,2020-06-29,2020-07-05,0,SurveyMonkey,C,0,0.6097347,0.0,False,a,all,44557.0,65.0,26.0,6.0,2.0,60.087496,28.440398,7.575088,2.3871104,08:55:27 22 Apr 2021,https://www.surveymonkey.com/curiosity/nbc-poll-covid-july5/
2022-06-08,2020-06-29,2020-07-05,1,Gallup,B+,0,1.0377008,0.0,False,a,all,3615.0,12.0,42.0,30.0,15.0,26.553132,37.686147,21.450654,12.685578,08:55:30 22 Apr 2021,https://news.gallup.com/poll/308222/coronavirus-pandemic.aspx
2022-06-08,2020-07-03,2020-07-05,1,LÃ©ger,B/C,0,0.45913179,0.0,False,a,all,1006.0,24.0,36.0,21.0,15.0,28.625142,36.263396,22.336962,12.41073,08:55:30 22 Apr 2021,https://leger360.com/wp-content/uploads/2020/07/Legers-Weekly-Survey-July-6-2020-1.pdf
2022-06-08,2020-07-02,2020-07-04,0,Harris Insights & Analytics,B+,0,0.72976175,0.0,False,a,all,1957.0,54.0,34.0,8.0,4.0,56.747119,31.435575,7.769418,2.8370374,08:55:27 22 Apr 2021,https://theharrispoll.com/wp-content/uploads/2020/07/Wave-19_tabs_Banner-1.pdf
2022-06-08,2020-07-01,2020-07-04,0,Morning Consult,B,0,0.67414547,0.0,False,a,all,2200.0,59.0,27.0,5.0,2.0,55.675954,30.575784,8.5951792,2.6301942,08:55:27 22 Apr 2021,https://assets.morningconsult.com/wp-uploads/2020/07/24163951/2006143_crosstabs_CORONAVIRUS_CONTENT_Adults_v1_YW.pdf
2022-06-08,2020-06-25,2020-06-30,0,Global Strategy Group/GBAO (Navigator Research),B/C,0,0.54017745,0.0,False,rv,all,1204.0,46.0,38.0,13.0,3.0,53.366384,32.246419,11.314405,2.0608511,08:55:27 22 Apr 2021,https://navigatorresearch.org/wp-content/uploads/2020/07/Navigating-Coronavirus-Full-Topline-F06.30.20.pdf
2022-06-08,2020-06-25,2020-06-30,1,Global Strategy Group/GBAO (Navigator Research),B/C,0,0.54017745,0.0,False,rv,all,1204.0,37.0,32.0,20.5,10.5,33.40383,33.869499,20.531613,11.720083,08:55:30 22 Apr 2021,https://navigatorresearch.org/wp-content/uploads/2020/07/Navigating-Coronavirus-Full-Topline-F06.30.20.pdf
2022-06-08,2020-06-26,2020-06-30,1,Monmouth University,A,0,1.5727149,0.0,False,a,all,867.0,41.0,26.0,17.0,15.0,34.495178,29.88722,20.203295,14.429047,08:55:30 22 Apr 2021,https://www.monmouth.edu/polling-institute/documents/monmouthpoll_us_070120.pdf/
2022-06-08,2020-06-28,2020-06-30,1,YouGov,B+,0,0.52671248,0.0,False,a,all,1500.0,22.0,43.0,3.0,12.0,26.673872,41.032376,1.0920271,11.485143,08:55:30 22 Apr 2021,https://docs.cdn.yougov.com/k05rp8ded6/econTabReport.pdf
2022-06-08,2020-06-25,2020-06-29,0,Morning Consult,B,0,0.60361169,0.0,False,rv,all,1986.0,61.0,25.0,4.0,3.0,57.675954,28.575784,7.5951792,3.6301942,08:55:27 22 Apr 2021,https://assets.morningconsult.com/wp-uploads/2020/06/30125522/2006114_crosstabs_CORONAVIRUS_CONTENT_RVs_v2_JB.pdf
2022-06-08,2020-06-26,2020-06-29,0,Ipsos,B-,0,0.63490705,0.0,False,a,all,1065.0,54.0,33.0,9.0,3.0,54.722716,32.541178,8.9946578,2.608299,08:55:27 22 Apr 2021,https://www.ipsos.com/sites/default/files/ct/news/documents/2020-06/topline_axios_ipsos_poll_w15_.pdf
2022-06-08,2020-06-26,2020-06-29,0,Harris Insights & Analytics,B+,0,1.1260272,0.0,False,a,all,3161.0,56.0,31.0,8.0,5.0,58.747119,28.435575,7.769418,3.8370374,08:55:27 22 Apr 2021,https://theharrispoll.com/wp-content/uploads/2020/06/Wave-18_tabs_Banner-1.pdf
2022-06-08,2020-06-26,2020-06-29,1,YouGov,B+,0,0.34900118,0.0,False,a,all,1000.0,33.0,38.0,18.0,9.0,37.673872,36.032376,16.092027,8.4851428,08:55:30 22 Apr 2021,https://docs.cdn.yougov.com/byy9drb31x/tabs_HP_Coronavirus_20200626.pdf
2022-06-08,2020-06-22,2020-06-28,1,Gallup,B+,0,0.99064152,0.0,False,a,all,3454.0,12.0,44.0,30.0,15.0,26.553132,39.686147,21.450654,12.685578,08:55:30 22 Apr 2021,https://news.gallup.com/poll/308222/coronavirus-pandemic.aspx
2022-06-08,2020-06-26,2020-06-28,1,LÃ©ger,B/C,0,0.45189497,0.0,False,a,all,1005.0,26.0,35.0,21.0,16.0,30.625142,35.263396,22.336962,13.41073,08:55:30 22 Apr 2021,https://leger360.com/wp-content/uploads/2020/06/Legers-Weekly-Survey-June-29-2020.pdf
2022-06-08,2020-06-23,2020-06-27,1,Optimus,B/C,1,0.90650699,0.0,False,a,all,999.0,23.1,39.3,21.8,13.8,25.46491,37.858674,20.802384,14.264477,08:55:30 22 Apr 2021,https://github.com/optimus-forecasting-and-polling/0ptimus-Coronavirus-Tracking/tree/master/June-29-2020
2022-06-08,2020-06-23,2020-06-26,1,YouGov,B+,0,0.69707597,0.0,False,a,all,2009.0,34.0,37.0,17.0,11.0,38.673872,35.032376,15.092027,10.485143,08:55:30 22 Apr 2021,https://drive.google.com/file/d/1l0XruPxbVV8mBoT0mpmeLk4AmbnkIGeH/view
2022-06-08,2020-06-24,2020-06-25,1,Ipsos,B-,0,0.71306861,0.0,False,a,all,579.0,34.0,43.0,19.0,5.0,33.53297,39.564427,20.429295,7.5809333,08:55:30 22 Apr 2021,https://www.ipsos.com/sites/default/files/ct/news/documents/2020-06/topline-abc_ipsos-poll-june-25-2020-trend.pdf
2022-06-08,2020-06-21,2020-06-23,1,YouGov,B+,0,0.52499234,0.0,False,a,all,1500.0,22.0,38.0,27.0,13.0,26.673872,36.032376,25.092027,12.485143,08:55:30 22 Apr 2021,https://docs.cdn.yougov.com/cjd35jrh5o/econTabReport.pdf
2022-06-08,2020-06-23,2020-06-23,1,Data for Progress,B,0,0.84938184,0.0,False,a,all,855.0,28.75,39.18,18.94,12.75,28.169016,38.69953,19.960727,13.231963,08:55:30 22 Apr 2021,https://docs.google.com/spreadsheets/d/1jqgTFa89Ef_7Nx_s5CqGj_aYciJkukoSnihIjoU8r4I/edit
2022-06-08,2020-06-18,2020-06-22,0,Global Strategy Group/GBAO (Navigator Research),B/C,0,0.51407963,0.0,False,rv,all,1313.0,43.0,40.0,13.0,4.0,50.366384,34.246419,11.314405,3.0608511,08:55:27 22 Apr 2021,https://navigatorresearch.org/wp-content/uploads/2020/06/Navigating-Coronavirus-Full-Topline-F06.24.20.pdf
2022-06-08,2020-06-19,2020-06-22,0,Ipsos,B-,0,0.57127214,0.0,False,a,all,1023.0,52.0,33.0,9.0,3.0,52.722716,32.541178,8.9946578,2.608299,08:55:27 22 Apr 2021,https://www.ipsos.com/sites/default/files/ct/news/documents/2020-06/topline-axios-poll-wave-14.pdf
2022-06-08,2020-06-18,2020-06-22,1,Global Strategy Group/GBAO (Navigator Research),B/C,0,0.51407963,0.0,False,rv,all,1313.0,32.5,31.0,24.0,12.0,28.90383,32.869499,24.031613,13.220083,08:55:30 22 Apr 2021,https://navigatorresearch.org/wp-content/uploads/2020/06/Navigating-Coronavirus-Full-Topline-F06.24.20.pdf
2022-06-08,2020-06-19,2020-06-22,1,YouGov,B+,0,0.35300066,0.0,False,a,all,1000.0,31.0,38.0,18.0,10.0,35.673872,36.032376,16.092027,9.4851428,08:55:30 22 Apr 2021,https://docs.cdn.yougov.com/mksvh1nepl/tabs_HP_Coronavirus_20200619.pdf
2022-06-08,2020-06-18,2020-06-21,0,Morning Consult,B,0,0.60406815,0.0,False,rv,all,1995.0,60.0,27.0,4.0,3.0,56.675954,30.575784,7.5951792,3.6301942,08:55:27 22 Apr 2021,https://assets.morningconsult.com/wp-uploads/2020/07/14101853/200674_crosstabs_CORONAVIRUS_CONTENT_RVs_v2_JB.pdf
2022-06-08,2020-06-15,2020-06-21,1,Gallup,B+,0,1.0746111,0.0,False,a,all,3803.0,9.0,39.0,35.0,18.0,23.553132,34.686147,26.450654,15.685578,08:55:30 22 Apr 2021,https://news.gallup.com/poll/308222/coronavirus-pandemic.aspx
2022-06-08,2020-06-19,2020-06-21,1,LÃ©ger,B/C,0,0.44676807,0.0,False,a,all,1002.0,23.0,35.0,21.0,17.0,27.625142,35.263396,22.336962,14.41073,08:55:30 22 Apr 2021,https://leger360.com/wp-content/uploads/2020/06/Leger-National-weekly-pandemic-tracker-june-22nd-2020-1.pdf
2022-06-08,2020-06-18,2020-06-20,0,Harris Insights & Analytics,B+,0,0.72644753,0.0,False,a,all,1962.0,52.0,35.0,10.0,3.0,54.747119,32.435575,9.769418,1.8370374,08:55:27 22 Apr 2021,https://theharrispoll.com/wp-content/uploads/2020/06/Wave-17_Tabs_Banner-3.pdf
2022-06-08,2020-06-13,2020-06-16,0,Harris Insights & Analytics,B+,0,0.76059489,0.0,False,a,all,1963.0,49.0,35.0,10.0,5.0,51.747119,32.435575,9.769418,3.8370374,08:55:27 22 Apr 2021,https://theharrispoll.com/wp-content/uploads/2020/06/Wave-16_tabs_Banner-1.pdf
2022-06-08,2020-06-09,2020-06-16,1,Optimus,B/C,1,0.63375236,0.0,False,a,all,859.0,23.9,35.8,23.6,12.5,26.26491,34.358674,22.602384,12.964477,08:55:30 22 Apr 2021,https://github.com/optimus-forecasting-and-polling/0ptimus-Coronavirus-Tracking/tree/master/June-18-2020
2022-06-08,2020-06-12,2020-06-16,1,Echelon Insights,B/C,0,1.1044196,0.0,False,rv,all,1000.0,46.0,27.0,27.0,1.0,36.588797,30.939698,26.06269,6.7525087,08:55:30 22 Apr 2021,https://echeloninsights.com/in-the-news/september-omnibus-covid/
2022-06-08,2020-06-14,2020-06-16,1,YouGov,B+,0,0.54961409,0.0,False,a,all,1500.0,21.0,38.0,28.0,13.0,25.673872,36.032376,26.092027,12.485143,08:55:30 22 Apr 2021,https://docs.cdn.yougov.com/vgqowgynze/econTabReport.pdf
2022-06-08,2020-06-11,2020-06-15,0,Global Strategy Group/GBAO (Navigator Research),B/C,0,0.37469373,0.0,False,rv,all,1009.0,44.0,39.0,11.0,6.0,51.366384,33.246419,9.314405,5.0608511,08:55:27 22 Apr 2021,https://navigatorresearch.org/wp-content/uploads/2020/06/Navigating-Coronavirus-Full-Topline-F06.18.20.pdf
2022-06-08,2020-06-12,2020-06-15,0,Ipsos,B-,0,0.56486415,0.0,False,a,all,1022.0,54.0,33.0,10.0,3.0,54.722716,32.541178,9.9946578,2.608299,08:55:27 22 Apr 2021,https://www.ipsos.com/sites/default/files/ct/news/documents/2020-06/topline-axios-poll-w13.pdf
2022-06-08,2020-06-11,2020-06-15,1,AP-NORC,,0,1.1105611,0.0,False,a,all,1310.0,32.0,36.0,22.0,9.0,27.914924,37.125878,22.565118,11.188798,08:55:30 22 Apr 2021,http://apnorc.org/PDFs/AP-NORC%20June%202020/Topline_covid.pdf
2022-06-08,2020-06-11,2020-06-15,1,Global Strategy Group/GBAO (Navigator Research),B/C,0,0.37469373,0.0,False,rv,all,1009.0,34.5,31.5,22.0,12.0,30.90383,33.369499,22.031613,13.220083,08:55:30 22 Apr 2021,https://navigatorresearch.org/wp-content/uploads/2020/06/Navigating-Coronavirus-Full-Topline-F06.18.20.pdf
2022-06-08,2020-06-11,2020-06-15,1,Quinnipiac University,A-,0,1.7356538,0.0,False,rv,all,1332.0,36.0,33.0,15.0,16.0,30.717899,34.326989,18.201826,16.41204,08:55:30 22 Apr 2021,https://poll.qu.edu/national/release-detail?ReleaseID=3664
2022-06-08,2020-06-12,2020-06-14,0,Morning Consult,B,0,0.65392494,0.0,False,a,all,2200.0,58.0,27.0,4.0,3.0,54.675954,30.575784,7.5951792,3.6301942,08:55:27 22 Apr 2021,https://assets.morningconsult.com/wp-uploads/2020/06/15150404/200652_crosstabs_CORONAVIRUS_CONTENT_Adults_v2_JB.pdf
2022-06-08,2020-06-08,2020-06-14,1,Gallup,B+,0,1.0082711,0.0,False,a,all,3624.0,9.0,40.0,34.0,18.0,23.553132,35.686147,25.450654,15.685578,08:55:30 22 Apr 2021,https://news.gallup.com/poll/308222/coronavirus-pandemic.aspx
2022-06-08,2020-06-12,2020-06-14,1,YouGov,B+,0,0.36753976,0.0,False,a,all,1000.0,29.0,37.0,19.0,11.0,33.673872,35.032376,17.092027,10.485143,08:55:30 22 Apr 2021,https://docs.cdn.yougov.com/4xyjgiwnim/tabs_HP_Coronavirus_20200612.pdf
2022-06-08,2020-06-12,2020-06-14,1,LÃ©ger,B/C,0,0.44666821,0.0,False,a,all,1004.0,26.0,34.0,19.0,17.0,30.625142,34.263396,20.336962,14.41073,08:55:30 22 Apr 2021,https://leger360.com/wp-content/uploads/2020/06/Leger-National-Weekly-Pandemic-Tracker-June-15-2020.pdf
2022-06-08,2020-06-06,2020-06-13,1,Optimus,B/C,1,0.24495647,0.0,False,a,all,337.125,26.0,37.8,22.4,12.3,28.36491,36.358674,21.402384,12.764477,08:55:30 22 Apr 2021,https://github.com/optimus-forecasting-and-polling/0ptimus-Coronavirus-Tracking/tree/master/June-15-2020
2022-06-08,2020-06-10,2020-06-11,1,Ipsos,B-,0,0.76357836,0.0,False,a,all,686.0,28.0,41.0,23.0,8.0,27.53297,37.564427,24.429295,10.580933,08:55:30 22 Apr 2021,https://www.ipsos.com/sites/default/files/ct/news/documents/2020-06/topline-abc-coronavirus-wave-12.pdf
2022-06-08,2020-06-02,2020-06-09,1,Optimus,B/C,1,0.29912914,0.0,False,a,all,426.0,26.5,34.9,24.0,14.3,28.86491,33.458674,23.002384,14.764477,08:55:30 22 Apr 2021,https://github.com/optimus-forecasting-and-polling/0ptimus-Coronavirus-Tracking/tree/master/June-11-2020
2022-06-08,2020-06-07,2020-06-09,1,YouGov,B+,0,0.5383575,0.0,False,a,all,1500.0,20.0,38.0,28.0,14.0,24.673872,36.032376,26.092027,13.485143,08:55:30 22 Apr 2021,https://docs.cdn.yougov.com/ngcg634q9k/econTabReport.pdf
2022-06-08,2020-06-09,2020-06-09,1,Data for Progress,B,0,0.79311155,0.0,False,a,all,836.0,24.83,38.51,22.47,13.59,24.249016,38.02953,23.490727,14.071963,08:55:30 22 Apr 2021,https://docs.google.com/spreadsheets/d/1Ulb7_xHlxGXMc9CFALO64lP5Tow0Qsh6ENzKySO9fnc/edit
2022-06-08,2020-06-04,2020-06-08,0,Global Strategy Group/GBAO (Navigator Research),B/C,0,0.5615291,0.0,False,rv,all,1608.0,40.0,41.0,15.0,4.0,47.366384,35.246419,13.314405,3.0608511,08:55:27 22 Apr 2021,https://navigatorresearch.org/wp-content/uploads/2020/06/Navigating-Coronavirus-Full-Topline-F06.11.20.pdf
2022-06-08,2020-06-06,2020-06-08,0,Harris Insights & Analytics,B+,0,0.76623483,0.0,False,a,all,1969.0,51.0,34.0,11.0,4.0,53.747119,31.435575,10.769418,2.8370374,08:55:27 22 Apr 2021,https://theharrispoll.com/wp-content/uploads/2020/06/Wave-15-Data-Tabs.pdf
2022-06-08,2020-06-05,2020-06-08,0,Ipsos,B-,0,0.56717198,0.0,False,a,all,1006.0,48.0,33.0,11.0,7.0,48.722716,32.541178,10.994658,6.608299,08:55:27 22 Apr 2021,https://www.ipsos.com/sites/default/files/ct/news/documents/2020-06/topline-axios-wave-12.pdf
2022-06-08,2020-06-04,2020-06-08,1,Global Strategy Group/GBAO (Navigator Research),B/C,0,0.5615291,0.0,False,rv,all,1608.0,31.5,33.5,22.5,13.0,27.90383,35.369499,22.531613,14.220083,08:55:30 22 Apr 2021,https://navigatorresearch.org/wp-content/uploads/2020/06/Navigating-Coronavirus-Full-Topline-F06.11.20.pdf
2022-06-08,2020-06-05,2020-06-07,0,Morning Consult,B,0,0.64641498,0.0,False,a,all,2200.0,56.0,29.0,6.0,2.0,52.675954,32.575784,9.5951792,2.6301942,08:55:27 22 Apr 2021,https://assets.morningconsult.com/wp-uploads/2020/06/08131854/200617_crosstabs_CORONAVIRUS_CONTENT_Adults_v2_JB.pdf
2022-06-08,2020-06-01,2020-06-07,1,Gallup,B+,0,1.0867505,0.0,False,a,all,4000.0,8.0,39.0,35.0,18.0,22.553132,34.686147,26.450654,15.685578,08:55:30 22 Apr 2021,https://news.gallup.com/poll/308222/coronavirus-pandemic.aspx
2022-06-08,2020-06-05,2020-06-07,1,LÃ©ger,B/C,0,0.44142246,0.0,False,a,all,1001.0,23.5,34.5,20.5,17.5,28.125142,34.763396,21.836962,14.91073,08:55:30 22 Apr 2021,https://leger360.com/wp-content/uploads/2020/06/Leger-National-Weekly-Pandemic-Tracker-June-8th-2020.pdf
2022-06-08,2020-06-05,2020-06-07,1,YouGov,B+,0,0.35392707,0.0,False,a,all,1000.0,26.0,36.0,23.0,11.0,30.673872,34.032376,21.092027,10.485143,08:55:30 22 Apr 2021,https://docs.cdn.yougov.com/4x2nsulvy0/tabs_HP_Coronavirus_20200605.pdf
2022-06-08,2020-05-30,2020-06-06,1,Optimus,B/C,1,0.2302564,0.0,False,a,all,333.375,23.7,37.6,23.9,14.3,26.06491,36.158674,22.902384,14.764477,08:55:30 22 Apr 2021,https://github.com/optimus-forecasting-and-polling/0ptimus-Coronavirus-Tracking/tree/master/June-08-2020
2022-06-08,2020-05-21,2020-06-05,1,AP-NORC,,0,2.0004004,0.0,False,a,all,3404.0,22.0,38.0,28.0,12.0,17.914924,39.125878,28.565118,14.188798,08:55:30 22 Apr 2021,https://www.aei.org/wp-content/uploads/2020/06/AEI-COVID-19-and-American-Life-Survey-Topline.pdf
2022-06-08,2020-06-01,2020-06-03,1,Civiqs,B-,0,1.3254815,0.0,False,a,all,1327.0,14.0,37.0,20.0,29.0,21.470047,36.102809,17.416056,25.181337,08:55:30 22 Apr 2021,https://civiqs.com/documents/Civiqs_DailyKos_monthly_banner_book_2020_06_z972k3.pdf
2022-06-08,2020-05-26,2020-06-02,1,Optimus,B/C,1,0.31108476,0.0,False,a,all,453.5,22.8,39.2,24.9,12.2,25.16491,37.758674,23.902384,12.664477,08:55:30 22 Apr 2021,https://github.com/optimus-forecasting-and-polling/0ptimus-Coronavirus-Tracking/tree/master/June-04-2020
2022-06-08,2020-05-28,2020-06-02,1,NBC News/The Wall Street Journal,B+,0,1.4509205,0.0,False,rv,all,1000.0,25.0,38.0,24.0,11.0,27.221541,36.867724,23.085032,11.103408,08:55:30 22 Apr 2021,https://assets.documentcloud.org/documents/6938425/200266-NBCWSJ-June-Poll.pdf
2022-06-08,2020-05-31,2020-06-02,1,YouGov,B+,0,0.50288647,0.0,False,a,all,1500.0,20.0,38.0,28.0,13.0,24.673872,36.032376,26.092027,12.485143,08:55:30 22 Apr 2021,https://docs.cdn.yougov.com/c00sty9kik/econTabReport.pdf
2022-06-08,2020-05-28,2020-06-01,0,Global Strategy Group/GBAO (Navigator Research),B/C,0,0.35702477,0.0,False,rv,all,1007.0,46.0,38.0,12.0,4.0,53.366384,32.246419,10.314405,3.0608511,08:55:27 22 Apr 2021,https://navigatorresearch.org/wp-content/uploads/2020/06/Navigating-Coronavirus-Tracking-Topline-F06.02.20.pdf
2022-06-08,2020-05-29,2020-06-01,0,Ipsos,B-,0,0.62860711,0.0,False,a,all,1033.0,54.0,31.0,8.0,4.0,54.722716,30.541178,7.9946578,3.608299,08:55:27 22 Apr 2021,https://www.ipsos.com/sites/default/files/ct/news/documents/2020-06/topline-axios-wave-11.pdf
2022-06-08,2020-05-29,2020-06-01,0,Morning Consult,B,0,0.65427007,0.0,False,a,all,2200.0,61.0,27.0,3.0,2.0,57.675954,30.575784,6.5951792,2.6301942,08:55:27 22 Apr 2021,https://assets.morningconsult.com/wp-uploads/2020/06/03113851/2005110_crosstabs_CORONAVIRUS_CONTENT_Adults_v2_JB.pdf
2022-06-08,2020-05-28,2020-06-01,1,Global Strategy Group/GBAO (Navigator Research),B/C,0,0.35702477,0.0,False,rv,all,1007.0,33.0,32.5,24.5,9.5,29.40383,34.369499,24.531613,10.720083,08:55:30 22 Apr 2021,https://navigatorresearch.org/wp-content/uploads/2020/06/Navigating-Coronavirus-Tracking-Topline-F06.02.20.pdf
2022-06-08,2020-05-28,2020-06-01,1,Monmouth University,A,0,1.4518981,0.0,False,a,all,807.0,37.0,32.0,14.0,16.0,30.495178,35.88722,17.203295,15.429047,08:55:30 22 Apr 2021,https://www.monmouth.edu/polling-institute/documents/monmouthpoll_us_061520.pdf/
2022-06-08,2020-05-29,2020-06-01,1,YouGov,B+,0,0.68953899,0.0,False,a,all,2071.0,30.0,39.0,19.0,11.0,34.673872,37.032376,17.092027,10.485143,08:55:30 22 Apr 2021,https://drive.google.com/file/d/1ypj11mR3myQIudjo1R9Cv--lS4P2Mpq3/view
2022-06-08,2020-05-29,2020-05-31,0,Change Research,B-,0,1.0135823,0.0,False,lv,all,1457.0,42.0,37.0,18.0,4.0,47.194419,35.4946,13.656155,3.734347,08:55:27 22 Apr 2021,https://www.changeresearch.com/post/states-of-play-battleground-wave-6
2022-06-08,2020-05-29,2020-05-31,0,Harris Insights & Analytics,B+,0,0.78783569,0.0,False,a,all,1965.0,55.0,33.0,8.0,3.0,57.747119,30.435575,7.769418,1.8370374,08:55:27 22 Apr 2021,https://theharrispoll.com/wp-content/uploads/2020/06/Wave-14.pdf
2022-06-08,2020-05-25,2020-05-31,1,Gallup,B+,0,1.0424633,0.0,False,a,all,3916.0,9.0,38.0,36.0,16.0,23.553132,33.686147,27.450654,13.685578,08:55:30 22 Apr 2021,https://news.gallup.com/poll/308222/coronavirus-pandemic.aspx
2022-06-08,2020-05-29,2020-05-31,1,YouGov,B+,0,0.33559335,0.0,False,a,all,1000.0,29.0,36.0,21.0,10.0,33.673872,34.032376,19.092027,9.4851428,08:55:30 22 Apr 2021,https://docs.cdn.yougov.com/2gy7be8emb/tabs_HP_Coronavirus_20200529.pdf
2022-06-08,2020-05-29,2020-05-31,1,LÃ©ger,B/C,0,0.44180775,0.0,False,a,all,1002.0,25.5,34.5,20.0,17.0,30.125142,34.763396,21.336962,14.41073,08:55:30 22 Apr 2021,https://leger360.com/wp-content/uploads/2020/06/Leger-National-Weekly-Pandemic-Tracker-June-1-2020.pdf
2022-06-08,2020-05-23,2020-05-30,1,Optimus,B/C,1,0.2346069,0.0,False,a,all,340.5,24.6,36.3,27.4,10.7,26.96491,34.858674,26.402384,11.164477,08:55:30 22 Apr 2021,https://github.com/optimus-forecasting-and-polling/0ptimus-Coronavirus-Tracking/tree/master/June-01-2020
2022-06-08,2020-05-27,2020-05-28,0,Harris Insights & Analytics,B+,0,0.80585337,0.0,False,a,all,1996.0,54.0,33.0,9.0,4.0,56.747119,30.435575,8.769418,2.8370374,08:55:27 22 Apr 2021,https://theharrispoll.com/wp-content/uploads/2020/06/Wave-14.pdf
2022-06-08,2020-05-25,2020-05-28,1,ABC News/The Washington Post,A+,0,1.8239768,0.0,False,a,all,1001.0,30.0,33.0,22.0,13.0,32.987827,33.011195,22.162259,11.328951,08:55:30 22 Apr 2021,https://www.washingtonpost.com/context/may-25-28-2020-washington-post-abc-news-poll/bb30c35e-797e-4b5c-91fc-1a1cdfbe85cc/
2022-06-08,2020-05-21,2020-05-27,1,TargetSmart/William & Mary,B/C,0,1.1703207,0.0,False,rv,all,1200.0,26.0,38.0,22.0,13.0,26.649289,37.08505,21.995585,13.417745,08:55:30 22 Apr 2021,https://insights.targetsmart.com/Analysis/covid_national_survey_may_2020/tsmart_TS_COVID_2_banner_book.pdf
2022-06-08,2020-05-19,2020-05-26,1,Optimus,B/C,1,0.30787869,0.0,False,a,all,450.5,26.5,37.0,25.5,10.2,28.86491,35.558674,24.502384,10.664477,08:55:30 22 Apr 2021,https://github.com/optimus-forecasting-and-polling/Firehouse-0ptimus-Coronavirus-Tracking/tree/master/May-28-2020
2022-06-08,2020-05-23,2020-05-26,1,YouGov,B+,0,0.5069342,0.0,False,a,all,1500.0,24.0,40.0,25.0,11.0,28.673872,38.032376,23.092027,10.485143,08:55:30 22 Apr 2021,https://docs.cdn.yougov.com/5fsvmrvvhh/econTabReport.pdf
2022-06-08,2020-05-26,2020-05-26,1,Data for Progress,B,0,0.6581626,0.0,False,a,all,833.0,34.82,36.24,19.17,9.48,34.239016,35.75953,20.190727,9.9619631,08:55:30 22 Apr 2021,https://docs.google.com/spreadsheets/d/1m82bllf9dvqaktcX8vRc9QLar8zdjykJrf84NkfIft8/edit
2022-06-08,2020-05-21,2020-05-25,0,Morning Consult,B,0,0.66748328,0.0,False,a,all,2200.0,62.0,25.0,3.0,3.0,58.675954,28.575784,6.5951792,3.6301942,08:55:27 22 Apr 2021,https://assets.morningconsult.com/wp-uploads/2020/05/26135319/200572_crosstabs_CORONAVIRUS_CONTENT_Adults_v2_JB.pdf
2022-06-08,2020-05-21,2020-05-25,0,Global Strategy Group/GBAO (Navigator Research),B/C,0,0.34207325,0.0,False,rv,all,1012.0,47.0,40.0,9.0,4.0,54.366384,34.246419,7.314405,3.0608511,08:55:27 22 Apr 2021,https://navigatorresearch.org/wp-content/uploads/2020/05/Navigating-Coronavirus-Tracking-Topline-F05.26.20.pdf
2022-06-08,2020-05-21,2020-05-25,1,Global Strategy Group/GBAO (Navigator Research),B/C,0,0.34207325,0.0,False,rv,all,1012.0,37.0,35.5,20.0,7.5,33.40383,37.369499,20.031613,8.720083,08:55:30 22 Apr 2021,https://navigatorresearch.org/wp-content/uploads/2020/05/Navigating-Coronavirus-Tracking-Topline-F05.26.20.pdf
2022-06-08,2020-05-22,2020-05-25,1,LÃ©ger,B/C,0,0.44811127,0.0,False,a,all,1005.0,28.5,37.0,17.0,15.5,33.125142,37.263396,18.336962,12.91073,08:55:30 22 Apr 2021,https://leger360.com/wp-content/uploads/2020/05/Leger-National-weekly-pandemic-tracker-May-25-2020.pdf
2022-06-08,2020-05-18,2020-05-24,1,Gallup,B+,0,1.0052952,0.0,False,a,all,3892.0,9.0,43.0,34.0,14.0,23.553132,38.686147,25.450654,11.685578,08:55:30 22 Apr 2021,https://news.gallup.com/poll/308222/coronavirus-pandemic.aspx
2022-06-08,2020-05-22,2020-05-24,1,YouGov,B+,0,0.33826242,0.0,False,a,all,1000.0,32.0,34.0,21.0,9.0,36.673872,32.032376,19.092027,8.4851428,08:55:30 22 Apr 2021,https://docs.cdn.yougov.com/ld11fmv27h/tabs_HP_Coronavirus_20200522.pdf
2022-06-08,2020-05-16,2020-05-23,1,Optimus,B/C,1,0.23345823,0.0,False,a,all,341.625,27.6,37.4,24.8,9.7,29.96491,35.958674,23.802384,10.164477,08:55:30 22 Apr 2021,https://github.com/optimus-forecasting-and-polling/Firehouse-0ptimus-Coronavirus-Tracking/tree/master/May-25-2020
2022-06-08,2020-05-20,2020-05-21,1,Ipsos,B-,0,0.66187035,0.0,False,a,all,733.0,36.0,42.0,15.0,7.0,35.53297,38.564427,16.429295,9.5809333,08:55:30 22 Apr 2021,https://www.ipsos.com/sites/default/files/ct/news/documents/2020-05/topline-abc-coronavirus-wave-10.pdf
2022-06-08,2020-05-18,2020-05-20,1,Echelon Insights,B/C,0,1.077937,0.0,False,lv,all,1000.0,45.0,32.0,21.0,2.0,35.588797,35.939698,20.06269,7.7525087,08:55:30 22 Apr 2021,https://echeloninsights.com/in-the-news/september-omnibus-covid/
2022-06-08,2020-05-17,2020-05-20,1,Fox News/Beacon Research/Shaw & Co. Research,A,0,2.050297,0.0,False,rv,all,1207.0,35.0,36.0,18.0,10.0,32.662684,36.621448,18.714215,10.844317,08:55:30 22 Apr 2021,https://static.foxnews.com/foxnews.com/content/uploads/2020/05/Fox_May-17-20-2020_Complete_National_Topline_May-21-Release.pdf
2022-06-08,2020-05-12,2020-05-19,1,Optimus,B/C,1,0.31178912,0.0,False,a,all,456.0,28.5,38.5,22.2,10.5,30.86491,37.058674,21.202384,10.964477,08:55:30 22 Apr 2021,https://github.com/optimus-forecasting-and-polling/Firehouse-0ptimus-Coronavirus-Tracking/tree/master/May-21-2020
2022-06-08,2020-05-17,2020-05-19,1,YouGov,B+,0,0.49839653,0.0,False,a,all,1500.0,21.0,41.0,25.0,13.0,25.673872,39.032376,23.092027,12.485143,08:55:30 22 Apr 2021,https://docs.cdn.yougov.com/q0t43bjops/econTabReport.pdf
2022-06-08,2020-05-19,2020-05-19,1,Data for Progress,B,0,0.66289677,0.0,False,a,all,934.0,29.98,38.49,20.17,10.46,29.399016,38.00953,21.190727,10.941963,08:55:30 22 Apr 2021,https://doi.org/10.7910/DVN/XJLZIN
2022-06-08,2020-05-15,2020-05-18,0,Ipsos,B-,0,0.6319558,0.0,False,a,all,1009.0,62.0,28.0,7.0,3.0,62.722716,27.541178,6.9946578,2.608299,08:55:27 22 Apr 2021,https://www.ipsos.com/sites/default/files/ct/news/documents/2020-05/topline-axios-wave-10.pdf
2022-06-08,2020-05-15,2020-05-18,0,Global Strategy Group/GBAO (Navigator Research),B/C,1,0.31940724,0.0,False,rv,all,1011.0,44.0,45.0,8.0,3.0,51.366384,39.246419,6.314405,2.0608511,08:55:27 22 Apr 2021,https://navigatorresearch.org/wp-content/uploads/2020/05/Navigating-Coronavirus-Tracking-Topline-F05.19.20.pdf
2022-06-08,2020-05-14,2020-05-18,1,AP-NORC,,0,0.80287014,0.0,False,a,all,1056.0,42.0,31.0,18.0,7.0,37.914924,32.125878,18.565118,9.1887975,08:55:30 22 Apr 2021,http://www.apnorc.org/projects/Documents/may_reopen_topline_5_20.pdf
2022-06-08,2020-05-14,2020-05-18,1,Quinnipiac University,A-,0,1.7839288,0.0,False,rv,all,1323.0,45.0,32.0,15.0,8.0,39.717899,33.326989,18.201826,8.4120401,08:55:30 22 Apr 2021,https://poll.qu.edu/national/release-detail?ReleaseID=3661
2022-06-08,2020-05-15,2020-05-18,1,Global Strategy Group/GBAO (Navigator Research),B/C,1,0.31940724,0.0,False,rv,all,1011.0,34.5,35.0,21.5,8.5,30.90383,36.869499,21.531613,9.720083,08:55:30 22 Apr 2021,https://navigatorresearch.org/wp-content/uploads/2020/05/Navigating-Coronavirus-Tracking-Topline-F05.19.20.pdf
2022-06-08,2020-05-15,2020-05-17,0,Harris Insights & Analytics,B+,0,0.86089585,0.0,False,a,all,1961.0,58.0,30.0,9.0,3.0,60.747119,27.435575,8.769418,1.8370374,08:55:27 22 Apr 2021,https://theharrispoll.com/wp-content/uploads/2020/05/Wave-2-12_tabs.pdf
2022-06-08,2020-05-15,2020-05-17,0,Change Research,B-,0,0.86204359,0.0,False,lv,all,1424.0,47.0,33.0,18.0,2.0,52.194419,31.4946,13.656155,1.734347,08:55:27 22 Apr 2021,https://www.changeresearch.com/post/states-of-play-battleground-wave-4
2022-06-08,2020-05-15,2020-05-17,0,Morning Consult,B,0,0.60993736,0.0,False,rv,all,1995.0,67.0,23.0,3.0,1.0,63.675954,26.575784,6.5951792,1.6301942,08:55:27 22 Apr 2021,https://assets.morningconsult.com/wp-uploads/2020/05/19123311/200550_crosstabs_CORONAVIRUS_CONTENT_RVs_v2_JB.pdf
2022-06-08,2020-05-11,2020-05-17,1,Gallup,B+,0,1.0145542,0.0,False,a,all,4117.0,10.0,41.0,34.0,16.0,24.553132,36.686147,25.450654,13.685578,08:55:30 22 Apr 2021,https://news.gallup.com/poll/308222/coronavirus-pandemic.aspx
2022-06-08,2020-05-15,2020-05-17,1,LÃ©ger,B/C,0,0.45152705,0.0,False,a,all,1001.0,28.0,35.0,19.0,13.5,32.625142,35.263396,20.336962,10.91073,08:55:30 22 Apr 2021,https://leger360.com/wp-content/uploads/2020/05/Leger-National-Weekly-Pandemic-Tracker-May-19-2020.pdf
2022-06-08,2020-05-15,2020-05-17,1,YouGov,B+,0,0.33167254,0.0,False,a,all,1000.0,34.0,40.0,16.0,7.0,38.673872,38.032376,14.092027,6.4851428,08:55:30 22 Apr 2021,https://big.assets.huffingtonpost.com/athena/files/2020/05/22/5ec83680c5b600109ea0d27d.pdf
2022-06-08,2020-05-15,2020-05-17,1,Change Research,B-,0,1.059473,0.0,False,lv,all,1424.0,48.0,22.0,20.0,9.0,44.364164,27.414765,17.134191,9.8050703,08:55:30 22 Apr 2021,https://www.changeresearch.com/post/states-of-play-battleground-wave-4
2022-06-08,2020-05-09,2020-05-16,1,Optimus,B/C,1,0.23078364,0.0,False,a,all,334.875,28.6,37.6,20.9,12.4,30.96491,36.158674,19.902384,12.864477,08:55:30 22 Apr 2021,https://github.com/optimus-forecasting-and-polling/Firehouse-0ptimus-Coronavirus-Tracking/tree/master/May-18-2020
2022-06-08,2020-05-12,2020-05-15,0,Global Strategy Group/GBAO (Navigator Research),B/C,1,0.23637075,0.0,False,rv,all,758.25,48.0,38.0,8.0,6.0,55.366384,32.246419,6.314405,5.0608511,08:55:27 22 Apr 2021,https://navigatorresearch.org/wp-content/uploads/2020/05/Navigator-Daily-Tracker-Topline-F05.15.20.pdf
2022-06-08,2020-05-12,2020-05-15,1,Global Strategy Group/GBAO (Navigator Research),B/C,1,0.23637075,0.0,False,rv,all,758.25,40.5,32.0,18.0,9.5,36.90383,33.869499,18.031613,10.720083,08:55:30 22 Apr 2021,https://navigatorresearch.org/wp-content/uploads/2020/05/Navigator-Daily-Tracker-Topline-F05.15.20.pdf
2022-06-08,2020-05-11,2020-05-14,0,Global Strategy Group/GBAO (Navigator Research),B/C,1,0.07864665,0.0,False,rv,all,252.5,47.0,38.0,10.0,5.0,54.366384,32.246419,8.314405,4.0608511,08:55:27 22 Apr 2021,https://navigatorresearch.org/wp-content/uploads/2020/05/Navigator-Daily-Tracker-Topline-F05.14.20.pdf
2022-06-08,2020-05-11,2020-05-14,1,Global Strategy Group/GBAO (Navigator Research),B/C,1,0.07864031,0.0,False,rv,all,252.5,38.0,35.0,18.5,9.0,34.40383,36.869499,18.531613,10.220083,08:55:30 22 Apr 2021,https://navigatorresearch.org/wp-content/uploads/2020/05/Navigator-Daily-Tracker-Topline-F05.14.20.pdf
2022-06-08,2020-05-13,2020-05-14,1,Ipsos,B-,0,0.46849512,0.0,False,a,all,564.0,36.0,43.0,17.0,5.0,35.53297,39.564427,18.429295,7.5809333,08:55:30 22 Apr 2021,https://www.ipsos.com/sites/default/files/ct/news/documents/2020-05/topline-abc-coronavirus-wave-9.pdf
2022-06-08,2020-05-13,2020-05-14,1,Harris Insights & Analytics,B+,0,2.0350632,0.0,False,rv,all,1854.0,22.0,36.0,25.0,17.0,22.807314,36.37577,24.730843,15.577854,08:55:30 22 Apr 2021,https://harvardharrispoll.com/wp-content/uploads/2020/05/May20_HHP_RegisteredVoters_Crosstabs.pdf
2022-06-08,2020-05-08,2020-05-13,0,Global Strategy Group/GBAO (Navigator Research),B/C,1,0.15643394,0.0,False,rv,all,505.0,45.0,41.0,9.0,4.0,52.366384,35.246419,7.314405,3.0608511,08:55:27 22 Apr 2021,https://navigatorresearch.org/wp-content/uploads/2020/05/Navigator-Daily-Tracker-Topline-F05.13.20.pdf
2022-06-08,2020-05-08,2020-05-13,1,Global Strategy Group/GBAO (Navigator Research),B/C,1,0.15637092,0.0,False,rv,all,505.0,37.5,34.5,19.5,9.0,33.90383,36.369499,19.531613,10.220083,08:55:30 22 Apr 2021,https://navigatorresearch.org/wp-content/uploads/2020/05/Navigator-Daily-Tracker-Topline-F05.13.20.pdf
2022-06-08,2020-05-11,2020-05-13,1,YouGov,B+,0,0.62550511,0.0,False,a,all,2000.0,32.0,40.0,18.0,9.0,36.673872,38.032376,16.092027,8.4851428,08:55:30 22 Apr 2021,https://drive.google.com/file/d/1uFybAzWKhjq0M7MdhDFQwNEeeFrlyyaU/view
2022-06-08,2020-05-07,2020-05-12,0,Global Strategy Group/GBAO (Navigator Research),B/C,1,0.05231067,0.0,False,rv,all,168.16667,45.0,41.0,11.0,3.0,52.366384,35.246419,9.314405,2.0608511,08:55:27 22 Apr 2021,https://navigatorresearch.org/wp-content/uploads/2020/05/Navigator-Daily-Tracker-Topline-F05.12.20.pdf
2022-06-08,2020-05-05,2020-05-12,1,Optimus,B/C,1,0.28318388,0.0,False,a,all,410.5,31.0,35.4,21.2,11.4,33.36491,33.958674,20.202384,11.864477,08:55:30 22 Apr 2021,https://github.com/optimus-forecasting-and-polling/Firehouse-0ptimus-Coronavirus-Tracking/tree/master/May-14-2020
2022-06-08,2020-05-07,2020-05-12,1,Global Strategy Group/GBAO (Navigator Research),B/C,1,0.05227495,0.0,False,rv,all,168.16667,35.0,35.5,21.5,8.5,31.40383,37.369499,21.531613,9.720083,08:55:30 22 Apr 2021,https://navigatorresearch.org/wp-content/uploads/2020/05/Navigator-Daily-Tracker-Topline-F05.12.20.pdf
2022-06-08,2020-05-10,2020-05-12,1,YouGov,B+,0,0.46546031,0.0,False,a,all,1500.0,24.0,40.0,25.0,11.0,28.673872,38.032376,23.092027,10.485143,08:55:30 22 Apr 2021,https://docs.cdn.yougov.com/sww5v5iven/econTabReport.pdf
2022-06-08,2020-05-12,2020-05-12,1,Data for Progress,B,0,0.55449093,0.0,False,a,all,817.0,33.67,39.51,16.44,9.85,33.089016,39.02953,17.460727,10.331963,08:55:30 22 Apr 2021,https://docs.google.com/spreadsheets/d/1WuukVMHY020EbSvNGK22X-Onb8BwBZ58ZW1BrXUAzIg/edit
2022-06-08,2020-05-06,2020-05-11,0,Global Strategy Group/GBAO (Navigator Research),B/C,1,0.05324339,0.0,False,rv,all,170.0,48.0,40.0,9.0,3.0,55.366384,34.246419,7.314405,2.0608511,08:55:27 22 Apr 2021,https://navigatorresearch.org/wp-content/uploads/2020/05/Navigator-Daily-Tracker-Topline-F05.11.20.pdf
2022-06-08,2020-05-08,2020-05-11,0,Ipsos,B-,0,0.59085824,0.0,False,a,all,980.0,60.0,28.0,8.0,3.0,60.722716,27.541178,7.9946578,2.608299,08:55:27 22 Apr 2021,https://www.ipsos.com/sites/default/files/ct/news/documents/2020-05/topline-axios-wave-9.pdf
2022-06-08,2020-05-06,2020-05-11,1,Global Strategy Group/GBAO (Navigator Research),B/C,1,0.05318602,0.0,False,rv,all,170.0,36.5,34.0,21.5,8.5,32.90383,35.869499,21.531613,9.720083,08:55:30 22 Apr 2021,https://navigatorresearch.org/wp-content/uploads/2020/05/Navigator-Daily-Tracker-Topline-F05.11.20.pdf
2022-06-08,2020-05-08,2020-05-10,0,Harris Insights & Analytics,B+,0,0.84670729,0.0,False,a,all,2030.0,51.0,33.0,11.0,5.0,53.747119,30.435575,10.769418,3.8370374,08:55:27 22 Apr 2021,https://theharrispoll.com/wp-content/uploads/2020/05/Wave-2-11.pdf
2022-06-08,2020-05-08,2020-05-10,0,Morning Consult,B,0,0.6556066,0.0,False,a,all,2200.0,64.0,24.0,3.0,1.0,60.675954,27.575784,6.5951792,1.6301942,08:55:27 22 Apr 2021,https://assets.morningconsult.com/wp-uploads/2020/05/12122705/200529_crosstabs_CORONAVIRUS_CONTENT_Adults_v2_JB.pdf
2022-06-08,2020-05-04,2020-05-10,1,Gallup,B+,0,0.94887705,0.0,False,a,all,4159.0,11.0,42.0,34.0,13.0,25.553132,37.686147,25.450654,10.685578,08:55:30 22 Apr 2021,https://news.gallup.com/poll/308222/coronavirus-pandemic.aspx
2022-06-08,2020-05-05,2020-05-10,1,ABC News/The Washington Post,A+,0,1.6076228,0.0,False,a,all,1007.0,22.0,36.0,24.0,17.0,24.987827,36.011195,24.162259,15.328951,08:55:30 22 Apr 2021,https://www.washingtonpost.com/context/may-5-10-2020-washington-post-university-of-maryland-poll/722b3348-4f59-4b35-9fa0-2f9eb4ac76c0/?itid=lk_inline_manual_1
2022-06-08,2020-05-08,2020-05-10,1,YouGov,B+,0,0.31035058,0.0,False,a,all,1000.0,33.0,35.0,19.0,8.0,37.673872,33.032376,17.092027,7.4851428,08:55:30 22 Apr 2021,https://big.assets.huffingtonpost.com/athena/files/2020/05/15/5ebec87ac5b65727da7b17b2.pdf
2022-06-08,2020-05-08,2020-05-10,1,LÃ©ger,B/C,0,0.45262607,0.0,False,a,all,1004.0,27.5,38.0,18.5,14.0,32.125142,38.263396,19.836962,11.41073,08:55:30 22 Apr 2021,https://leger360.com/wp-content/uploads/2020/05/Leger-National-Weekly-Pandemic-Tracker-May-11-2020_VF.pdf
2022-06-08,2020-05-02,2020-05-09,1,Optimus,B/C,1,0.21285004,0.0,False,a,all,307.875,31.6,39.9,18.8,8.7,33.96491,38.458674,17.802384,9.1644768,08:55:30 22 Apr 2021,https://github.com/optimus-forecasting-and-polling/Firehouse-0ptimus-Coronavirus-Tracking/tree/master/May-11-2020
2022-06-08,2020-05-05,2020-05-08,0,Global Strategy Group/GBAO (Navigator Research),B/C,1,0.08114902,0.0,False,rv,all,255.5,48.0,39.0,10.0,3.0,55.366384,33.246419,8.314405,2.0608511,08:55:27 22 Apr 2021,https://navigatorresearch.org/wp-content/uploads/2020/05/Navigator-Daily-Tracker-Topline-F05.08.20.pdf
2022-06-08,2020-05-05,2020-05-08,1,Global Strategy Group/GBAO (Navigator Research),B/C,1,0.08096988,0.0,False,rv,all,255.5,37.0,35.0,20.5,7.5,33.40383,36.869499,20.531613,8.720083,08:55:30 22 Apr 2021,https://navigatorresearch.org/wp-content/uploads/2020/05/Navigator-Daily-Tracker-Topline-F05.08.20.pdf
2022-06-08,2020-05-04,2020-05-07,0,Global Strategy Group/GBAO (Navigator Research),B/C,1,0.08041593,0.0,False,rv,all,252.5,49.0,40.0,8.0,3.0,56.366384,34.246419,6.314405,2.0608511,08:55:27 22 Apr 2021,https://navigatorresearch.org/wp-content/uploads/2020/05/Navigator-Daily-Tracker-Topline-F05.07.20.pdf
2022-06-08,2020-05-04,2020-05-07,1,Global Strategy Group/GBAO (Navigator Research),B/C,1,0.08017791,0.0,False,rv,all,252.5,37.0,34.5,20.5,7.0,33.40383,36.369499,20.531613,8.220083,08:55:30 22 Apr 2021,https://navigatorresearch.org/wp-content/uploads/2020/05/Navigator-Daily-Tracker-Topline-F05.07.20.pdf
2022-06-08,2020-05-06,2020-05-07,1,Ipsos,B-,0,0.42722167,0.0,False,a,all,532.0,35.0,42.0,17.0,6.0,34.53297,38.564427,18.429295,8.5809333,08:55:30 22 Apr 2021,https://www.ipsos.com/sites/default/files/ct/news/documents/2020-05/topline-abc-coronavirus-wave-8.pdf
2022-06-08,2020-05-01,2020-05-06,0,Global Strategy Group/GBAO (Navigator Research),B/C,1,0.16153373,0.0,False,rv,all,507.0,50.0,39.0,8.0,3.0,57.366384,33.246419,6.314405,2.0608511,08:55:27 22 Apr 2021,https://navigatorresearch.org/wp-content/uploads/2020/05/Navigator-Daily-Tracker-Topline-F05.06.20.pdf
2022-06-08,2020-05-01,2020-05-06,1,Global Strategy Group/GBAO (Navigator Research),B/C,1,0.1608093,0.0,False,rv,all,507.0,38.5,32.5,21.0,8.5,34.90383,34.369499,21.031613,9.720083,08:55:30 22 Apr 2021,https://navigatorresearch.org/wp-content/uploads/2020/05/Navigator-Daily-Tracker-Topline-F05.06.20.pdf
2022-06-08,2020-04-30,2020-05-05,0,Global Strategy Group/GBAO (Navigator Research),B/C,1,0.05375395,0.0,False,rv,all,167.5,49.0,39.0,8.0,4.0,56.366384,33.246419,6.314405,3.0608511,08:55:27 22 Apr 2021,https://navigatorresearch.org/wp-content/uploads/2020/05/Navigator-Daily-Tracker-Topline-F05.05.20.pdf
2022-06-08,2020-04-28,2020-05-05,1,Optimus,B/C,1,0.30982181,0.0,False,a,all,449.5,30.5,40.5,20.1,8.0,32.86491,39.058674,19.102384,8.4644768,08:55:30 22 Apr 2021,https://github.com/optimus-forecasting-and-polling/Firehouse-0ptimus-Coronavirus-Tracking/tree/master/May-07-2020
2022-06-08,2020-04-30,2020-05-05,1,Global Strategy Group/GBAO (Navigator Research),B/C,1,0.05347311,0.0,False,rv,all,167.5,37.5,32.0,22.0,8.5,33.90383,33.869499,22.031613,9.720083,08:55:30 22 Apr 2021,https://navigatorresearch.org/wp-content/uploads/2020/05/Navigator-Daily-Tracker-Topline-F05.05.20.pdf
2022-06-08,2020-05-03,2020-05-05,1,YouGov,B+,0,0.44812038,0.0,False,a,all,1500.0,24.0,42.0,25.0,9.0,28.673872,40.032376,23.092027,8.4851428,08:55:30 22 Apr 2021,https://docs.cdn.yougov.com/5yope37lqh/econTabReport.pdf
2022-06-08,2020-05-02,2020-05-05,1,Civiqs,B-,0,1.2467314,0.0,False,a,all,1546.0,16.0,37.0,28.0,18.0,23.470047,36.102809,25.416056,14.181337,08:55:30 22 Apr 2021,https://civiqs.com/documents/Civiqs_DailyKos_monthly_banner_book_2020_05_r8c32an.pdf
2022-06-08,2020-05-05,2020-05-05,1,Data for Progress,B,0,0.60649864,0.0,False,a,all,918.0,36.47,38.35,16.05,8.63,35.889016,37.86953,17.070727,9.1119631,08:55:30 22 Apr 2021,https://docs.google.com/spreadsheets/d/1cj1W_9MLHk5A_j0c0I-UMH28UMGJ3_nULmtU6_Y2OI4/edit
2022-06-08,2020-04-29,2020-05-04,0,Global Strategy Group/GBAO (Navigator Research),B/C,1,0.05478883,0.0,False,rv,all,169.0,49.0,38.0,10.0,3.0,56.366384,32.246419,8.314405,2.0608511,08:55:27 22 Apr 2021,https://navigatorresearch.org/wp-content/uploads/2020/05/Navigator-Daily-Tracker-Topline-F05.04.20.pdf
2022-06-08,2020-05-01,2020-05-04,0,Ipsos,B-,0,0.63859439,0.0,False,a,all,1012.0,56.0,30.0,9.0,4.0,56.722716,29.541178,8.9946578,3.608299,08:55:27 22 Apr 2021,https://www.ipsos.com/sites/default/files/ct/news/documents/2020-05/topline-axios-wave-8.pdf
2022-06-08,2020-04-30,2020-05-04,1,AP-NORC,,0,0.92322898,0.0,False,a,all,1002.0,47.0,29.0,17.0,6.0,42.914924,30.125878,17.565118,8.1887975,08:55:30 22 Apr 2021,http://www.apnorc.org/projects/Documents/topline_divinity_policy.pdf
2022-06-08,2020-04-29,2020-05-04,1,Global Strategy Group/GBAO (Navigator Research),B/C,1,0.05446274,0.0,False,rv,all,169.0,36.5,33.5,21.0,9.0,32.90383,35.369499,21.031613,10.220083,08:55:30 22 Apr 2021,https://navigatorresearch.org/wp-content/uploads/2020/05/Navigator-Daily-Tracker-Topline-F05.04.20.pdf
2022-06-08,2020-04-30,2020-05-04,1,Monmouth University,A,0,1.4403932,0.0,False,a,all,808.0,42.0,28.0,14.0,16.0,35.495178,31.88722,17.203295,15.429047,08:55:30 22 Apr 2021,https://www.monmouth.edu/polling-institute/documents/monmouthpoll_us_051120.pdf/
2022-06-08,2020-05-01,2020-05-04,1,Garin-Hart-Yang Research Group,B-,0,1.169018,0.0,False,a,all,1002.0,33.0,37.0,20.0,9.0,29.151237,36.969091,21.656425,10.946819,08:55:30 22 Apr 2021,https://caringacross.org/wp-content/uploads/2020/05/FI12876-CAGNDWA-Topline-Results-for-Public-Release-May-1-4-2020.pdf
2022-06-08,2020-05-01,2020-05-03,0,Morning Consult,B,0,0.64392234,0.0,False,a,all,2200.0,66.0,20.0,3.0,2.0,62.675954,23.575784,6.5951792,2.6301942,08:55:27 22 Apr 2021,https://assets.morningconsult.com/wp-uploads/2020/07/24151813/2004107_crosstabs_CORONAVIRUS_CONTENT_Adults_v2_JB.pdf
2022-06-08,2020-05-01,2020-05-03,0,Change Research,B-,0,0.88674813,0.0,False,lv,all,1489.0,49.0,34.0,13.0,4.0,54.194419,32.4946,8.6561549,3.734347,08:55:27 22 Apr 2021,https://www.changeresearch.com/post/states-of-play-battleground-wave-4
2022-06-08,2020-05-01,2020-05-03,0,Harris Insights & Analytics,B+,0,0.82470714,0.0,False,a,all,2039.0,54.0,33.0,9.0,3.0,56.747119,30.435575,8.769418,1.8370374,08:55:27 22 Apr 2021,https://theharrispoll.com/wp-content/uploads/2020/05/Wave-2-10_tabs_Banner-11.pdf
2022-06-08,2020-04-27,2020-05-03,1,Gallup,B+,0,0.91568781,0.0,False,a,all,4553.0,11.0,38.0,36.0,15.0,25.553132,33.686147,27.450654,12.685578,08:55:30 22 Apr 2021,https://news.gallup.com/poll/308222/coronavirus-pandemic.aspx
2022-06-08,2020-04-28,2020-05-03,1,ABC News/The Washington Post,A+,0,1.5376286,0.0,False,a,all,1005.0,21.0,42.0,21.0,16.0,23.987827,42.011195,21.162259,14.328951,08:55:30 22 Apr 2021,https://www.washingtonpost.com/context/washington-post-university-of-maryland-national-poll-april-28-may-3-2020/9ac3c026-f68c-4733-82a0-daa6862d99b3/
2022-06-08,2020-05-01,2020-05-03,1,LÃ©ger,B/C,0,0.44817897,0.0,False,a,all,1002.0,31.0,35.0,18.0,13.0,35.625142,35.263396,19.336962,10.41073,08:55:30 22 Apr 2021,https://leger360.com/wp-content/uploads/2020/05/Leger-National-COVID-19-Tracking-Report-May-4-2020-1.pdf
2022-06-08,2020-05-01,2020-05-03,1,YouGov,B+,0,0.29434515,0.0,False,a,all,1000.0,32.0,40.0,16.0,9.0,36.673872,38.032376,14.092027,8.4851428,08:55:30 22 Apr 2021,https://big.assets.huffingtonpost.com/athena/files/2020/05/07/5eb484aac5b6c8214cf4bade.pdf
2022-06-08,2020-05-01,2020-05-03,1,Change Research,B-,0,1.0935648,0.0,False,lv,all,1489.0,44.0,22.0,25.0,10.0,40.364164,27.414765,22.134191,10.80507,08:55:30 22 Apr 2021,https://www.changeresearch.com/post/states-of-play-battleground-wave-4
2022-06-08,2020-04-25,2020-05-02,1,Optimus,B/C,1,0.23559786,0.0,False,a,all,341.25,29.7,38.2,22.0,9.0,32.06491,36.758674,21.002384,9.4644768,08:55:30 22 Apr 2021,https://github.com/optimus-forecasting-and-polling/Firehouse-0ptimus-Coronavirus-Tracking/tree/master/May-04-2020
2022-06-08,2020-04-28,2020-05-01,0,Global Strategy Group/GBAO (Navigator Research),B/C,1,0.08391034,0.0,False,rv,all,255.5,47.0,38.0,10.0,4.0,54.366384,32.246419,8.314405,3.0608511,08:55:27 22 Apr 2021,https://navigatorresearch.org/wp-content/uploads/2020/05/Navigator-Daily-Tracker-Topline-F05.01.20.pdf
2022-06-08,2020-04-28,2020-05-01,1,YouGov,B+,0,0.63953686,0.0,False,a,all,2200.0,29.0,41.0,17.0,12.0,33.673872,39.032376,15.092027,11.485143,08:55:30 22 Apr 2021,https://drive.google.com/file/d/1rPmATVVPfzsgn-1g7m9zX-PfFVgPXCGY/view
2022-06-08,2020-04-28,2020-05-01,1,Global Strategy Group/GBAO (Navigator Research),B/C,1,0.08328394,0.0,False,rv,all,255.5,36.0,35.5,20.5,8.0,32.40383,37.369499,20.531613,9.220083,08:55:30 22 Apr 2021,https://navigatorresearch.org/wp-content/uploads/2020/05/Navigator-Daily-Tracker-Topline-F05.01.20.pdf
2022-06-08,2020-04-27,2020-04-30,0,Global Strategy Group/GBAO (Navigator Research),B/C,1,0.08324823,0.0,False,rv,all,252.0,47.0,40.0,9.0,4.0,54.366384,34.246419,7.314405,3.0608511,08:55:27 22 Apr 2021,https://navigatorresearch.org/wp-content/uploads/2020/04/Navigator-Daily-Tracker-Topline-F04.30.20.pdf
2022-06-08,2020-04-27,2020-04-30,1,Global Strategy Group/GBAO (Navigator Research),B/C,1,0.08256157,0.0,False,rv,all,252.0,37.0,35.0,21.0,6.5,33.40383,36.869499,21.031613,7.720083,08:55:30 22 Apr 2021,https://navigatorresearch.org/wp-content/uploads/2020/04/Navigator-Daily-Tracker-Topline-F04.30.20.pdf
2022-06-08,2020-04-29,2020-04-30,1,Ipsos,B-,0,0.40526069,0.0,False,a,all,518.0,39.0,42.0,13.0,4.0,38.53297,38.564427,14.429295,6.5809333,08:55:30 22 Apr 2021,https://abcnews.go.com/Politics/americans-uneasy-returning-normal-restrictions-loosen-poll/story?id=70423858
2022-06-08,2020-04-24,2020-04-29,0,Global Strategy Group/GBAO (Navigator Research),B/C,1,0.16636189,0.0,False,rv,all,502.0,47.0,42.0,8.0,3.0,54.366384,36.246419,6.314405,2.0608511,08:55:27 22 Apr 2021,https://navigatorresearch.org/wp-content/uploads/2020/04/Navigator-Daily-Tracker-Topline-F04.29.20.pdf
2022-06-08,2020-04-24,2020-04-29,1,Global Strategy Group/GBAO (Navigator Research),B/C,1,0.16460283,0.0,False,rv,all,502.0,38.5,35.5,20.0,6.5,34.90383,37.369499,20.031613,7.720083,08:55:30 22 Apr 2021,https://navigatorresearch.org/wp-content/uploads/2020/04/Navigator-Daily-Tracker-Topline-F04.29.20.pdf
2022-06-08,2020-04-23,2020-04-28,0,Global Strategy Group/GBAO (Navigator Research),B/C,1,0.0561263,0.0,False,rv,all,168.66667,44.0,45.0,8.0,3.0,51.366384,39.246419,6.314405,2.0608511,08:55:27 22 Apr 2021,https://navigatorresearch.org/wp-content/uploads/2020/04/Navigator-Daily-Tracker-Topline-F04.28.20.pdf
2022-06-08,2020-04-21,2020-04-28,1,Optimus,B/C,1,0.30153214,0.0,False,a,all,437.0,28.9,40.9,20.3,9.0,31.26491,39.458674,19.302384,9.4644768,08:55:30 22 Apr 2021,https://github.com/optimus-forecasting-and-polling/Firehouse-0ptimus-Coronavirus-Tracking/tree/master/April-30-2020
2022-06-08,2020-04-23,2020-04-28,1,Global Strategy Group/GBAO (Navigator Research),B/C,1,0.0554603,0.0,False,rv,all,168.66667,38.0,35.5,21.5,5.5,34.40383,37.369499,21.531613,6.720083,08:55:30 22 Apr 2021,https://navigatorresearch.org/wp-content/uploads/2020/04/Navigator-Daily-Tracker-Topline-F04.28.20.pdf
2022-06-08,2020-04-26,2020-04-28,1,YouGov,B+,0,0.43546668,0.0,False,a,all,1500.0,22.0,42.0,27.0,10.0,26.673872,40.032376,25.092027,9.4851428,08:55:30 22 Apr 2021,https://docs.cdn.yougov.com/pwwefjdnsp/econTabReport.pdf
2022-06-08,2020-04-28,2020-04-28,1,Data for Progress,B,0,0.69142842,0.0,False,a,all,1048.0,36.21,36.36,18.21,8.46,35.629016,35.87953,19.230727,8.9419631,08:55:30 22 Apr 2021,https://docs.google.com/spreadsheets/d/1zA_YTHzyYFjKcjwUD6fvtkemZ7BOSJ0p2AcEhTI9kJY/edit
2022-06-08,2020-04-22,2020-04-27,0,Global Strategy Group/GBAO (Navigator Research),B/C,1,0.05760626,0.0,False,rv,all,171.83333,42.0,45.0,10.0,2.0,49.366384,39.246419,8.314405,1.0608511,08:55:27 22 Apr 2021,https://navigatorresearch.org/wp-content/uploads/2020/04/Navigator-Daily-Tracker-Topline-F04.27.20.pdf
2022-06-08,2020-04-24,2020-04-27,0,Ipsos,B-,0,0.75069252,0.0,False,a,all,1021.0,61.0,26.0,8.0,4.0,61.722716,25.541178,7.9946578,3.608299,08:55:27 22 Apr 2021,https://www.ipsos.com/sites/default/files/ct/news/documents/2020-04/topline-axios-wave-7.pdf
2022-06-08,2020-04-25,2020-04-27,0,Harris Insights & Analytics,B+,0,0.82927442,0.0,False,a,all,2050.0,57.0,30.0,8.0,5.0,59.747119,27.435575,7.769418,3.8370374,08:55:27 22 Apr 2021,https://theharrispoll.com/wp-content/uploads/2020/04/The-Harris-Poll_COVID19-Tracker-Wave-9.pdf
2022-06-08,2020-04-22,2020-04-27,1,Global Strategy Group/GBAO (Navigator Research),B/C,1,0.05682962,0.0,False,rv,all,171.83333,36.5,34.5,23.0,5.5,32.90383,36.369499,23.031613,6.720083,08:55:30 22 Apr 2021,https://navigatorresearch.org/wp-content/uploads/2020/04/Navigator-Daily-Tracker-Topline-F04.27.20.pdf
2022-06-08,2020-04-24,2020-04-26,0,Morning Consult,B,0,0.62373242,0.0,False,a,all,2200.0,67.0,21.0,3.0,1.0,63.675954,24.575784,6.5951792,1.6301942,08:55:27 22 Apr 2021,https://morningconsult.com/wp-content/uploads/2020/04/200479_crosstabs_CORONAVIRUS_CONTENT_Adults_v2_JB.pdf
2022-06-08,2020-04-17,2020-04-26,1,PureSpectrum,,0,1.2901684,0.0,False,a,all,22921.0,39.5,33.5,16.0,8.5,36.734441,34.936309,17.65645,9.0334104,08:55:30 22 Apr 2021,https://www.washingtonpost.com/politics/2020/04/29/these-three-governors-are-reopening-their-states-faster-than-their-voters-want/
2022-06-08,2020-04-20,2020-04-26,1,Gallup,B+,0,1.3839609,0.0,False,a,all,7921.0,13.0,43.0,33.0,12.0,27.553132,38.686147,24.450654,9.685578,08:55:30 22 Apr 2021,https://news.gallup.com/poll/308222/coronavirus-pandemic.aspx
2022-06-08,2020-04-21,2020-04-26,1,ABC News/The Washington Post,A+,0,1.5504484,0.0,False,a,all,1008.0,20.0,40.0,25.0,15.0,22.987827,40.011195,25.162259,13.328951,08:55:30 22 Apr 2021,https://www.washingtonpost.com/context/washington-post-university-of-maryland-national-poll-april-21-26-2020/3583b4e9-66be-4ed6-a457-f6630a550ddf/
2022-06-08,2020-04-24,2020-04-26,1,LÃ©ger,B/C,0,0.45714647,0.0,False,a,all,1016.0,31.0,35.0,17.5,12.5,35.625142,35.263396,18.836962,9.9107302,08:55:30 22 Apr 2021,https://leger360.com/wp-content/uploads/2020/04/tracking_covid19_13386-124_EN_week6-1-1.pdf
2022-06-08,2020-04-24,2020-04-26,1,YouGov,B+,0,0.29132884,0.0,False,a,all,1000.0,38.0,31.0,18.0,8.0,42.673872,29.032376,16.092027,7.4851428,08:55:30 22 Apr 2021,https://big.assets.huffingtonpost.com/athena/files/2020/05/07/5eb484a9c5b62d0addac2c45.pdf
2022-06-08,2020-04-18,2020-04-25,1,Optimus,B/C,1,0.22759839,0.0,False,a,all,328.5,27.8,43.1,19.2,9.2,30.16491,41.658674,18.202384,9.6644768,08:55:30 22 Apr 2021,https://github.com/optimus-forecasting-and-polling/Firehouse-0ptimus-Coronavirus-Tracking/tree/master/April-27-2020
2022-06-08,2020-04-21,2020-04-24,0,Global Strategy Group/GBAO (Navigator Research),B/C,1,0.08747284,0.0,False,rv,all,258.75,41.0,44.0,12.0,3.0,48.366384,38.246419,10.314405,2.0608511,08:55:27 22 Apr 2021,https://navigatorresearch.org/wp-content/uploads/2020/04/Navigator-Daily-Tracker-Topline-F04.24.20.pdf
2022-06-08,2020-04-21,2020-04-24,1,Global Strategy Group/GBAO (Navigator Research),B/C,1,0.08590717,0.0,False,rv,all,258.75,36.5,36.5,22.5,5.5,32.90383,38.369499,22.531613,6.720083,08:55:30 22 Apr 2021,https://navigatorresearch.org/wp-content/uploads/2020/04/Navigator-Daily-Tracker-Topline-F04.24.20.pdf
2022-06-08,2020-04-20,2020-04-23,0,Global Strategy Group/GBAO (Navigator Research),B/C,1,0.08571127,0.0,False,rv,all,252.5,45.0,42.0,11.0,3.0,52.366384,36.246419,9.314405,2.0608511,08:55:27 22 Apr 2021,https://navigatorresearch.org/wp-content/uploads/2020/04/Navigator-Daily-Tracker-Topline-F04.23.20.pdf
2022-06-08,2020-04-20,2020-04-23,1,Global Strategy Group/GBAO (Navigator Research),B/C,1,0.08393581,0.0,False,rv,all,252.5,36.5,37.5,20.0,6.5,32.90383,39.369499,20.031613,7.720083,08:55:30 22 Apr 2021,https://navigatorresearch.org/wp-content/uploads/2020/04/Navigator-Daily-Tracker-Topline-F04.23.20.pdf
2022-06-08,2020-04-22,2020-04-23,1,Ipsos,B-,0,0.37551946,0.0,False,a,all,506.0,42.0,40.0,14.0,4.0,41.53297,36.564427,15.429295,6.5809333,08:55:30 22 Apr 2021,https://www.ipsos.com/sites/default/files/ct/news/documents/2020-04/topline-abc-coronavirus-wave-6.pdf
2022-06-08,2020-04-17,2020-04-22,0,Global Strategy Group/GBAO (Navigator Research),B/C,1,0.17431803,0.0,False,rv,all,511.0,43.0,42.0,12.0,3.0,50.366384,36.246419,10.314405,2.0608511,08:55:27 22 Apr 2021,https://navigatorresearch.org/wp-content/uploads/2020/04/Navigator-Daily-Tracker-Topline-F04.22.20.pdf
2022-06-08,2020-04-17,2020-04-22,1,Global Strategy Group/GBAO (Navigator Research),B/C,1,0.16961446,0.0,False,rv,all,511.0,37.5,35.5,20.0,7.0,33.90383,37.369499,20.031613,8.220083,08:55:30 22 Apr 2021,https://navigatorresearch.org/wp-content/uploads/2020/04/Navigator-Daily-Tracker-Topline-F04.22.20.pdf
2022-06-08,2020-04-20,2020-04-22,1,YouGov,B+,0,0.59868874,0.0,False,a,all,2112.0,33.0,40.0,18.0,9.0,37.673872,38.032376,16.092027,8.4851428,08:55:30 22 Apr 2021,https://drive.google.com/file/d/1jFnCuET4kyT9V0q9ov5xsKMCEo7PyqR8/view
2022-06-08,2020-04-16,2020-04-21,0,Global Strategy Group/GBAO (Navigator Research),B/C,1,0.05794801,0.0,False,rv,all,168.66667,44.0,41.0,12.0,3.0,51.366384,35.246419,10.314405,2.0608511,08:55:27 22 Apr 2021,https://navigatorresearch.org/wp-content/uploads/2020/04/Navigator-Daily-Tracker-Topline-F04.21.20.pdf
2022-06-08,2020-04-14,2020-04-21,1,Optimus,B/C,1,0.32378979,0.0,False,a,all,464.5,29.8,40.3,20.9,8.3,32.16491,38.858674,19.902384,8.7644768,08:55:30 22 Apr 2021,https://github.com/optimus-forecasting-and-polling/Firehouse-0ptimus-Coronavirus-Tracking/tree/master/April-23-2020
2022-06-08,2020-04-16,2020-04-21,1,Global Strategy Group/GBAO (Navigator Research),B/C,1,0.05619925,0.0,False,rv,all,168.66667,37.0,34.0,21.0,8.0,33.40383,35.869499,21.031613,9.220083,08:55:30 22 Apr 2021,https://navigatorresearch.org/wp-content/uploads/2020/04/Navigator-Daily-Tracker-Topline-F04.21.20.pdf
2022-06-08,2020-04-19,2020-04-21,1,YouGov,B+,0,0.42494499,0.0,False,a,all,1500.0,22.0,44.0,24.0,10.0,26.673872,42.032376,22.092027,9.4851428,08:55:30 22 Apr 2021,https://docs.cdn.yougov.com/pwwefjdnsp/econTabReport.pdf
2022-06-08,2020-04-18,2020-04-21,1,Echelon Insights,B/C,0,1.1003566,0.0,False,rv,all,1000.0,60.0,27.0,13.0,1.0,50.588797,30.939698,12.06269,6.7525087,08:55:30 22 Apr 2021,https://echeloninsights.com/in-the-news/september-omnibus-covid/
2022-06-08,2020-04-21,2020-04-21,1,Data for Progress,B,0,0.70184914,0.0,False,a,all,998.0,34.92,40.95,15.75,8.12,34.339016,40.46953,16.770727,8.6019631,08:55:30 22 Apr 2021,https://docs.google.com/spreadsheets/d/1y1QYjWQR3NNsGZaGXtJy94KDbh9RgepLOHshNkwqEAY/edit
2022-06-08,2020-04-15,2020-04-20,0,Global Strategy Group/GBAO (Navigator Research),B/C,1,0.05821054,0.0,False,rv,all,167.66667,44.0,42.0,12.0,2.0,51.366384,36.246419,10.314405,1.0608511,08:55:27 22 Apr 2021,https://navigatorresearch.org/wp-content/uploads/2020/04/Navigator-Daily-Tracker-Topline-F04.20.20.pdf
2022-06-08,2020-04-18,2020-04-20,0,Harris Insights & Analytics,B+,0,0.84194082,0.0,False,a,all,2029.0,56.0,34.0,7.0,4.0,58.747119,31.435575,6.769418,2.8370374,08:55:27 22 Apr 2021,https://theharrispoll.com/wp-content/uploads/2020/04/Wave-2-8_tabs_updated.pdf
2022-06-08,2020-04-16,2020-04-20,1,AP-NORC,,0,1.0735133,0.0,False,a,all,1057.0,43.0,35.0,17.0,5.0,38.914924,36.125878,17.565118,7.1887975,08:55:30 22 Apr 2021,http://www.apnorc.org/projects/Documents/4_22_20_govt_topline.pdf
2022-06-08,2020-04-15,2020-04-20,1,Global Strategy Group/GBAO (Navigator Research),B/C,1,0.05626637,0.0,False,rv,all,167.66667,34.5,34.0,23.0,8.5,30.90383,35.869499,23.031613,9.720083,08:55:30 22 Apr 2021,https://navigatorresearch.org/wp-content/uploads/2020/04/Navigator-Daily-Tracker-Topline-F04.20.20.pdf
2022-06-08,2020-04-17,2020-04-19,0,Morning Consult,B,0,0.59777644,0.0,False,a,all,2200.0,66.0,23.0,4.0,2.0,62.675954,26.575784,7.5951792,2.6301942,08:55:27 22 Apr 2021,https://morningconsult.com/wp-content/uploads/2020/04/200451_crosstabs_CORONAVIRUS_CONTENT_Adults_v2_JB.pdf
2022-06-08,2020-04-13,2020-04-19,1,Gallup,B+,0,1.3841153,0.0,False,a,all,8106.0,12.0,42.0,34.0,12.0,26.553132,37.686147,25.450654,9.685578,08:55:30 22 Apr 2021,https://news.gallup.com/poll/308222/coronavirus-pandemic.aspx
2022-06-08,2020-04-14,2020-04-19,1,ABC News/The Washington Post,A+,0,1.6253039,0.0,False,a,all,1013.0,20.0,37.0,27.0,16.0,22.987827,37.011195,27.162259,14.328951,08:55:30 22 Apr 2021,https://www.washingtonpost.com/context/april-14-19-washington-post-u-md-poll/4521bb45-b844-4dbd-b72d-0a298cf7539a/
2022-06-08,2020-04-17,2020-04-19,1,YouGov,B+,0,0.28736891,0.0,False,a,all,1000.0,36.0,36.0,16.0,8.0,40.673872,34.032376,14.092027,7.4851428,08:55:30 22 Apr 2021,https://big.assets.huffingtonpost.com/athena/files/2020/04/20/5e9e1857c5b63c5b58734cc0.pdf
2022-06-08,2020-04-17,2020-04-19,1,LÃ©ger,B/C,0,0.45796667,0.0,False,a,all,1001.0,29.5,37.0,18.0,12.0,34.125142,37.263396,19.336962,9.4107302,08:55:30 22 Apr 2021,https://leger360.com/wp-content/uploads/2020/04/tracking_covid19_13386-124_EN_week5_VF_Final-1.pdf
2022-06-08,2020-04-17,2020-04-18,0,Change Research,B-,0,0.79436127,0.0,False,lv,all,1178.0,47.0,32.0,18.0,3.0,52.194419,30.4946,13.656155,2.734347,08:55:27 22 Apr 2021,https://www.changeresearch.com/post/states-of-play-battleground-wave-3
2022-06-08,2020-04-11,2020-04-18,1,Optimus,B/C,1,0.22223603,0.0,False,a,all,315.75,32.4,37.8,21.0,8.2,34.76491,36.358674,20.002384,8.6644768,08:55:30 22 Apr 2021,https://github.com/optimus-forecasting-and-polling/Firehouse-0ptimus-Coronavirus-Tracking/tree/master/April-20-2020
2022-06-08,2020-04-14,2020-04-17,0,Global Strategy Group/GBAO (Navigator Research),B/C,1,0.08766377,0.0,False,rv,all,249.25,49.0,37.0,10.0,3.0,56.366384,31.246419,8.314405,2.0608511,08:55:27 22 Apr 2021,https://navigatorresearch.org/wp-content/uploads/2020/04/Navigator-Daily-Tracker-Topline-F04.17.20.pdf
2022-06-08,2020-04-14,2020-04-17,1,Global Strategy Group/GBAO (Navigator Research),B/C,1,0.08410994,0.0,False,rv,all,249.25,34.5,35.5,22.5,7.5,30.90383,37.369499,22.531613,8.720083,08:55:30 22 Apr 2021,https://navigatorresearch.org/wp-content/uploads/2020/04/Navigator-Daily-Tracker-Topline-F04.17.20.pdf
2022-06-08,2020-04-13,2020-04-16,0,Global Strategy Group/GBAO (Navigator Research),B/C,1,0.08953217,0.0,False,rv,all,252.75,47.0,39.0,11.0,4.0,54.366384,33.246419,9.314405,3.0608511,08:55:27 22 Apr 2021,https://navigatorresearch.org/wp-content/uploads/2020/04/Navigator-Daily-Tracker-Topline-F04.16.20.pdf
2022-06-08,2020-04-13,2020-04-16,1,Global Strategy Group/GBAO (Navigator Research),B/C,1,0.08557574,0.0,False,rv,all,252.75,35.5,33.5,23.0,7.5,31.90383,35.369499,23.031613,8.720083,08:55:30 22 Apr 2021,https://navigatorresearch.org/wp-content/uploads/2020/04/Navigator-Daily-Tracker-Topline-F04.16.20.pdf
2022-06-08,2020-04-15,2020-04-16,1,Ipsos,B-,0,0.3509355,0.0,False,a,all,514.0,41.0,40.0,15.0,5.0,40.53297,36.564427,16.429295,7.5809333,08:55:30 22 Apr 2021,https://www.ipsos.com/sites/default/files/ct/news/documents/2020-04/topline_abc_ipsos_poll_april_16_2020_trend.pdf
2022-06-08,2020-04-10,2020-04-15,0,Global Strategy Group/GBAO (Navigator Research),B/C,1,0.18238862,0.0,False,rv,all,507.5,45.0,39.0,12.0,5.0,52.366384,33.246419,10.314405,4.0608511,08:55:27 22 Apr 2021,https://navigatorresearch.org/wp-content/uploads/2020/04/Navigator-Daily-Tracker-Topline-F04.15.20.pdf
2022-06-08,2020-04-10,2020-04-15,1,Global Strategy Group/GBAO (Navigator Research),B/C,1,0.17266582,0.0,False,rv,all,507.5,39.0,32.5,20.5,8.0,35.40383,34.369499,20.531613,9.220083,08:55:30 22 Apr 2021,https://navigatorresearch.org/wp-content/uploads/2020/04/Navigator-Daily-Tracker-Topline-F04.15.20.pdf
2022-06-08,2020-04-13,2020-04-15,1,NBC News/The Wall Street Journal,B+,0,1.315656,0.0,False,rv,all,900.0,33.0,40.0,18.0,7.0,35.221541,38.867724,17.085032,7.1034082,08:55:30 22 Apr 2021,https://www.documentcloud.org/documents/6842659-200203-NBCWSJ-April-Poll-4-19-20-Release.html
2022-06-08,2020-04-09,2020-04-14,0,Global Strategy Group/GBAO (Navigator Research),B/C,1,0.06086033,0.0,False,rv,all,167.16667,44.0,40.0,10.0,6.0,51.366384,34.246419,8.314405,5.0608511,08:55:27 22 Apr 2021,https://navigatorresearch.org/wp-content/uploads/2020/04/Navigator-Daily-Tracker-Topline-F04.14.20.pdf
2022-06-08,2020-04-07,2020-04-14,1,Optimus,B/C,1,0.30573456,0.0,False,a,all,430.5,31.4,40.8,21.9,5.5,33.76491,39.358674,20.902384,5.9644768,08:55:30 22 Apr 2021,https://github.com/optimus-forecasting-and-polling/Firehouse-0ptimus-Coronavirus-Tracking/tree/master/April-16-2020
2022-06-08,2020-04-10,2020-04-14,1,SurveyMonkey,C,0,1.4480041,0.0,False,a,all,5755.0,38.0,35.0,21.0,5.0,36.222149,35.934231,20.445706,6.5441939,08:55:30 22 Apr 2021,https://www.surveymonkey.com/curiosity/fortune-poll-coronavirus-airlines/
2022-06-08,2020-04-09,2020-04-14,1,Global Strategy Group/GBAO (Navigator Research),B/C,1,0.05722312,0.0,False,rv,all,167.16667,38.5,33.0,19.5,9.5,34.90383,34.869499,19.531613,10.720083,08:55:30 22 Apr 2021,https://navigatorresearch.org/wp-content/uploads/2020/04/Navigator-Daily-Tracker-Topline-F04.14.20.pdf
2022-06-08,2020-04-11,2020-04-14,1,Civiqs,B-,0,1.1695969,0.0,False,a,all,1600.0,16.0,39.0,29.0,15.0,23.470047,38.102809,26.416056,11.181337,08:55:30 22 Apr 2021,https://civiqs.com/documents/Civiqs_DailyKos_monthly_banner_book_2020_04_p837y2s.pdf
2022-06-08,2020-04-12,2020-04-14,1,YouGov,B+,0,0.42578699,0.0,False,a,all,1500.0,23.0,45.0,23.0,9.0,27.673872,43.032376,21.092027,8.4851428,08:55:30 22 Apr 2021,https://docs.cdn.yougov.com/6fdl23u606/econTabReport.pdf
2022-06-08,2020-04-14,2020-04-14,1,Data for Progress,B,0,0.77788059,0.0,False,a,all,940.0,35.75,38.67,17.25,8.32,35.169016,38.18953,18.270727,8.8019631,08:55:30 22 Apr 2021,https://docs.google.com/spreadsheets/d/1KKNL9a_uVJK36tOaR9_Eepcw4bKWrwTew85dwGyY_S0/edit
2022-06-08,2020-04-08,2020-04-13,0,Global Strategy Group/GBAO (Navigator Research),B/C,1,0.06202748,0.0,False,rv,all,167.66667,45.0,38.0,10.0,7.0,52.366384,32.246419,8.314405,6.0608511,08:55:27 22 Apr 2021,https://navigatorresearch.org/wp-content/uploads/2020/04/Navigator-Daily-Tracker-Topline-F04.13.20.pdf
2022-06-08,2020-04-11,2020-04-13,0,Harris Insights & Analytics,B+,0,0.86875717,0.0,False,a,all,2013.0,59.0,30.0,8.0,3.0,61.747119,27.435575,7.769418,1.8370374,08:55:27 22 Apr 2021,https://theharrispoll.com/wp-content/uploads/2020/04/Wave-2-7_tabs_rev.pdf
2022-06-08,2020-04-08,2020-04-13,1,SSRS,C,0,0.96554917,0.0,False,a,all,1001.0,26.0,48.0,21.0,5.0,28.845069,45.404272,20.120734,6.1071324,08:55:30 22 Apr 2021,https://ssrs.com/wp-content/uploads/2020/04/SSRS-Coronavirus-Probability-Panel-Data-4.27.20-V2.pdf
2022-06-08,2020-04-08,2020-04-13,1,Global Strategy Group/GBAO (Navigator Research),B/C,1,0.05791677,0.0,False,rv,all,167.66667,40.0,33.0,17.5,9.5,36.40383,34.869499,17.531613,10.720083,08:55:30 22 Apr 2021,https://navigatorresearch.org/wp-content/uploads/2020/04/Navigator-Daily-Tracker-Topline-F04.13.20.pdf
2022-06-08,2020-04-10,2020-04-12,0,Morning Consult,B,0,0.53181476,0.0,False,a,all,2200.0,65.0,21.0,3.0,2.0,61.675954,24.575784,6.5951792,2.6301942,08:55:27 22 Apr 2021,https://morningconsult.com/wp-content/uploads/2020/04/200430_crosstabs_CORONAVIRUS_CONTENT_Adults_v2_JB.pdf
2022-06-08,2020-04-06,2020-04-12,1,Gallup,B+,0,1.5877083,0.0,False,a,all,7931.0,12.0,45.0,33.0,10.0,26.553132,40.686147,24.450654,7.685578,08:55:30 22 Apr 2021,https://news.gallup.com/poll/308222/coronavirus-pandemic.aspx
2022-06-08,2020-04-10,2020-04-12,1,YouGov,B+,0,0.27637293,0.0,False,a,all,1000.0,35.0,39.0,14.0,8.0,39.673872,37.032376,12.092027,7.4851428,08:55:30 22 Apr 2021,https://big.assets.huffingtonpost.com/athena/files/2020/04/20/5e9e18a0c5b63c5b58734d00.pdf
2022-06-08,2020-04-10,2020-04-12,1,Gallup,B+,0,0.46323338,0.0,False,a,all,2448.0,12.0,45.0,33.0,10.0,26.553132,40.686147,24.450654,7.685578,08:55:30 22 Apr 2021,https://news.gallup.com/poll/308504/fear-covid-illness-financial-harm.aspx
2022-06-08,2020-04-09,2020-04-12,1,LÃ©ger,B/C,0,0.48118245,0.0,False,a,all,1012.0,30.0,39.5,18.0,11.0,34.625142,39.763396,19.336962,8.4107302,08:55:30 22 Apr 2021,https://leger360.com/wp-content/uploads/2020/04/COVID-19-Tracking-Study-April-14-2020.pdf
2022-06-08,2020-04-08,2020-04-11,1,TargetSmart/William & Mary,B/C,0,1.1703207,0.0,False,rv,all,1200.0,34.0,40.0,19.0,6.0,34.649289,39.08505,18.995585,6.4177455,08:55:30 22 Apr 2021,https://insights.targetsmart.com/Analysis/covid_national_survey_april_2020/covid_toplines.pdf
2022-06-08,2020-04-07,2020-04-10,0,Global Strategy Group/GBAO (Navigator Research),B/C,1,0.09575516,0.0,False,rv,all,251.25,44.0,40.0,11.0,5.0,51.366384,34.246419,9.314405,4.0608511,08:55:27 22 Apr 2021,https://navigatorresearch.org/wp-content/uploads/2020/04/Navigator-Daily-Tracker-Topline-F04.10.20.pdf
2022-06-08,2020-04-04,2020-04-10,1,Optimus,B/C,1,0.2931196,0.0,False,a,all,410.57143,29.7,44.4,19.7,5.9,32.06491,42.958674,18.702384,6.3644768,08:55:30 22 Apr 2021,https://github.com/optimus-forecasting-and-polling/Firehouse-0ptimus-Coronavirus-Tracking/tree/master/April-13-2020
2022-06-08,2020-04-07,2020-04-10,1,Global Strategy Group/GBAO (Navigator Research),B/C,1,0.0875817,0.0,False,rv,all,251.25,41.0,34.0,17.0,8.0,37.40383,35.869499,17.031613,9.220083,08:55:30 22 Apr 2021,https://navigatorresearch.org/wp-content/uploads/2020/04/Navigator-Daily-Tracker-Topline-F04.10.20.pdf
2022-06-08,2020-04-09,2020-04-10,1,Ipsos,B-,0,0.65400476,0.0,False,a,all,1005.0,28.0,33.0,17.0,11.0,27.53297,29.564427,18.429295,13.580933,08:55:30 22 Apr 2021,https://www.ipsos.com/sites/default/files/ct/news/documents/2020-04/topline_usa_today_coronavirus_w2_041320.pdf
2022-06-08,2020-04-05,2020-04-09,0,Global Strategy Group/GBAO (Navigator Research),B/C,1,0.16076964,0.0,False,rv,all,407.2,46.0,39.0,11.0,4.0,53.366384,33.246419,9.314405,3.0608511,08:55:27 22 Apr 2021,https://navigatorresearch.org/wp-content/uploads/2020/04/Navigator-Daily-Tracker-Topline-F04.09.20.pdf
2022-06-08,2020-04-05,2020-04-09,1,Global Strategy Group/GBAO (Navigator Research),B/C,1,0.14282238,0.0,False,rv,all,407.2,41.5,35.5,16.5,7.0,37.90383,37.369499,16.531613,8.220083,08:55:30 22 Apr 2021,https://navigatorresearch.org/wp-content/uploads/2020/04/Navigator-Daily-Tracker-Topline-F04.09.20.pdf
2022-06-08,2020-04-07,2020-04-09,1,YouGov,B+,0,0.53820382,0.0,False,a,all,2025.0,35.0,42.0,16.0,7.0,39.673872,40.032376,14.092027,6.4851428,08:55:30 22 Apr 2021,https://drive.google.com/file/d/1Hgp-3ol9cEvQXjuoaRrMJf1rlJWJSZRO/view
2022-06-08,2020-04-08,2020-04-09,1,Ipsos,B-,0,0.33734815,0.0,False,a,all,512.0,43.0,43.0,11.0,3.0,42.53297,39.564427,12.429295,5.5809333,08:55:30 22 Apr 2021,https://www.ipsos.com/sites/default/files/ct/news/documents/2020-04/topline-abc-coronavirus-041020_.pdf
2022-06-08,2020-04-03,2020-04-08,0,Global Strategy Group/GBAO (Navigator Research),B/C,1,0.13748038,0.0,False,rv,all,340.66667,45.0,41.0,11.0,4.0,52.366384,35.246419,9.314405,3.0608511,08:55:27 22 Apr 2021,https://navigatorresearch.org/wp-content/uploads/2020/04/Navigator-Daily-Tracker-Topline-F04.08.20.pdf
2022-06-08,2020-04-03,2020-04-08,1,Global Strategy Group/GBAO (Navigator Research),B/C,1,0.11996909,0.0,False,rv,all,340.66667,41.5,34.0,18.0,6.5,37.90383,35.869499,18.031613,7.720083,08:55:30 22 Apr 2021,https://navigatorresearch.org/wp-content/uploads/2020/04/Navigator-Daily-Tracker-Topline-F04.08.20.pdf
2022-06-08,2020-04-02,2020-04-07,0,Global Strategy Group/GBAO (Navigator Research),B/C,1,0.06960307,0.0,False,rv,all,167.83333,45.0,38.0,12.0,5.0,52.366384,32.246419,10.314405,4.0608511,08:55:27 22 Apr 2021,https://navigatorresearch.org/wp-content/uploads/2020/04/Navigator-Daily-Tracker-Topline-F04.07.20.pdf
2022-06-08,2020-04-04,2020-04-07,0,Fox News/Beacon Research/Shaw & Co. Research,A,0,1.9306905,0.0,False,rv,all,1107.0,61.0,29.0,5.0,3.0,60.116297,29.042284,6.2067908,2.8992951,08:55:27 22 Apr 2021,https://www.scribd.com/document/455760294/Fox-News-Poll-April-4-7-2020
2022-06-08,2020-04-03,2020-04-07,1,Climate Nexus,,0,1.1533979,0.0,False,a,all,3933.0,43.0,35.0,12.0,7.0,39.571889,35.836744,14.694833,7.7128523,08:55:30 22 Apr 2021,https://climatecommunication.yale.edu/wp-content/uploads/2020/04/americans-risk-perceptions-and-emotional-responses-to-covid-19-april-2020.pdf
2022-06-08,2020-04-03,2020-04-07,1,Monmouth University,A,0,1.4667153,0.0,False,a,all,857.0,50.0,33.0,9.0,7.0,43.495178,36.88722,12.203295,6.4290467,08:55:30 22 Apr 2021,https://www.monmouth.edu/polling-institute/documents/monmouthpoll_us_041320.pdf/
2022-06-08,2020-04-02,2020-04-07,1,Global Strategy Group/GBAO (Navigator Research),B/C,1,0.05960168,0.0,False,rv,all,167.83333,41.0,34.5,17.5,7.0,37.40383,36.369499,17.531613,8.220083,08:55:30 22 Apr 2021,https://navigatorresearch.org/wp-content/uploads/2020/04/Navigator-Daily-Tracker-Topline-F04.07.20.pdf
2022-06-08,2020-04-04,2020-04-07,1,Fox News/Beacon Research/Shaw & Co. Research,A,0,1.7518663,0.0,False,rv,all,1107.0,39.0,37.0,18.0,6.0,36.662684,37.621448,18.714215,6.8443174,08:55:30 22 Apr 2021,https://www.scribd.com/document/455760294/Fox-News-Poll-April-4-7-2020
2022-06-08,2020-04-05,2020-04-07,1,YouGov,B+,0,0.39125917,0.0,False,a,all,1500.0,27.0,42.0,23.0,8.0,31.673872,40.032376,21.092027,7.4851428,08:55:30 22 Apr 2021,https://docs.cdn.yougov.com/ogvntw3mu9/econTabReport.pdf
2022-06-08,2020-04-01,2020-04-06,0,Global Strategy Group/GBAO (Navigator Research),B/C,1,0.07153759,0.0,False,rv,all,167.16667,42.0,40.0,14.0,4.0,49.366384,34.246419,12.314405,3.0608511,08:55:27 22 Apr 2021,https://navigatorresearch.org/wp-content/uploads/2020/04/Navigator-Daily-Tracker-Topline-F04.06.20.pdf
2022-06-08,2020-04-01,2020-04-06,1,Global Strategy Group/GBAO (Navigator Research),B/C,1,0.06004107,0.0,False,rv,all,167.16667,40.0,35.5,18.0,6.0,36.40383,37.369499,18.031613,7.220083,08:55:30 22 Apr 2021,https://navigatorresearch.org/wp-content/uploads/2020/04/Navigator-Daily-Tracker-Topline-F04.06.20.pdf
2022-06-08,2020-04-02,2020-04-06,1,Quinnipiac University,A-,0,2.3528699,0.0,False,rv,all,2077.0,50.0,35.0,10.0,5.0,44.717899,36.326989,13.201826,5.4120401,08:55:30 22 Apr 2021,https://poll.qu.edu/national/release-detail?ReleaseID=3658
2022-06-08,2020-04-03,2020-04-05,0,Harris Insights & Analytics,B+,0,0.93206966,0.0,False,a,all,1993.0,63.0,29.0,6.0,3.0,65.747119,26.435575,5.769418,1.8370374,08:55:27 22 Apr 2021,https://theharrispoll.com/wp-content/uploads/2020/04/j17063-QCovid-PropWtd-Tables-Wave6-6-05-Apr-2020v2.pdf
2022-06-08,2020-04-03,2020-04-05,0,Morning Consult,B,0,0.4454707,0.0,False,a,all,2200.0,72.0,20.0,3.0,1.0,68.675954,23.575784,6.5951792,1.6301942,08:55:27 22 Apr 2021,https://morningconsult.com/wp-content/uploads/2020/04/200409_crosstabs_CORONAVIRUS_CONTENT_Adults_v4_JB.pdf
2022-06-08,2020-04-03,2020-04-05,1,Garin-Hart-Yang Research Group,B-,0,1.0557003,0.0,False,rv,all,1003.0,47.0,36.0,13.0,4.0,43.151237,35.969091,14.656425,5.9468189,08:55:30 22 Apr 2021,https://cdn.americanprogressaction.org/content/uploads/sites/2/2020/04/13082915/FI12875-National-States-11.pdf
2022-06-08,2020-04-03,2020-04-05,1,LÃ©ger,B/C,0,0.51599221,0.0,False,a,all,1000.0,29.0,37.5,17.5,13.0,33.625142,37.763396,18.836962,10.41073,08:55:30 22 Apr 2021,https://leger360.com/wp-content/uploads/2020/04/COVID-19-Tracking-Study-April-7-2020.pdf
2022-06-08,2020-03-28,2020-04-04,1,Optimus,B/C,1,0.6961262,0.0,False,a,all,958.125,32.2,44.0,16.8,6.1,34.56491,42.558674,15.802384,6.5644768,08:55:30 22 Apr 2021,https://github.com/optimus-forecasting-and-polling/Firehouse-0ptimus-Coronavirus-Tracking/tree/master/April-13-2020
2022-06-08,2020-04-03,2020-04-04,1,YouGov,B+,0,0.25687376,0.0,False,a,all,1000.0,46.0,33.0,13.0,5.0,50.673872,31.032376,11.092027,4.4851428,08:55:30 22 Apr 2021,https://big.assets.huffingtonpost.com/athena/files/2020/04/07/5e8cfcd3c5b62459a9308880.pdf
2022-06-08,2020-03-31,2020-04-03,0,Global Strategy Group/GBAO (Navigator Research),B/C,1,0.11351045,0.0,False,rv,all,249.25,45.0,40.0,12.0,3.0,52.366384,34.246419,10.314405,2.0608511,08:55:27 22 Apr 2021,https://navigatorresearch.org/wp-content/uploads/2020/04/Navigator-Daily-Tracker-Topline-F04.03.20.pdf
2022-06-08,2020-04-02,2020-04-03,0,Change Research,B-,0,0.96450349,0.0,False,lv,all,1200.0,50.0,28.0,20.0,3.0,55.194419,26.4946,15.656155,2.734347,08:55:27 22 Apr 2021,https://drive.google.com/file/d/11tr43zskMeuEcZmhrdqfSdVd2nxfkHyR/view
2022-06-08,2020-03-31,2020-04-03,1,Global Strategy Group/GBAO (Navigator Research),B/C,1,0.09131748,0.0,False,rv,all,249.25,40.0,37.0,16.5,6.5,36.40383,38.869499,16.531613,7.720083,08:55:30 22 Apr 2021,https://navigatorresearch.org/wp-content/uploads/2020/04/Navigator-Daily-Tracker-Topline-F04.03.20.pdf
2022-06-08,2020-03-30,2020-04-02,0,Global Strategy Group/GBAO (Navigator Research),B/C,1,0.11893849,0.0,False,rv,all,252.0,45.0,40.0,13.0,2.0,52.366384,34.246419,11.314405,1.0608511,08:55:27 22 Apr 2021,https://navigatorresearch.org/wp-content/uploads/2020/04/Navigator-Daily-Tracker-Topline-F04.02.20.pdf
2022-06-08,2020-03-30,2020-04-02,1,Global Strategy Group/GBAO (Navigator Research),B/C,1,0.09348101,0.0,False,rv,all,252.0,41.0,33.5,18.0,7.0,37.40383,35.369499,18.031613,8.220083,08:55:30 22 Apr 2021,https://navigatorresearch.org/wp-content/uploads/2020/04/Navigator-Daily-Tracker-Topline-F04.02.20.pdf
2022-06-08,2020-04-01,2020-04-02,1,Ipsos,B-,0,0.42687983,0.0,False,a,all,559.0,50.0,39.0,9.0,2.0,49.53297,35.564427,10.429295,4.5809333,08:55:30 22 Apr 2021,https://www.ipsos.com/sites/default/files/ct/news/documents/2020-04/topline-abc-coronavirus-trend-wave-3.pdf
2022-06-08,2020-03-27,2020-04-01,0,Global Strategy Group/GBAO (Navigator Research),B/C,1,0.2596071,0.0,False,rv,all,505.0,45.0,40.0,12.0,3.0,52.366384,34.246419,10.314405,2.0608511,08:55:27 22 Apr 2021,https://navigatorresearch.org/wp-content/uploads/2020/04/Navigator-Daily-Tracker-Topline-F04.01.20.pdf
2022-06-08,2020-03-31,2020-04-01,0,Morning Consult,B,0,0.41521801,0.0,False,a,all,2200.0,69.0,20.0,3.0,2.0,65.675954,23.575784,6.5951792,2.6301942,08:55:27 22 Apr 2021,https://morningconsult.com/wp-content/uploads/2020/04/2003128_crosstabs_CORONAVIRUS_CONTENT_Adults_v2_JB.pdf
2022-06-08,2020-03-27,2020-04-01,1,Global Strategy Group/GBAO (Navigator Research),B/C,1,0.19337127,0.0,False,rv,all,505.0,39.5,32.0,20.0,8.5,35.90383,33.869499,20.031613,9.720083,08:55:30 22 Apr 2021,https://navigatorresearch.org/wp-content/uploads/2020/04/Navigator-Daily-Tracker-Topline-F04.01.20.pdf
2022-06-08,2020-03-31,2020-04-01,1,YouGov,B+,0,0.55949862,0.0,False,a,all,2236.0,32.0,43.0,17.0,8.0,36.673872,41.032376,15.092027,7.4851428,08:55:30 22 Apr 2021,https://drive.google.com/file/d/1bgUZsCC8uuAtPUlEgfFySkFuKl-oYjDK/view
2022-06-08,2020-03-26,2020-03-31,1,Global Strategy Group/GBAO (Navigator Research),B/C,1,0.06643217,0.0,False,rv,all,169.5,37.0,32.0,21.5,9.5,33.40383,33.869499,21.531613,10.720083,08:55:30 22 Apr 2021,https://navigatorresearch.org/wp-content/uploads/2020/04/Navigator-Daily-Tracker-Topline-F03.31.20.pdf
2022-06-08,2020-03-27,2020-03-31,1,YouGov,B+,0,0.24992944,0.0,False,a,all,1000.0,38.0,41.0,13.0,6.0,42.673872,39.032376,11.092027,5.4851428,08:55:30 22 Apr 2021,https://big.assets.huffingtonpost.com/athena/files/2020/04/02/5e861523c5b6a9491832d32d.pdf
2022-06-08,2020-03-29,2020-03-31,1,YouGov,B+,0,0.37379681,0.0,False,a,all,1500.0,24.0,41.0,26.0,8.0,28.673872,39.032376,24.092027,7.4851428,08:55:30 22 Apr 2021,https://docs.cdn.yougov.com/p8nwhxp50n/econTabReport.pdf
2022-06-08,2020-03-25,2020-03-30,0,Kaiser Family Foundation,,0,1.887354,0.0,False,a,all,1226.0,40.0,39.0,15.0,5.0,44.94042,37.170763,12.812578,3.4498808,08:55:27 22 Apr 2021,https://www.kff.org/wp-content/uploads/2020/04/Kaiser-Health-Tracking-Poll_Early-April_Full-Topline_FINAL.pdf
2022-06-08,2020-03-25,2020-03-30,1,Global Strategy Group/GBAO (Navigator Research),B/C,1,0.06821694,0.0,False,rv,all,169.5,38.5,33.5,19.5,9.0,34.90383,35.369499,19.531613,10.220083,08:55:30 22 Apr 2021,https://navigatorresearch.org/wp-content/uploads/2020/03/Navigator-Daily-Tracker-Topline-F03.30.20.pdf
2022-06-08,2020-03-25,2020-03-30,1,Kaiser Family Foundation,,0,1.679638,0.0,False,a,all,1226.0,28.0,24.0,17.0,24.0,28.541478,25.69394,18.257786,21.599986,08:55:30 22 Apr 2021,https://www.kff.org/wp-content/uploads/2020/04/Kaiser-Health-Tracking-Poll_Early-April_Full-Topline_FINAL.pdf
2022-06-08,2020-03-26,2020-03-30,1,YouGov,B+,0,0.64486851,0.0,False,a,all,2560.0,29.0,41.0,21.0,9.0,33.673872,39.032376,19.092027,8.4851428,08:55:30 22 Apr 2021,https://www.aei.org/wp-content/uploads/2020/04/APS-Mar-2020-Topline-Questionnaire.pdf
2022-06-08,2020-03-28,2020-03-30,1,Civiqs,B-,0,1.2054027,0.0,False,a,all,1505.0,19.0,41.0,27.0,11.0,26.470047,40.102809,24.416056,7.1813375,08:55:30 22 Apr 2021,https://civiqs.com/documents/Civiqs_DailyKos_monthly_banner_book_2020_03B_x2nf9sb.pdf
2022-06-08,2020-03-26,2020-03-29,0,AP-NORC,,0,1.4528806,0.0,False,a,all,1057.0,73.0,22.0,4.0,1.0,67.937622,24.402075,5.6951462,1.6051864,08:55:27 22 Apr 2021,http://www.apnorc.org/PDFs/March%20Omnibus%202020/topline_economy.pdf
2022-06-08,2020-03-27,2020-03-29,0,Morning Consult,B,0,0.38648647,0.0,False,a,all,2200.0,67.0,22.0,3.0,2.0,63.675954,25.575784,6.5951792,2.6301942,08:55:27 22 Apr 2021,https://morningconsult.com/wp-content/uploads/2020/03/2003102_crosstabs_CORONAVIRUS_CONTENT_Adults_v2_JB.pdf
2022-06-08,2020-03-26,2020-03-29,1,AP-NORC,,0,1.1256936,0.0,False,a,all,1057.0,50.0,34.0,13.0,3.0,45.914924,35.125878,13.565118,5.1887975,08:55:30 22 Apr 2021,http://www.apnorc.org/PDFs/March%20Omnibus%202020/topline_gov.pdf
2022-06-08,2020-03-27,2020-03-29,1,LÃ©ger,B/C,0,0.6239059,0.0,False,a,all,1004.0,27.5,38.0,20.0,11.5,32.125142,38.263396,21.336962,8.9107302,08:55:30 22 Apr 2021,https://leger360.com/wp-content/uploads/2020/03/COVID-19-Tracking-Study-March-31-Final.pdf
2022-06-08,2020-03-21,2020-03-28,1,Optimus,B/C,1,0.83411015,0.0,False,a,all,1011.5,27.4,39.2,24.0,9.1,29.76491,37.758674,23.002384,9.5644768,08:55:30 22 Apr 2021,https://github.com/optimus-forecasting-and-polling/Firehouse-0ptimus-Coronavirus-Tracking/tree/master/April-13-2020
2022-06-08,2020-03-26,2020-03-28,1,RMG Research,B-,0,1.194977,0.0,False,rv,all,1000.0,36.0,43.0,16.0,5.0,29.055658,40.58033,14.260872,6.8014181,08:55:30 22 Apr 2021,https://scottrasmussen.com/38-fear-economic-impact-of-pandemic-more-than-health-concerns/
2022-06-08,2020-03-24,2020-03-27,1,Global Strategy Group/GBAO (Navigator Research),B/C,1,0.10825697,0.0,False,rv,all,255.5,37.5,35.5,18.5,8.5,33.90383,37.369499,18.531613,9.720083,08:55:30 22 Apr 2021,https://navigatorresearch.org/wp-content/uploads/2020/03/Navigator-Daily-Tracker-Topline-F03.27.20.pdf
2022-06-08,2020-03-24,2020-03-26,0,Morning Consult,B,0,0.36781182,0.0,False,a,all,2200.0,70.0,20.0,3.0,2.0,66.675954,23.575784,6.5951792,2.6301942,08:55:27 22 Apr 2021,https://morningconsult.com/wp-content/uploads/2020/03/200394_crosstabs_CORONAVIRUS_CONTENT_Adults_v4_JB.pdf
2022-06-08,2020-03-23,2020-03-26,1,Global Strategy Group/GBAO (Navigator Research),B/C,1,0.10963228,0.0,False,rv,all,251.25,36.5,34.5,20.5,8.5,32.90383,36.369499,20.531613,9.720083,08:55:30 22 Apr 2021,https://navigatorresearch.org/wp-content/uploads/2020/03/Navigator-Daily-Tracker-Topline-F03.26.20.pdf
2022-06-08,2020-03-22,2020-03-25,1,ABC News/The Washington Post,A+,0,1.8824178,0.0,False,a,all,1003.0,30.0,39.0,20.0,10.0,32.987827,39.011195,20.162259,8.3289513,08:55:30 22 Apr 2021,https://www.washingtonpost.com/context/washington-post-abc-news-poll-march-22-25-2020/974c3312-5a40-4764-afb1-4bb6b86f1cf4/
2022-06-08,2020-03-22,2020-03-25,1,Global Strategy Group/GBAO (Navigator Research),B/C,1,0.1134487,0.0,False,rv,all,250.75,35.5,34.0,21.5,8.5,31.90383,35.869499,21.531613,9.720083,08:55:30 22 Apr 2021,https://navigatorresearch.org/wp-content/uploads/2020/03/Navigator-Daily-Tracker-Topline-F03.25.20.pdf
2022-06-08,2020-03-24,2020-03-25,1,SurveyUSA,A,0,1.6024998,0.0,False,a,all,1000.0,32.5,42.0,17.5,7.5,34.998007,40.979652,16.745663,7.1363617,08:55:30 22 Apr 2021,http://www.surveyusa.com/client/PollReport.aspx?g=a6354d34-2350-49a3-b360-8772ca176a2d
2022-06-08,2020-03-23,2020-03-24,0,SurveyMonkey,C,0,0.41203078,0.0,False,a,all,1672.0,69.0,22.0,5.0,2.0,64.087496,24.440398,6.575088,2.3871104,08:55:27 22 Apr 2021,https://www.surveymonkey.com/curiosity/fortune-poll-coronavirus-bailouts/
2022-06-08,2020-03-20,2020-03-24,1,Echelon Insights,B/C,0,1.1562103,0.0,False,rv,all,1000.0,49.0,34.0,15.0,3.0,39.588797,37.939698,14.06269,8.7525087,08:55:30 22 Apr 2021,https://echeloninsights.com/in-the-news/september-omnibus-covid/
2022-06-08,2020-03-21,2020-03-24,1,Fox News/Beacon Research/Shaw & Co. Research,A,0,1.6248755,0.0,False,rv,all,1011.0,38.0,32.0,21.0,9.0,35.662684,32.621448,21.714215,9.8443174,08:55:30 22 Apr 2021,https://www.scribd.com/document/453417322/Fox-News-Poll-March-21-24-2020
2022-06-08,2020-03-21,2020-03-24,1,Global Strategy Group/GBAO (Navigator Research),B/C,1,0.119348,0.0,False,rv,all,253.0,34.0,33.5,23.0,9.0,30.40383,35.369499,23.031613,10.220083,08:55:30 22 Apr 2021,https://navigatorresearch.org/wp-content/uploads/2020/03/Navigator-Daily-Tracker-Topline-F03.24.20.pdf
2022-06-08,2020-03-22,2020-03-24,1,YouGov,B+,0,0.40333591,0.0,False,a,all,1500.0,22.0,42.0,25.0,12.0,26.673872,40.032376,23.092027,11.485143,08:55:30 22 Apr 2021,https://docs.cdn.yougov.com/bfiid7tfh3/econTabReport.pdf
2022-06-08,2020-03-20,2020-03-23,1,Global Strategy Group/GBAO (Navigator Research),B/C,1,0.12732411,0.0,False,rv,all,259.5,35.0,35.5,21.5,8.5,31.40383,37.369499,21.531613,9.720083,08:55:30 22 Apr 2021,https://navigatorresearch.org/wp-content/uploads/2020/03/Navigator-Daily-Tracker-Topline-F03.23.20.pdf
2022-06-08,2020-03-21,2020-03-23,1,YouGov,B+,0,0.59671135,0.0,False,a,all,2190.0,30.0,41.0,20.0,9.0,34.673872,39.032376,18.092027,8.4851428,08:55:30 22 Apr 2021,https://drive.google.com/file/d/1TofJVeuCbZN8cRGBN97kWGqhO6tlQ7VA/view
2022-06-08,2020-03-20,2020-03-22,0,Morning Consult,B,0,0.35143907,0.0,False,a,all,2200.0,71.0,19.0,2.0,1.0,67.675954,22.575784,5.5951792,1.6301942,08:55:27 22 Apr 2021,https://morningconsult.com/wp-content/uploads/2020/03/200383_crosstabs_CORONAVIRUS_CONTENT_Adults_v4_JB.pdf
2022-06-08,2020-03-21,2020-03-22,0,Harris Insights & Analytics,B+,0,0.80690391,0.0,False,a,all,2023.0,64.0,28.0,5.0,4.0,66.747119,25.435575,4.769418,2.8370374,08:55:27 22 Apr 2021,https://theharrispoll.com/wp-content/uploads/2020/03/COVID-19-Tracker_Wave-2-4_tabs.pdf
2022-06-08,2020-03-18,2020-03-22,1,Monmouth University,A,0,1.4910897,0.0,False,a,all,851.0,38.0,32.0,18.0,12.0,31.495178,35.88722,21.203295,11.429047,08:55:30 22 Apr 2021,https://www.monmouth.edu/polling-institute/documents/monmouthpoll_us_032320.pdf/
2022-06-08,2020-03-20,2020-03-22,1,YouGov,B+,0,0.27989101,0.0,False,a,all,1000.0,40.0,32.0,18.0,6.0,44.673872,30.032376,16.092027,5.4851428,08:55:30 22 Apr 2021,https://big.assets.huffingtonpost.com/athena/files/2020/03/24/5e7a4240c5b63c3b6498205f.pdf
2022-06-08,2020-03-17,2020-03-21,0,GQR Research (GQRR),B,0,1.2189735,0.0,False,lv,all,800.0,59.0,32.0,7.0,1.0,57.25233,31.74737,8.085288,1.7983825,08:55:27 22 Apr 2021,https://ssti.org/policy/istep20-toplines
2022-06-08,2020-03-17,2020-03-20,0,Morning Consult,B,0,0.29479321,0.0,False,rv,all,1851.0,71.0,19.0,3.0,1.0,67.675954,22.575784,6.5951792,1.6301942,08:55:27 22 Apr 2021,https://morningconsult.com/wp-content/uploads/2020/03/200371_crosstabs_CORONAVIRUS_TREND_PARTIALS_RVs_v2_JB.pdf
2022-06-08,2020-03-18,2020-03-19,1,Ipsos,B-,0,0.50764916,0.0,False,a,all,512.0,34.0,45.0,16.0,5.0,33.53297,41.564427,17.429295,7.5809333,08:55:30 22 Apr 2021,https://www.ipsos.com/sites/default/files/ct/news/documents/2020-03/topline-abc-news-coronavirus-032020.pdf
2022-06-08,2020-03-18,2020-03-19,1,SurveyUSA,A,0,1.5584531,0.0,False,a,all,1000.0,20.0,37.0,28.0,12.0,22.498007,35.979652,27.245663,11.636362,08:55:30 22 Apr 2021,http://www.surveyusa.com/client/PollTrack.aspx?g=075e1d86-ab0a-4812-839d-24db3e784017
2022-06-08,2020-03-18,2020-03-19,1,Emerson College,A-,0,1.7451166,0.0,False,rv,all,1100.0,26.8,43.5,22.4,7.3,27.71171,41.122513,22.408066,8.4510829,08:55:30 22 Apr 2021,https://emersonpolling.reportablenews.com/pr/march-national-poll-70-of-americans-worried-about-catching-coronavirus
2022-06-08,2020-03-17,2020-03-18,0,Harris Insights & Analytics,B+,0,0.79135995,0.0,False,a,all,2019.0,49.0,36.0,11.0,5.0,51.747119,33.435575,10.769418,3.8370374,08:55:27 22 Apr 2021,https://theharrispoll.com/wp-content/uploads/2020/04/Wave-2-3_tabs_updated-1.pdf
2022-06-08,2020-03-16,2020-03-17,0,SurveyMonkey,C,0,0.51921786,0.0,False,a,all,2960.0,61.0,28.0,7.0,3.0,56.087496,30.440398,8.575088,3.3871104,08:55:27 22 Apr 2021,https://www.surveymonkey.com/curiosity/fortune-poll-coronavirus-update/
2022-06-08,2020-03-15,2020-03-17,1,YouGov,B+,0,0.4794196,0.0,False,a,all,1500.0,15.0,41.0,33.0,11.0,19.673872,39.032376,31.092027,10.485143,08:55:30 22 Apr 2021,https://docs.cdn.yougov.com/fcdckgt368/econTabReport.pdf
2022-06-08,2020-03-13,2020-03-16,0,Survey 160,,0,0.67908305,0.0,False,rv,all,609.0,60.0,26.0,10.0,4.0,57.326357,27.653014,10.509195,4.092047,08:55:27 22 Apr 2021,https://www.survey160.com/s/US-and-WA-Coronavirus-Survey.pdf
2022-06-08,2020-03-13,2020-03-16,0,Morning Consult,B,0,0.31412869,0.0,False,rv,all,1986.0,55.0,29.0,6.0,3.0,51.675954,32.575784,9.5951792,3.6301942,08:55:27 22 Apr 2021,https://morningconsult.com/wp-content/uploads/2020/03/200346_crosstabs_CORONAVIRUS_TREND_RVs_v3_JB-1.pdf
2022-06-08,2020-03-12,2020-03-16,1,AP-NORC,,0,1.1212199,0.0,False,a,all,1003.0,31.0,35.0,23.0,10.0,26.914924,36.125878,23.565118,12.188798,08:55:30 22 Apr 2021,http://www.apnorc.org/projects/Documents/March%20Coronavirus%20topline.pdf
2022-06-08,2020-03-13,2020-03-16,1,Survey 160,,0,0.67908305,0.0,False,rv,all,609.0,19.0,34.5,31.5,15.0,21.48279,34.68847,29.424597,14.143025,08:55:30 22 Apr 2021,https://www.survey160.com/s/US-and-WA-Coronavirus-Survey.pdf
2022-06-08,2020-03-13,2020-03-15,0,Garin-Hart-Yang Research Group,B-,0,1.249699,0.0,False,rv,all,1015.0,69.0,21.0,8.0,2.0,62.930692,24.501089,9.3001142,2.7722054,08:55:27 22 Apr 2021,https://www.protectourcare.org/wp-content/uploads/2020/03/FI12859-Coronavirus-March-2020.pdf
2022-06-08,2020-03-14,2020-03-15,0,Harris Insights & Analytics,B+,0,0.82410622,0.0,False,a,all,2050.0,44.0,41.0,11.0,5.0,46.747119,38.435575,10.769418,3.8370374,08:55:27 22 Apr 2021,https://theharrispoll.com/wp-content/uploads/2020/03/Harris-Poll-COVID19-Tabs_Wave-2.pdf
2022-06-08,2020-03-11,2020-03-15,1,Kaiser Family Foundation,,0,1.6070573,0.0,False,a,all,1216.0,27.0,36.0,21.0,16.0,27.541478,37.69394,22.257786,13.599986,08:55:30 22 Apr 2021,http://files.kff.org/attachment/Topline-KFF-Coronavirus-Poll.pdf
2022-06-08,2020-03-13,2020-03-15,1,YouGov,B+,0,0.33892147,0.0,False,a,all,1000.0,28.0,33.0,23.0,9.0,32.673872,31.032376,21.092027,8.4851428,08:55:30 22 Apr 2021,https://big.assets.huffingtonpost.com/athena/files/2020/03/17/5e70fe10c5b60fb69ddf0b8d.pdf
2022-06-08,2020-03-13,2020-03-15,1,Garin-Hart-Yang Research Group,B-,0,1.1132343,0.0,False,rv,all,1015.0,46.0,25.0,23.0,6.0,42.151237,24.969091,24.656425,7.9468189,08:55:30 22 Apr 2021,https://www.protectourcare.org/wp-content/uploads/2020/03/FI12859-Coronavirus-March-2020.pdf
2022-06-08,2020-03-10,2020-03-14,0,Morning Consult,B,0,0.35259309,0.0,False,a,all,2200.0,45.0,31.0,8.0,5.0,41.675954,34.575784,11.595179,5.6301942,08:55:27 22 Apr 2021,https://morningconsult.com/wp-content/uploads/2020/03/200333_crosstabs_CORONAVIRUS_Adults_v3_JB-2.pdf
2022-06-08,2020-03-11,2020-03-13,0,Harris Insights & Analytics,B+,0,0.87630396,0.0,False,a,all,2001.0,32.0,43.0,15.0,9.0,34.747119,40.435575,14.769418,7.8370374,08:55:27 22 Apr 2021,https://www.meettally.com/blog/financial-anxiety-coronavirus/
2022-06-08,2020-03-12,2020-03-13,0,Morning Consult,B,0,0.34932656,0.0,False,a,all,2201.0,36.0,34.0,13.0,8.0,32.675954,37.575784,16.595179,8.6301942,08:55:27 22 Apr 2021,https://morningconsult.com/wp-content/uploads/2020/03/200344_crosstabs_CORONAVIRUS_ADULTS_Adults_v3_JB.pdf
2022-06-08,2020-03-11,2020-03-13,1,NBC News/The Wall Street Journal,B+,0,1.315656,0.0,False,rv,all,900.0,15.0,38.0,31.0,16.0,17.221541,36.867724,30.085032,16.103408,08:55:30 22 Apr 2021,https://www.documentcloud.org/documents/6810602-200149-NBCWSJ-March-Poll-Final-3-14-20-Release.html
2022-06-08,2020-03-12,2020-03-13,1,Morning Consult,B,0,1.828757,0.0,False,a,all,2201.0,30.0,31.5,19.5,13.0,29.083531,32.674944,21.267299,12.751302,08:55:30 22 Apr 2021,https://morningconsult.com/wp-content/uploads/2020/03/200344_crosstabs_CORONAVIRUS_ADULTS_Adults_v3_JB.pdf
2022-06-08,2020-03-10,2020-03-12,1,YouGov,B+,0,0.36514952,0.0,False,a,all,1000.0,23.0,34.0,25.0,10.0,27.673872,32.032376,23.092027,9.4851428,08:55:30 22 Apr 2021,https://big.assets.huffingtonpost.com/athena/files/2020/03/17/5e70fe10c5b63c3b6485b422.pdf
2022-06-08,2020-03-11,2020-03-12,1,Ipsos,B-,0,0.56047314,0.0,False,a,all,502.0,26.0,40.0,26.0,7.0,25.53297,36.564427,27.429295,9.5809333,08:55:30 22 Apr 2021,https://www.ipsos.com/sites/default/files/ct/news/documents/2020-03/topline-abc-news-coronavirus-031320.pdf
2022-06-08,2020-03-12,2020-03-12,1,SurveyUSA,A,0,1.3850022,0.0,False,a,all,850.0,18.0,35.0,28.0,17.0,20.498007,33.979652,27.245663,16.636362,08:55:30 22 Apr 2021,http://www.surveyusa.com/client/PollReport.aspx?g=9e47f895-86aa-4fa6-bc8c-1fd676745cdf
2022-06-08,2020-03-09,2020-03-11,1,Change Research,B-,0,1.3810825,0.0,False,lv,all,1541.0,24.0,26.0,39.0,11.0,20.364164,31.414765,36.134191,11.80507,08:55:30 22 Apr 2021,https://www.cnbc.com/2020/03/15/americans-worry-coronavirus-will-cause-recession-cnbcchange-research-poll.html
2022-06-08,2020-03-09,2020-03-10,0,SurveyMonkey,C,0,0.32669377,0.0,False,a,all,2111.0,36.0,39.0,15.0,7.0,31.087496,41.440398,16.575088,7.3871104,08:55:27 22 Apr 2021,https://www.surveymonkey.com/curiosity/fortune-poll-coronavirus/
2022-06-08,2020-03-08,2020-03-10,1,YouGov,B+,0,0.57003161,0.0,False,a,all,1500.0,14.0,35.0,35.0,16.0,18.673872,33.032376,33.092027,15.485143,08:55:30 22 Apr 2021,https://docs.cdn.yougov.com/vrbl9mmctz/econTabReport.pdf
2022-06-08,2020-03-06,2020-03-09,0,Morning Consult,B,0,0.37520963,0.0,False,a,all,2200.0,35.0,36.0,14.0,4.0,31.675954,39.575784,17.595179,4.6301942,08:55:27 22 Apr 2021,https://morningconsult.com/wp-content/uploads/2020/03/200326_crosstabs_CORONAVIRUS_Adults_v4_JB.pdf
2022-06-08,2020-03-05,2020-03-09,1,Harris Insights & Analytics,B+,0,2.1179681,0.0,False,a,all,2019.0,30.0,32.0,24.0,15.0,30.807314,32.37577,23.730843,13.577854,08:55:30 22 Apr 2021,https://theharrispoll.com/wp-content/uploads/2020/03/Harris-COVID19-Wave-1_tabs.pdf
2022-06-08,2020-03-02,2020-03-08,0,SurveyMonkey,C,0,0.39914553,0.0,False,a,all,2593.0,33.0,40.0,19.0,6.0,28.087496,42.440398,20.575088,6.3871104,08:55:27 22 Apr 2021,https://www.surveymonkey.com/curiosity/nyt-march-2020-cci/
2022-06-08,2020-03-06,2020-03-08,0,Global Strategy Group/GBAO (Navigator Research),B/C,0,0.88206429,0.0,False,rv,all,1000.0,36.0,37.0,16.0,11.0,43.366384,31.246419,14.314405,10.060851,08:55:27 22 Apr 2021,https://navigatorresearch.org/wp-content/uploads/2020/03/March-2020-Navigator-Coronavirus-Toplines.pdf
2022-06-08,2020-03-05,2020-03-08,1,Quinnipiac University,A-,0,1.7037077,0.0,False,rv,all,1261.0,18.0,36.0,26.0,19.0,12.717899,37.326989,29.201826,19.41204,08:55:30 22 Apr 2021,https://poll.qu.edu/national/release-detail?ReleaseID=3657
2022-06-08,2020-03-06,2020-03-08,1,Global Strategy Group/GBAO (Navigator Research),B/C,0,0.75175643,0.0,False,rv,all,1000.0,28.0,29.0,28.0,15.0,24.40383,30.869499,28.031613,16.220083,08:55:30 22 Apr 2021,https://navigatorresearch.org/wp-content/uploads/2020/03/March-2020-Navigator-Coronavirus-Toplines.pdf
2022-06-08,2020-03-03,2020-03-05,0,Morning Consult,B,0,0.35984993,0.0,False,rv,all,1990.0,38.0,37.0,12.0,5.0,34.675954,40.575784,15.595179,5.6301942,08:55:27 22 Apr 2021,https://morningconsult.com/wp-content/uploads/2020/03/200311_crosstabs_CORONAVIRUS_RVs_v3_YW.pdf
2022-06-08,2020-03-02,2020-03-05,0,SurveyMonkey,C,0,0.58734343,0.0,False,a,all,3744.0,34.0,40.0,19.0,6.0,29.087496,42.440398,20.575088,6.3871104,08:55:27 22 Apr 2021,https://www.surveymonkey.com/curiosity/wsj-survey-coronavirus/
2022-06-08,2020-03-02,2020-03-03,0,Public Policy Polling,A-,0,1.4701379,0.0,False,rv,all,866.0,36.0,36.0,21.0,6.0,37.251833,35.724255,19.628075,6.0446085,08:55:27 22 Apr 2021,https://www.protectourcare.org/wp-content/uploads/2020/03/Coronavirus-Poll-Memo-And-Results-3-20.pdf
2022-06-08,2020-03-01,2020-03-03,1,YouGov,B+,0,0.61195285,0.0,False,a,all,1500.0,14.0,33.0,35.0,18.0,18.673872,31.032376,33.092027,17.485143,08:55:30 22 Apr 2021,https://d25d2506sfb94s.cloudfront.net/cumulus_uploads/document/3rdraw493c/econTabReport.pdf
2022-06-08,2020-03-02,2020-03-03,1,Public Policy Polling,A-,0,1.4701379,0.0,False,rv,all,866.0,24.0,33.0,30.0,12.0,23.931091,32.904828,29.39987,12.768076,08:55:30 22 Apr 2021,https://www.protectourcare.org/wp-content/uploads/2020/03/Coronavirus-Poll-Memo-And-Results-3-20.pdf
2022-06-08,2020-02-28,2020-03-01,0,Morning Consult,B,0,0.43026137,0.0,False,a,all,2201.0,38.0,33.0,13.0,5.0,34.675954,36.575784,16.595179,5.6301942,08:55:27 22 Apr 2021,https://morningconsult.com/wp-content/uploads/2020/03/200271_crosstabs_CORONAVIRUS_Adults_v2_JB-1.pdf
2022-06-08,2020-02-26,2020-02-28,1,YouGov,B+,0,0.42585016,0.0,False,a,all,1000.0,16.0,31.0,27.0,16.0,20.673872,29.032376,25.092027,15.485143,08:55:30 22 Apr 2021,https://projects.fivethirtyeight.com/polls/20200318_National_HPYouGov_coronavirus_2.pdf
2022-06-08,2020-02-27,2020-02-27,0,SurveyMonkey Audience,,0,0.85379554,0.0,False,a,all,1051.0,41.0,37.0,14.0,5.0,39.791702,36.490195,15.293783,5.63249,08:55:27 22 Apr 2021,https://markets.businessinsider.com/news/stocks/large-majority-of-americans-economy-massive-hit-from-coronavirus-2020-3-1028959079
2022-06-08,2020-02-24,2020-02-26,0,Morning Consult,B,0,0.48446321,0.0,False,a,all,2200.0,32.0,37.0,18.0,6.0,28.675954,40.575784,21.595179,6.6301942,08:55:27 22 Apr 2021,https://morningconsult.com/wp-content/uploads/2020/02/200260_crosstabs_CORONAVIRUS_Adults_v2_JB.pdf
2022-06-08,2020-02-23,2020-02-25,1,YouGov,B+,0,0.65977149,0.0,False,a,all,1500.0,10.0,30.0,40.0,20.0,14.673872,28.032376,38.092027,19.485143,08:55:30 22 Apr 2021,https://d25d2506sfb94s.cloudfront.net/cumulus_uploads/document/zye3phsf7t/econTabReport.pdf
2022-06-08,2020-02-13,2020-02-18,0,Kaiser Family Foundation,,0,1.8669666,0.0,False,a,all,1207.0,22.0,35.0,28.0,15.0,26.94042,33.170763,25.812578,13.449881,08:55:27 22 Apr 2021,http://files.kff.org/attachment/Topline-KFF-Health-Tracking-Poll-February-2020
2022-06-08,2020-02-13,2020-02-18,1,Kaiser Family Foundation,,0,1.7641014,0.0,False,a,all,1207.0,22.0,21.0,33.0,23.0,22.541478,22.69394,34.257786,20.599986,08:55:30 22 Apr 2021,http://files.kff.org/attachment/Topline-KFF-Health-Tracking-Poll-February-2020
2022-06-08,2020-02-16,2020-02-18,1,YouGov,B+,0,0.73602601,0.0,False,a,all,1500.0,10.0,28.0,42.0,19.0,14.673872,26.032376,40.092027,18.485143,08:55:30 22 Apr 2021,https://d25d2506sfb94s.cloudfront.net/cumulus_uploads/document/m3wzkd0n59/econTabReport.pdf
2022-06-08,2020-02-13,2020-02-16,1,AP-NORC,,0,1.3742159,0.0,False,a,all,1074.0,22.0,23.0,37.0,19.0,17.914924,24.125878,37.565118,21.188798,08:55:30 22 Apr 2021,http://www.apnorc.org/PDFs/Omnibus%202020/February/topline_omni_feb_full_v3.pdf
2022-06-08,2020-02-09,2020-02-11,1,YouGov,B+,0,0.84234109,0.0,False,a,all,1500.0,11.0,28.0,39.0,22.0,15.673872,26.032376,37.092027,21.485143,08:55:30 22 Apr 2021,https://d25d2506sfb94s.cloudfront.net/cumulus_uploads/document/79zfxkws33/econTabReport.pdf
2022-06-08,2020-02-07,2020-02-09,0,Morning Consult,B,0,0.69827065,0.0,False,a,all,2200.0,23.0,32.0,24.0,9.0,19.675954,35.575784,27.595179,9.6301942,08:55:27 22 Apr 2021,https://morningconsult.com/wp-content/uploads/2020/02/200214_crosstabs_CORONAVIRUS_Adults_v4_JB.pdf
2022-06-08,2020-02-07,2020-02-09,1,YouGov,B+,0,0.5891037,0.0,False,a,all,1000.0,11.0,24.0,33.0,20.0,15.673872,22.032376,31.092027,19.485143,08:55:30 22 Apr 2021,https://projects.fivethirtyeight.com/polls/20200318_National_HPYouGov_coronavirus_1.pdf
2022-06-08,2020-02-02,2020-02-04,1,YouGov,B+,0,1.0011308,0.0,False,a,all,1500.0,13.0,26.0,43.0,18.0,17.673872,24.032376,41.092027,17.485143,08:55:30 22 Apr 2021,https://d25d2506sfb94s.cloudfront.net/cumulus_uploads/document/73jqd6u5mv/econTabReport.pdf
2022-06-08,2020-01-31,2020-02-02,0,Morning Consult,B,0,0.75642924,0.0,False,a,all,2202.0,26.0,32.0,25.0,7.0,22.675954,35.575784,28.595179,7.6301942,08:55:27 22 Apr 2021,https://morningconsult.com/wp-content/uploads/2020/02/200191_crosstabs_CORONAVIRUS_Adults_v2_JB-1.pdf
2022-06-08,2020-01-27,2020-01-29,0,Morning Consult,B,0,0.83062088,0.0,False,a,all,2202.0,19.0,33.0,23.0,11.0,15.675954,36.575784,26.595179,11.630194,08:55:27 22 Apr 2021,https://morningconsult.com/wp-content/uploads/2020/02/200167_crosstabs_CORONAVIRUS_Adults_v2_JB-1.pdf
